10
5136 4392 533
4163 2042 113
324 4162 89
2092 4134 106
3574 569 93
2410 282 93
2865 1001 95
2189 1946 93
193 2223 109
3822 2440 95
3991 4003 105
2722 1973 93
928 4041 117
97 992 80
3073 4139 115
589 2005 107
2155 1196 105
4716 2079 89
4277 2829 102
4227 3843 107
1236 256 117
4008 1538 106
2390 1338 93
4609 2676 81
4095 1204 109
1346 272 115
327 1066 84
1470 4327 100
4126 838 89
4965 2736 92
233 610 110
4620 1820 120
2026 3396 92
253 2270 82
1492 2016 103
3736 4121 118
874 276 119
70 2350 118
3991 723 113
769 3274 89
117 303 87
850 3863 115
2928 338 116
1828 104 83
2875 3890 88
3890 152 116
993 3937 111
2280 1980 104
1786 3961 114
1554 3344 102
3356 2762 93
3990 2913 99
4553 3044 82
2915 2318 106
1354 1835 107
3473 2165 88
1867 3921 89
168 722 116
1622 3517 83
381 769 92
1424 497 86
3117 1907 114
3970 4096 116
287 797 102
1303 1194 85
39 1959 83
4046 2431 99
1889 3759 91
2133 1869 91
382 1892 97
1866 3782 82
4067 2217 110
3613 1165 106
3765 1088 114
297 294 85
740 3399 116
2255 876 100
838 3115 84
2075 766 115
1991 3014 86
2522 2654 83
5045 1080 119
724 2966 94
4582 4211 99
3125 4038 80
2134 504 116
4461 1928 112
4731 956 100
4518 3776 82
2260 3432 120
581 1888 119
3339 490 108
3397 3794 90
714 1767 106
4105 58 89
3553 3969 116
2181 3588 88
3494 1496 114
4301 1574 91
2612 1597 102
1784 4286 93
5015 3061 120
116 2195 114
489 3327 119
3143 945 118
2774 3547 82
1098 2631 100
3009 2796 97
3194 1718 112
2921 4142 89
1070 805 104
3743 1991 107
4368 4338 97
2310 814 108
2577 4309 120
2745 1748 104
4524 403 118
2842 3965 116
370 586 119
4418 2397 110
3078 1419 97
4555 536 115
3486 4142 108
1815 4261 102
109 954 117
482 762 106
3891 2815 91
4550 3450 83
2961 1018 89
3492 1108 81
431 2280 105
3059 1364 120
2639 185 94
1187 231 101
4502 1883 116
2027 1617 111
1766 775 82
4184 560 118
2621 2912 114
4681 468 120
4733 4123 101
3072 4210 100
701 514 90
2378 3823 114
3217 3858 103
4193 1862 105
315 2807 85
5070 1846 107
1664 2256 84
3979 4022 109
2368 1899 119
2852 4321 95
3063 1199 108
2725 861 108
4313 2948 111
862 2837 88
2223 3937 119
426 742 80
3575 3432 91
2826 4129 115
2264 1520 92
5108 3230 80
100 514 112
4391 452 80
1179 4322 119
2054 1977 112
5016 3444 107
1217 2499 112
2320 3467 88
3307 3604 105
2611 3368 102
5108 1395 102
3471 1537 117
1016 1286 107
688 1115 96
909 4235 102
2365 1772 87
974 3014 95
1207 782 111
910 4128 105
2922 2277 100
2796 2165 115
3383 237 110
197 4168 110
4631 0 82
1455 609 92
143 955 97
4410 2242 100
3097 1213 103
1294 184 114
2348 2485 97
2916 3732 111
1682 2571 90
4372 992 95
2558 564 84
3455 3091 95
318 2854 117
5070 1984 86
3355 1075 90
3906 186 115
3531 1991 107
1277 2030 90
4568 1376 85
3764 4217 120
3689 1080 98
5063 1130 90
2883 2181 91
3444 2951 89
4890 4355 92
3461 3256 119
2866 2113 119
2230 2236 105
1312 406 107
4581 2926 89
4309 3522 91
2848 1350 89
5075 57 114
2764 4242 82
3385 1071 93
3039 501 100
29 976 85
4244 2986 88
3478 3295 109
172 1242 92
1885 1666 101
1190 1254 104
1131 4241 114
407 3499 100
3722 2377 87
4757 75 88
4051 863 107
1624 2968 96
9 1803 89
457 2597 102
2178 263 119
2888 3969 89
2088 1215 103
4629 3757 88
4888 4372 89
1717 949 91
4620 3644 86
1902 3785 85
171 4167 120
1269 1765 84
2122 2767 110
2114 2713 109
1096 2825 91
1635 2950 88
763 3274 110
2273 3242 85
1921 3364 116
1618 464 114
2592 2766 119
1664 3264 111
148 3860 91
3258 4029 115
131 1302 110
5022 1568 85
1282 1734 100
2604 2733 108
4834 474 107
4918 3145 91
1550 1193 84
1158 3541 104
4048 890 119
1245 3471 89
15 1234 101
4837 511 107
3752 2917 119
4801 1421 107
4494 2664 107
773 828 95
4732 128 117
1933 3261 92
138 3851 92
1903 3627 98
3607 3155 81
1895 1696 106
4042 3128 96
3190 98 85
2009 3727 82
724 2462 103
2853 3053 100
1239 3392 84
4294 4239 110
1061 2569 112
1839 167 116
1381 1490 118
2329 1258 106
2274 4074 117
1304 3076 80
2815 4296 84
3531 4009 83
1986 4277 112
1459 820 102
1358 2990 92
3978 221 101
4724 2295 99
1869 2662 91
5007 541 90
347 2540 117
4533 576 88
378 1185 114
1615 393 111
1103 3684 94
149 536 84
2614 2002 117
500 739 104
4775 1552 92
3053 3086 110
3787 1710 110
4419 1096 85
2093 3223 81
2031 1480 96
3466 2018 101
2571 1833 89
3291 3184 95
1871 3476 114
1562 2472 83
2200 3875 115
3893 262 89
2373 4338 102
2598 2285 85
2252 3696 103
439 2403 116
975 3629 118
5135 1599 110
4812 1279 87
3867 2802 96
2231 1662 88
1170 795 92
4747 2762 107
2196 1326 92
3740 2293 118
435 2777 117
1197 3103 92
2149 1886 97
909 709 95
277 3391 89
3821 2361 90
790 804 108
2480 2329 92
1433 2988 110
2618 2684 114
2402 858 111
4955 790 103
3609 1324 93
2512 285 90
2223 2274 84
4484 2815 102
1546 4184 91
997 1441 108
3207 735 112
1265 1796 101
4532 2064 101
2950 1262 81
3322 409 119
229 365 84
3149 1723 82
4228 351 98
4367 1442 120
5087 1263 86
1536 4245 80
4283 1912 95
4960 1005 102
99 3915 99
1227 2220 92
1460 3230 81
658 2862 90
3964 288 83
4323 1881 98
3334 4285 105
1037 3893 102
515 4326 84
4106 3321 98
70 486 109
2157 1082 103
5050 1 89
1642 4307 119
722 1299 96
2536 3958 96
5110 3551 104
2259 1455 120
2477 1261 102
924 3687 98
1960 2848 114
4445 2277 105
5116 4165 91
688 1254 102
4729 3822 93
1826 2486 95
1186 1392 88
1320 1429 100
1406 985 104
3855 3947 81
3959 1588 92
3650 1067 117
1817 4165 105
747 1791 86
3490 1059 84
3904 1220 109
4610 2027 119
179 1681 98
3550 3093 114
4674 395 81
2346 520 117
516 4186 88
4038 1250 119
1600 1239 84
2286 3670 101
3626 305 119
175 3465 89
2539 2390 114
214 2186 112
623 310 105
2863 1225 120
667 1003 91
370 2568 109
4726 670 100
2694 774 93
2349 3546 95
566 4048 96
5029 1155 104
4743 435 108
618 590 83
3719 910 120
1301 3556 84
4237 1782 97
3061 775 95
2647 418 117
524 102 94
5029 2525 101
4774 1319 116
4509 90 87
116 2144 114
3257 2568 99
2586 2702 102
5086 4270 114
2056 3395 113
386 3833 120
3245 4027 84
4405 276 108
2615 879 105
769 1408 88
3780 643 80
1384 3374 89
127 373 96
2660 118 115
1 1088 110
716 2994 100
598 2955 93
721 1496 120
3998 1992 100
1014 3640 101
2804 480 93
3254 3920 94
4041 2461 110
2051 2973 120
4866 2230 113
1265 3274 87
252 243 100
2432 215 118
329 2900 97
2964 346 80
4265 2069 80
4061 4029 104
2854 2519 89
821 508 117
4307 3031 98
1668 2299 82
2403 4240 112
1753 289 109
1056 2665 101
1068 817 92
3797 3589 117
1279 3723 118
1477 1923 82
1859 1631 111
13 697 86
3468 1443 102
4595 485 90
4012 889 102
663 1564 117
3655 3988 89
138 217 97
4350 1107 105
790 1919 115
1576 311 86
227 743 85
1818 159 96
4908 2701 91
3526 2524 93
3309 4111 114
3221 2618 120
4011 1465 82
3604 1318 101
2449 2043 91
4895 2928 119
3138 1598 119
3054 3215 118
2770 862 108
4584 1584 95
560 1593 84
80 3874 86
4732 2492 81
1227 2589 109
3248 1501 84
4489 3879 117
2418 3158 94
4164 3659 108
409 342 103
1593 811 96
597 1454 114
4172 340 93
1217 4021 113
2060 2302 86
731 1981 84
3266 3469 99
4816 527 103
2470 1660 110
1331 1616 104
1338 844 103
3218 3565 104
322 813 83
4958 3613 92
4822 1661 111
2140 980 107
1586 1034 92
3614 776 118
3484 4356 81
2009 2462 113
3421 920 110
1230 200 86
4785 1702 110
8210 6610 382
733 5482 110
5380 1744 103
3657 3040 105
3029 2374 95
191 4560 99
5815 3544 87
1503 3963 114
7705 3805 98
4710 4358 101
4990 2780 100
3112 630 114
6801 1951 103
7521 3856 102
187 2304 97
3438 2814 117
856 1594 105
2702 1328 86
5943 5812 88
7938 420 86
7458 4774 114
4075 4606 109
7122 1395 80
7110 5498 94
576 2880 85
7346 3030 115
2488 5533 83
7494 6010 101
4314 960 83
1463 5695 93
5992 2764 104
5392 4823 118
1802 420 112
2856 3677 88
5251 1391 86
7000 1758 103
4376 5407 115
6542 253 96
7039 2779 97
6449 2189 102
7884 5235 115
5981 2433 92
5108 865 93
7124 1140 89
193 4460 108
2665 3694 98
394 5742 82
7641 3384 107
1804 3805 105
7917 5614 81
6781 2122 103
4492 324 96
8043 1826 91
8058 2779 88
566 5001 120
6004 3815 87
3144 998 104
2100 6554 89
1357 877 101
4179 3969 103
4776 5620 110
8008 5940 110
4027 4082 112
4597 6576 81
6824 4420 91
612 1174 80
7775 220 97
4003 501 104
7428 4573 111
4933 5709 100
384 525 110
7306 1788 100
7359 4258 85
4013 4491 117
4496 5836 108
7073 696 105
1368 2655 90
7959 5899 118
4001 1415 98
152 5798 111
2961 4916 90
1463 511 88
3663 5497 112
5612 2188 107
3550 2896 119
1384 5449 103
7747 2189 85
3255 4436 91
3429 394 107
6525 272 97
7313 3528 86
2146 5195 98
7449 5362 93
7304 5913 87
6686 4610 82
3616 4440 118
1465 5501 83
7396 6540 87
8143 4465 82
1449 2748 86
5079 4632 110
5474 5228 104
627 3187 94
6452 6460 120
5335 3202 91
3300 1572 108
2735 1382 108
6928 4905 111
5505 2286 84
4204 6204 105
1444 4445 108
1033 6031 106
1798 1563 90
3656 4228 95
428 226 87
4485 5837 88
7963 786 105
650 4398 92
3067 2571 114
4087 5248 106
5244 2509 108
7210 1822 98
4064 5413 115
92 1001 89
4005 4044 89
2947 6528 97
5051 6580 120
457 4390 116
4112 3147 89
1029 1630 117
2573 4062 110
3336 3806 108
7689 5692 93
6916 6121 83
7258 4324 108
3216 1955 104
1945 2618 112
5298 3704 114
355 316 113
7793 4585 119
769 5029 109
1521 3229 80
645 4750 91
2813 6262 92
4924 1253 100
6920 1357 80
2015 1731 111
7478 1196 84
3463 2908 109
3183 1487 97
2668 3200 92
2081 5449 106
5273 1253 95
4059 975 82
978 1137 116
1455 395 83
3428 582 117
3826 3827 112
7308 5992 110
6575 6527 87
1463 528 99
5183 508 99
4726 5711 92
2205 2881 80
2105 3206 118
5089 4510 110
4258 4198 93
2235 917 87
6844 2425 98
297 1098 120
7196 6054 91
7758 490 115
771 432 115
7335 4525 112
2298 4698 116
3103 4227 118
3761 3965 89
793 2093 116
6253 1378 82
1597 3361 112
6042 5408 118
3241 1181 120
7636 1222 109
4415 4974 81
1204 1982 106
2152 1030 104
7 2639 109
6808 3065 99
7688 1888 103
7467 3934 100
6663 6407 99
5736 5365 87
5856 469 111
7882 2887 117
4579 6141 97
3932 3075 89
773 624 82
737 5732 118
1303 3161 113
4787 3795 82
5830 191 115
33 2956 82
1357 6005 103
1519 5035 116
3897 696 102
1216 990 80
8086 1284 104
4521 5014 90
6853 1864 91
4398 3137 81
3629 1544 106
3526 4305 108
8177 6388 90
144 3651 92
3542 480 87
6852 5357 101
8075 1661 86
3611 3869 114
4432 5566 86
5423 234 119
3374 4758 112
41 2067 86
5291 3717 87
3214 3341 93
5999 4019 80
2022 2171 107
1496 6194 100
3241 6217 102
607 3926 100
8102 5367 119
917 2513 92
1194 5735 91
2203 6076 94
4921 4412 99
2709 3765 82
5691 1189 84
1288 5898 101
643 5672 110
4331 3954 103
6783 1510 106
7554 4881 82
1055 634 99
2231 1249 102
2223 1626 95
3237 5625 110
6409 5351 113
1504 5197 98
2176 1968 98
1180 2950 87
7220 4492 103
1905 2205 120
8190 821 117
2601 6512 98
5774 2947 100
6354 1663 94
1228 3626 85
8029 4122 116
2326 3570 103
3924 3065 94
8033 4809 99
7929 644 113
5513 1314 92
6538 2785 83
2975 2908 116
345 1732 108
4206 45 118
7819 431 110
731 3413 91
1473 4848 93
3597 1455 86
3126 3272 92
6474 562 102
301 1912 104
3742 2535 98
2808 2764 100
8189 2568 105
2133 5426 84
7155 5625 120
5639 6462 96
4448 4426 120
5778 120 117
745 3952 95
5815 1604 95
6259 4709 90
2104 676 86
4768 390 86
6090 3501 82
7002 3807 86
2664 5457 92
3833 5412 87
5140 4676 106
6852 1867 84
5545 6425 88
918 402 99
6317 5174 98
2480 5730 82
5644 947 104
448 3709 95
5991 6392 94
5054 3623 96
5967 1828 81
5143 6598 85
977 2826 114
5189 3717 108
5015 767 111
6057 4156 112
7207 5575 92
4353 6200 119
472 2582 87
619 6137 120
4632 2355 85
424 4115 83
7232 6072 112
1613 2747 114
6014 3415 117
4337 2745 99
8023 2282 109
6819 4327 95
1498 218 104
379 2782 92
6262 4886 116
6682 5754 109
7352 1503 105
1418 5164 102
1635 6394 97
7555 5740 117
5889 4352 81
5198 5524 97
8070 1937 117
1228 2543 90
3899 3091 89
1373 4819 94
676 2498 88
5329 2871 100
3736 6296 117
1619 324 115
1721 294 93
6698 6008 102
1877 5808 81
3246 2845 83
2886 2457 80
6602 5117 98
4421 4264 107
6345 5801 92
195 5483 110
7563 6566 111
1517 3643 114
4042 3184 99
2681 1299 118
2308 1138 111
7137 2149 96
6959 6507 101
3569 4390 89
8056 1237 82
5809 2221 109
7012 503 113
5649 280 94
2673 3782 98
3591 1983 117
5279 1532 108
6884 2860 119
2961 2102 81
1107 2244 116
1999 1539 101
5547 1546 106
1210 1095 118
1823 4516 115
7674 302 88
4215 5035 105
1255 1435 88
7214 3418 105
6248 6268 92
6917 6046 86
853 2828 107
4023 3550 105
2632 3204 91
4960 1948 86
5395 1858 120
571 2409 115
3747 5819 92
2365 2880 92
3173 5964 83
5781 173 114
4962 2828 290
4816 2584 103
3637 1769 119
4919 2797 108
4359 1488 84
3036 2070 109
1318 2591 113
428 2676 82
2077 1586 115
639 1142 93
3656 2301 85
2905 346 112
4437 1403 119
3610 1682 104
1322 262 92
3138 360 102
2689 1310 87
4352 2308 100
3410 1466 96
3322 1638 108
1568 2544 91
1298 2795 89
275 1122 82
1577 1994 112
2412 340 86
1435 141 95
3206 2002 115
4055 1872 101
1953 2390 111
1380 2726 103
1451 1240 91
606 704 85
1664 2441 112
3028 980 115
2627 1228 99
189 1117 117
1130 2037 117
733 253 85
1306 2545 92
3643 937 107
2138 1983 103
3886 2672 83
3690 304 103
4667 944 80
3948 650 87
398 2402 82
7 322 91
149 1755 109
602 2729 91
4947 2765 114
4763 844 87
1472 1495 88
4258 150 88
470 566 96
565 735 116
4750 2043 119
291 161 99
4226 70 81
1093 912 101
1319 426 94
3085 1259 92
4953 811 90
3636 1660 84
233 942 90
3033 912 94
854 1853 81
2701 784 108
3036 2647 117
4532 2235 92
2957 175 91
3072 2136 118
2858 1586 91
14 1741 95
2117 1289 118
3399 281 93
818 1755 94
1418 749 86
2670 1119 98
4695 2240 101
2547 2287 119
915 2300 104
1836 1104 89
952 708 94
3486 2212 106
1203 810 94
1855 1434 87
3253 213 81
629 1619 91
3031 2440 111
3615 160 106
1082 1898 110
2228 2136 98
920 2569 116
3162 628 112
3467 527 81
974 871 102
4801 2426 82
3407 1476 113
3125 1960 89
72 1037 105
4487 1164 85
4783 2500 86
3144 1294 101
4268 2229 115
3992 886 97
4093 2062 117
1280 1112 104
4683 937 98
3807 1921 87
1109 246 100
1610 145 110
399 1029 85
3508 1573 82
4261 2287 109
3343 1358 91
2469 382 93
3244 994 84
411 2080 83
881 675 103
645 1093 91
1866 2767 110
1071 2263 83
2349 1313 109
290 672 88
3004 1690 83
2957 1908 81
519 589 80
1602 1745 109
4206 2326 81
2172 67 109
2544 2181 85
819 1007 100
3994 1169 105
1053 2287 119
3947 1149 92
2715 1995 93
4156 0 116
3992 2685 110
3165 1815 97
2810 2062 99
1368 815 119
37 130 94
3681 681 90
4169 233 104
2975 1001 96
3832 134 83
3842 1113 100
4446 2019 101
2545 1146 104
3781 418 119
2770 1611 118
3859 1654 96
4569 2704 82
345 2744 92
519 2489 112
2893 310 94
2152 88 120
4119 423 89
207 1781 112
3406 1152 81
2109 989 116
3832 1309 111
4008 2777 110
1887 199 97
1244 1731 110
4258 1952 107
3820 1910 88
1479 2481 109
1156 686 99
4193 315 84
1409 1076 113
2619 1621 103
4367 2063 120
3604 1640 109
913 149 94
3045 2497 104
2499 884 116
3408 2540 82
734 549 86
4569 1578 116
1351 2613 93
2515 1719 91
1236 1120 117
1925 828 95
2687 1070 103
469 729 104
4529 1119 104
1588 2254 81
3236 839 94
218 2137 110
4931 1002 117
1286 2691 120
1025 2645 83
2399 2694 90
3009 2631 108
3904 19 88
3493 2765 84
2858 1135 112
2989 1216 97
2413 1152 92
4224 1096 113
2417 56 118
661 2203 120
2632 1989 91
3373 1530 98
2814 37 83
3081 990 117
569 1098 96
2909 2546 118
114 1066 96
2625 2270 85
3974 1760 113
1049 2699 93
4809 1640 98
2445 2510 110
2889 2146 88
2335 1006 91
1801 1645 116
4815 344 102
1863 2273 120
1357 619 105
4506 98 95
4035 2006 83
553 637 96
156 52 117
144 2822 86
1415 1236 114
2539 1633 116
2310 143 106
986 709 116
1601 2384 106
2892 298 85
3441 2055 81
1595 1997 98
3996 862 80
2391 1530 83
2982 1888 113
4343 1951 116
981 2613 119
2864 2628 106
765 1025 98
4296 884 111
1655 537 110
1834 2193 110
3180 319 102
4754 2729 93
2497 1329 109
2424 530 84
338 1488 89
937 1891 108
2199 1793 81
3297 2264 83
2717 74 99
224 2022 89
713 788 94
3118 2577 116
3286 2317 98
2576 2117 116
1489 2228 111
3455 1482 82
3293 1484 92
1527 2535 97
3665 33 112
1855 1375 113
401 1401 93
1977 32 85
1009 168 85
2466 2134 92
4005 1051 108
1721 2749 97
3208 1142 84
1649 2706 92
2172 1343 119
2753 2616 117
285 1061 96
1335 2730 106
2510 1664 86
4164 1926 89
4403 1874 82
4705 1142 110
4080 1578 84
1776 1342 96
4831 1109 98
4458 343 105
4706 757 108
158 2241 107
1005 443 88
4441 1833 82
2996 1417 86
1576 932 81
930 432 116
5316 3680 849
3183 394 94
4161 2149 115
2432 2095 116
1005 531 92
5246 3403 109
5027 1933 118
5138 20 95
4094 2477 111
4064 1125 86
3195 512 80
41 1919 87
3370 2325 103
4563 587 82
359 1947 90
5276 1230 118
309 2537 81
3886 335 85
1230 2351 111
5009 3402 103
3449 1739 113
3056 2956 110
3396 2955 108
3381 1379 108
3230 2397 97
1480 1627 104
4920 2533 96
1255 3503 90
2147 1989 116
2323 894 89
2250 1192 118
3455 1271 94
3339 1358 105
443 3308 100
1843 1081 106
1279 2342 116
1683 2634 120
3526 152 95
754 3597 108
2826 1638 82
5282 2258 108
1998 1912 98
3509 1568 117
3502 3075 92
3565 2311 88
3007 712 84
4157 214 105
3877 1028 112
3476 1647 98
4357 3063 83
4540 3496 88
9 2578 81
779 2390 107
4053 2919 80
2492 88 97
2847 3331 109
4475 2593 100
1173 2656 97
2831 360 91
447 2113 109
2760 2456 82
1293 1895 82
4277 3333 116
972 970 101
3601 3082 84
5043 2963 94
5129 1951 87
2954 356 99
2876 25 96
4988 2225 107
750 3289 119
5064 3475 120
3999 3381 118
0 1996 113
1229 3437 114
4858 1144 90
92 429 92
2698 1796 115
592 3234 105
5169 3166 83
4179 1546 80
779 3084 89
744 1495 116
2192 2566 82
3088 834 83
1533 3273 105
3214 2763 99
1889 3404 88
3011 1614 98
2000 2113 104
4116 1035 109
679 776 118
1500 2039 85
4078 3173 88
2727 2853 87
274 3148 92
29 1061 93
1234 1244 120
1458 2350 83
3901 128 119
4076 1042 80
4919 842 93
3176 1511 108
193 3227 108
4043 1344 80
5222 3628 105
4922 2031 103
572 1283 110
2037 1866 96
1347 3091 95
4856 3348 97
4484 897 120
3676 3551 95
797 2907 110
5164 73 100
4302 2581 83
3054 3043 117
1536 3113 115
3013 256 97
5275 2135 82
2716 2807 82
4770 1930 99
4857 3499 87
464 21 86
3791 3343 103
2755 2831 105
1018 1656 116
2917 431 95
1441 2800 111
3238 2363 117
3001 2970 101
211 501 82
3638 2289 86
3295 2970 108
1189 563 102
3101 587 91
468 341 117
4219 1422 98
38 2641 112
5305 544 113
3126 800 87
4817 832 111
5010 2064 80
1567 1666 105
4247 3670 88
1223 1082 108
237 569 90
1328 13 92
1986 3256 81
5022 2555 94
3241 3490 93
2643 253 90
454 2764 105
2185 445 118
271 2071 106
2291 785 112
1429 2438 82
2873 3319 104
2885 3448 108
647 1 95
2715 2411 91
1094 2892 113
544 959 112
1720 2173 101
1371 2281 115
326 2240 86
5199 144 115
2167 1001 113
852 1129 86
2883 760 115
2076 17 87
597 1877 88
4722 1040 90
5107 723 107
1910 1243 101
3288 1710 109
3013 1117 107
2261 3246 107
3766 2584 106
3733 2911 87
2647 1300 115
5270 2743 100
4696 2020 109
4116 2361 91
2149 3092 117
4427 1639 97
4872 2611 101
4714 2902 113
4481 2426 105
2300 1110 90
4457 2328 103
4828 2956 88
2351 890 108
2448 2449 95
1691 249 98
106 3656 83
4725 2520 86
1776 3625 117
3798 2112 99
3536 509 103
1431 1396 115
4191 1263 85
4284 3410 96
2010 1998 108
868 576 106
1503 1047 84
2049 1949 105
2381 2225 85
3439 3441 114
2062 2277 108
669 13 96
4813 966 103
355 2954 107
1979 2882 111
577 1564 86
2092 1854 99
4984 1239 104
3803 2218 107
1275 2679 108
2345 697 84
1475 1316 100
3589 1422 89
4035 1561 109
197 2145 105
5191 1292 86
2263 2252 119
4158 146 95
5246 2713 82
4923 2738 82
1279 3163 99
972 1320 90
1811 1262 120
332 3118 116
3008 3360 95
2508 2363 83
2625 3521 119
292 756 81
2427 1833 107
3448 1922 106
4891 3155 116
4694 752 98
435 1818 108
4181 1976 94
1839 2257 83
3509 2263 106
1268 1761 89
2200 2279 113
2281 3363 99
3578 29 110
4786 847 114
3877 2928 101
4410 1752 100
1928 3067 115
1497 2774 120
4683 2168 85
5205 1649 81
281 2152 106
2473 649 105
2946 816 89
1807 1565 108
4416 1615 86
2474 515 109
2880 2866 95
2308 3370 114
288 1521 108
186 1719 100
1379 1283 113
3947 233 118
1683 1512 92
587 814 120
3578 1422 120
2724 1682 115
3386 1094 114
2307 1196 113
1701 2288 106
1379 1266 112
4158 2903 117
709 634 102
792 1717 109
1570 1030 94
745 1811 104
153 322 112
4821 475 117
1111 781 104
2599 3224 90
1770 309 85
2729 2204 94
298 2429 104
4279 16 92
1232 1267 82
1837 1125 83
3288 1323 82
1792 461 104
332 405 112
2758 1162 89
4122 1649 110
4072 3118 86
829 1777 115
957 1398 90
4409 2497 90
3452 1003 115
3146 2665 102
2078 1427 109
1964 2539 113
5186 3159 86
4373 1700 95
4494 1903 87
4327 1333 113
3845 3456 99
4294 1057 85
383 2912 111
3978 3194 108
3787 2542 103
2021 1358 81
2437 2894 84
5297 1351 108
835 3285 106
3218 2678 90
2853 1889 82
4832 1593 92
3831 2362 89
1812 459 100
2763 77 116
1448 1995 85
3280 2493 101
2549 1944 107
4792 502 89
2839 3598 114
4102 1032 104
77 248 86
2169 1908 84
1106 86 103
150 20 80
1553 3126 85
3351 1035 115
5189 2213 95
1701 1483 92
533 1385 100
708 834 91
4923 1732 110
4704 1456 112
4751 1932 111
2717 3337 98
1113 345 109
1615 3191 90
3638 715 105
1984 2819 120
159 1884 90
3477 12 85
1427 429 92
3865 3240 104
1023 126 95
823 2552 109
240 940 113
2222 3454 84
1909 680 111
3334 2517 98
1969 502 108
251 1856 97
4762 1101 89
5196 2635 98
3508 1658 117
508 3238 100
1413 790 116
3739 2344 90
4308 3000 112
4198 781 118
840 2508 113
2380 3340 118
1308 3589 103
3224 3635 90
3236 2510 118
1424 3342 97
1228 3182 82
2805 1180 93
2349 1210 96
4445 210 105
775 1876 87
686 19 102
3038 57 92
152 2760 112
131 3181 91
1424 1992 104
3937 2528 111
5218 2280 113
261 28 94
4625 2097 107
1783 372 100
4048 1650 81
2311 919 87
3838 994 97
201 1684 92
2687 1906 106
5001 1091 111
4699 1187 86
1597 1410 80
4635 1899 107
733 3395 90
870 2279 102
1304 658 84
879 802 93
203 1051 91
1803 2153 116
4178 2246 82
2638 864 87
277 2796 117
1287 472 83
3785 346 91
2370 2788 104
1373 330 116
2819 1048 112
4212 957 111
1483 2509 94
3423 210 113
406 2318 101
1147 3171 109
548 168 86
2826 2849 94
1900 986 100
1416 3320 117
2791 3274 95
475 250 95
3984 2846 89
2545 579 107
843 1156 119
1824 354 104
2082 1655 94
3754 2043 92
1761 3 85
5119 2762 101
3283 2303 81
4825 1451 119
2513 2360 91
1162 3199 113
2906 140 98
3405 2097 97
4218 1681 119
652 2385 82
4557 2642 112
1603 2827 114
2337 1595 110
1674 886 112
3639 1193 107
2511 2288 109
1864 2832 87
4009 3181 81
5136 3552 120
4172 2899 108
4141 1725 87
3370 2128 91
76 1201 85
679 1863 83
2837 2003 90
5102 2064 103
1923 2017 119
3998 2378 80
509 1860 114
696 1705 96
2997 0 112
2460 959 101
4399 3562 98
210 1295 116
2254 2026 99
1697 2151 106
2984 945 112
3478 780 87
3226 3365 109
2406 309 100
2624 2440 95
3194 1986 113
4237 235 83
2574 3237 105
1804 3356 109
3041 720 95
4586 2523 87
3339 2526 107
4196 2927 92
2002 3419 96
1703 2065 119
3342 3113 89
712 153 115
4181 637 94
4196 3599 82
822 878 102
18 2800 84
334 2505 112
4518 2636 90
2036 3062 118
953 3506 88
2941 916 119
1716 2042 115
5166 1600 102
1154 2988 97
3487 2814 100
412 738 119
1705 1655 96
4338 2584 89
68 1228 118
2924 52 85
2192 2467 115
1093 1338 87
79 1577 90
3883 877 107
4651 3357 107
3583 3640 111
4909 410 98
797 3203 80
1112 3083 106
4922 3542 86
3068 275 120
496 3026 107
3168 1725 81
3452 1817 86
4753 1231 95
634 1455 111
22 812 118
3243 1132 109
599 2426 99
3984 2184 108
401 2850 117
4200 2509 92
3383 1929 99
426 2335 104
303 2266 100
2490 3084 88
5217 1839 102
2556 2490 110
4946 572 90
5193 1425 102
4918 1739 89
3772 2889 95
5156 3163 80
1721 2518 112
3255 3243 95
2050 3313 88
546 1841 90
4462 2305 96
3795 2861 105
3243 1539 91
4860 2821 116
3675 1053 107
1610 1844 86
1586 2366 104
201 524 86
857 775 96
1662 647 108
3097 2186 115
436 3611 95
5075 2821 106
1146 20 84
2616 1030 106
3780 2150 82
1799 2172 94
2954 3650 91
1197 1853 102
4265 2745 105
792 3201 113
4803 1637 104
562 2088 115
2697 786 96
3460 1033 116
5230 1114 110
1363 3341 97
5300 288 90
4473 2435 101
2773 2010 106
324 1085 113
4200 1217 118
1384 181 94
4922 2616 90
4225 1896 97
2854 3180 89
4261 2189 103
3765 1802 94
160 1491 108
4307 1130 113
2848 1652 85
4641 468 101
4894 1946 95
3864 2388 95
518 1233 113
2778 2589 119
1293 2852 85
868 848 95
3140 489 118
534 304 90
2515 1711 117
1069 2083 96
4122 919 92
1885 2099 119
844 3140 92
412 695 106
5120 456 118
2232 1196 103
4402 2249 95
3325 226 104
141 2410 117
418 1648 98
4191 2816 93
3051 2764 80
3820 2026 100
2683 1306 86
3963 1775 102
3296 90 87
2178 141 104
2675 3293 83
2355 2529 114
5029 2039 82
3556 2684 120
2825 3160 83
4527 3306 84
135 2794 106
1001 3046 110
1216 3373 117
3926 3173 99
1708 102 119
1820 2341 107
3709 205 86
2746 3162 80
1833 460 104
4313 1209 113
791 817 93
3945 11 92
40 2213 92
4816 73 111
4868 3192 103
2059 595 115
4771 1254 86
4091 3435 105
1797 2912 95
4489 524 95
4894 2761 102
127 2886 118
1906 2885 112
2557 1780 120
5132 1658 95
5015 2133 113
4085 1680 85
3121 2765 118
5221 1218 98
4317 2712 105
1101 1312 112
3970 1978 88
2590 2014 100
3577 3205 109
2183 3279 108
2373 2633 95
3935 544 111
3094 2539 117
2185 3669 119
2858 2114 117
3099 3586 107
1707 2505 97
1632 3409 106
1940 3230 119
24 3402 85
4394 1233 105
4200 675 105
2056 3183 112
4195 2783 107
2980 1047 87
2120 580 110
4732 2752 110
1657 2872 94
3556 653 90
1906 3670 118
2706 1931 80
4236 522 91
4132 3658 101
5193 2153 119
4891 3522 96
650 869 120
3038 828 118
4160 3478 97
2475 452 88
229 2045 83
4037 1882 86
142 1276 110
3893 2591 118
815 2279 112
3473 3500 103
436 2653 114
1966 2699 87
938 1709 116
822 3636 103
1292 2515 90
3171 1594 113
3220 2881 87
2277 769 85
865 3540 99
2230 2829 119
127 2757 111
870 778 96
416 1494 91
4420 1436 80
4759 2363 101
4512 1911 110
1801 2662 96
808 2026 119
458 2216 81
2983 1755 117
715 2846 110
2498 923 81
3976 3029 111
2238 413 100
546 3573 92
43 637 81
251 97 101
2351 2242 94
1289 1761 88
1093 2522 120
657 3007 88
492 1252 95
1992 2841 116
4385 745 114
2567 927 100
4911 935 108
355 2120 92
1328 2230 88
1926 3145 120
1494 1608 116
3215 44 111
3013 3533 96
3113 973 120
1548 3424 84
2134 2120 82
2502 3594 94
849 327 95
4196 3535 84
4964 1185 83
2911 1643 105
3931 2725 117
296 135 114
3408 3274 91
858 3571 116
3955 2926 102
1008 2137 100
3457 1880 96
1995 901 96
1462 2598 111
1675 2717 82
3277 988 88
2847 386 103
1216 260 110
746 3112 103
299 2280 87
212 2900 108
2363 1836 94
3724 727 112
5080 593 108
1051 496 111
1755 2839 95
782 2163 115
5309 2853 81
1260 990 98
223 2764 108
493 1010 107
594 666 105
93 358 115
1386 3419 101
2977 1922 113
4801 1010 88
845 139 98
3045 612 94
2437 736 92
1410 3258 97
2602 3104 82
2654 2985 86
329 3237 101
1908 1363 94
179 1990 85
4050 3104 95
4891 3286 108
407 1361 98
4243 1855 101
4656 1726 116
4685 2646 98
4676 1701 89
1558 869 96
1398 3561 94
1697 1284 97
4156 286 90
4695 2354 113
1229 805 88
2499 1816 98
2739 1910 113
1617 1718 92
1177 1316 118
1808 2192 92
850 3369 117
3072 2347 99
2827 3398 82
4102 1443 108
4290 1468 112
3137 3291 88
2654 2568 112
4863 763 80
2632 1042 96
40 3282 111
4818 2142 108
4926 1558 107
2521 670 84
2395 1829 85
2411 1069 93
387 3599 112
3171 2263 90
1551 43 82
2590 2005 102
548 1026 105
4710 478 97
135 858 100
3858 443 86
2991 2789 86
5180 1256 110
830 3080 109
5132 2714 120
1249 558 117
1535 528 114
2551 1691 90
3717 1989 106
4750 211 118
2010 2041 91
5268 3212 105
5169 3262 104
3806 75 96
30 2695 120
2367 2290 92
955 544 90
4491 54 110
4588 2534 96
1004 3384 114
186 3210 88
1875 2918 115
4552 1494 106
1241 721 102
1222 1481 110
2861 1532 93
2880 784 89
1243 904 99
805 2172 102
601 36 116
2157 1388 90
4354 769 104
1085 2319 98
2593 689 93
4482 1261 106
4927 473 101
527 1156 104
5023 3031 103
2213 2100 120
1595 4669 104
1304 1400 83
569 359 83
803 2720 113
878 819 88
1041 3245 102
799 1516 91
1316 4539 95
1035 578 98
1109 4312 99
951 3757 104
832 3351 111
815 1335 98
640 122 92
932 808 120
393 1564 90
1279 813 95
627 2822 84
952 4595 111
582 3372 90
327 1495 110
655 2505 95
770 3496 88
1479 280 89
419 72 87
1207 2568 96
1049 1132 97
1076 2406 117
184 2104 80
1457 1565 84
292 3434 108
899 2370 107
883 275 108
1179 189 99
1095 1600 81
1505 2869 93
1096 2939 87
66 4386 97
478 4082 109
969 1928 114
182 4368 90
1351 102 115
976 3784 108
311 4009 116
873 2253 82
1301 1736 93
1545 2727 101
498 2833 107
1392 261 98
354 4017 100
571 3255 113
308 658 116
468 3046 111
718 1500 119
1449 155 120
745 3168 87
1245 3073 105
1545 3062 98
1274 3949 101
1251 97 104
1452 2473 85
1307 4177 85
717 2872 86
176 1870 104
622 948 92
33 3273 114
829 2445 116
1425 514 110
895 1253 114
1085 2471 98
108 2988 90
1378 1072 103
285 665 107
422 3108 91
1147 1832 116
455 1818 89
1070 1649 115
1522 2734 85
424 3023 100
493 2109 101
1163 333 114
1209 3310 110
1006 4105 101
1300 1936 88
811 1338 90
1083 4337 86
184 3833 101
428 1573 113
944 1076 101
907 1800 100
1193 4197 107
1261 1890 102
989 4401 88
125 1360 90
336 13 85
153 886 94
951 1934 100
321 2857 85
1056 4584 107
1419 636 81
316 353 115
738 2617 90
841 4658 113
1337 893 103
1457 1141 99
3795 4719 395
1580 3445 86
2222 3616 83
707 970 101
579 4420 103
3292 683 117
192 609 84
1305 3368 91
1342 4151 109
705 3805 100
1119 3184 113
1676 717 105
385 942 108
2614 2779 101
845 619 92
1435 2373 120
2366 767 93
2006 4508 116
1972 3467 80
2781 2609 85
714 275 83
91 1955 82
1208 4619 84
1252 45 91
897 105 87
638 4032 86
468 4471 113
2791 125 82
1512 2600 88
1993 2906 91
3090 3401 110
726 1326 82
1227 1241 85
2719 4075 88
1983 3777 101
2624 2491 96
1639 1891 80
1440 1692 86
1967 3332 112
2798 862 99
2749 1225 95
705 3058 112
52 1878 88
1630 2137 119
137 2082 83
179 1464 83
1855 4283 90
1715 4309 83
1855 1576 82
2609 2942 89
2676 1642 118
3556 2122 105
1392 1460 103
2083 3378 84
2303 3363 90
2043 4320 105
531 904 98
2176 1485 97
783 420 82
1819 1493 110
980 3132 110
2769 3008 118
3087 470 115
791 4510 118
1885 4605 93
3508 3615 94
1331 1869 89
80 4210 84
3044 180 83
2670 3614 112
1577 4672 91
1837 548 115
360 2627 108
824 1643 103
3567 470 96
1306 1361 107
1543 1749 106
46 780 82
1822 1026 81
1444 2059 94
2816 1511 120
1290 362 80
2755 3985 88
2759 2981 92
1809 2530 112
3264 237 96
2754 98 93
1884 3023 90
976 1994 82
1191 729 113
2209 1477 117
3460 947 105
1610 1244 101
2631 2072 105
54 535 80
965 2976 87
3099 3492 105
3159 121 113
420 3132 119
2356 4006 110
520 3549 109
249 697 111
2534 1487 120
3239 3939 110
2621 1772 105
1327 3361 112
3300 3399 100
796 4413 101
1351 1519 116
33 3567 82
2446 1690 104
2145 2864 114
1046 2179 102
2169 2296 88
1923 4311 98
2694 1177 114
3542 3076 84
2607 222 117
1235 654 96
3208 1203 102
2751 3624 118
2657 557 81
1941 2339 108
3428 4305 101
3010 1598 109
2504 3356 102
3442 2308 117
583 285 91
1922 4115 99
2104 1329 100
1925 4663 102
2379 976 106
96 3014 109
3653 4085 111
1690 4407 81
2251 1010 116
2125 2381 117
907 1722 120
612 881 86
1423 3827 116
2029 3879 106
2383 4601 91
1952 1210 97
1971 2970 90
2052 4420 89
595 4256 86
1019 2723 84
1092 3086 104
3503 786 118
3510 2411 100
3552 769 96
2674 2083 110
3306 2186 108
380 3905 107
2099 3718 117
2852 4710 86
1520 1419 89
1153 2866 116
2648 2756 102
410 3435 91
3722 3301 112
2999 4415 100
2450 4580 93
2686 3510 101
2744 1848 93
1610 1609 83
405 3442 113
3142 3513 82
2572 2414 113
1875 4366 82
2179 4123 106
1335 1709 100
1381 1062 87
1768 305 118
3684 3034 107
1897 979 95
2076 228 120
2734 361 94
1008 351 112
2502 1052 87
2316 4246 88
3199 3085 114
2041 4145 94
2167 2343 104
2207 2743 105
1382 3149 103
2527 3175 112
303 4059 101
595 746 92
152 2435 97
783 1553 89
238 3444 112
411 1824 81
1737 1258 103
1124 2028 90
2245 1522 80
3155 875 107
3244 2175 97
1976 1559 109
611 2224 91
1798 150 81
3574 2839 108
2015 1215 92
3709 562 107
3322 100 105
2480 3185 103
1924 4418 117
1928 3378 116
480 248 115
791 3581 81
2977 3250 114
1707 1436 95
3533 1526 114
924 443 112
1748 3032 110
591 1559 93
2148 1512 82
2521 4520 105
402 2924 89
1555 742 81
3216 804 103
707 1094 85
2675 2978 100
3074 3392 113
2601 780 82
2016 1771 101
1998 1896 105
251 28 112
1351 2918 95
727 2717 86
419 253 93
1171 800 98
3555 2814 96
374 2811 94
850 4596 120
1345 3835 83
909 1944 89
1239 3519 108
266 1418 99
1487 672 99
3549 474 104
1979 1890 92
2946 980 107
1312 2373 81
237 1034 118
759 3231 95
1063 3725 118
677 1660 86
347 2837 90
476 3420 89
615 2575 105
1224 2722 114
1503 912 101
2253 4245 83
296 4303 120
1966 3990 101
3651 1042 87
1778 858 81
3444 382 111
1712 4171 82
1062 3633 85
2439 732 94
1676 4542 120
1373 4704 85
3330 3789 102
1258 212 91
147 4674 104
1058 398 80
3302 4010 117
1986 2404 106
833 2506 103
2823 4596 120
3499 1666 119
1552 2113 87
2252 1645 101
3144 2399 93
1225 4555 120
1603 3231 113
2881 520 119
3182 3022 100
1949 2485 84
1743 4383 116
1986 1942 120
3143 4196 92
2284 2663 115
3241 4502 86
1123 2145 112
771 494 83
2839 3258 100
181 2015 91
775 4424 84
1482 615 81
2361 678 117
1596 900 118
1017 4081 82
2382 3960 103
2528 684 116
2641 3464 114
883 2321 100
905 4213 92
3609 2356 98
2091 3127 82
877 1338 86
3415 1734 116
2870 4632 97
1180 241 114
3357 1573 120
664 179 94
2033 1168 106
1984 3588 97
3439 1489 101
297 3923 100
3221 448 106
2257 1930 94
668 2411 83
1380 310 103
523 208 113
1361 850 99
3571 814 84
3377 3584 103
1559 3131 82
7 3986 106
1206 3373 116
1618 24 97
2836 3962 94
3435 4556 93
2233 942 95
1598 929 115
1882 322 103
373 1808 82
2368 3610 120
3750 232 111
1049 3931 108
1347 914 105
1767 3714 104
3568 174 111
125 243 85
957 1404 116
2655 1477 99
343 4216 100
1909 1923 86
1845 3558 120
296 3520 97
3619 1365 94
3165 943 91
1968 3892 87
3320 1668 114
3014 4399 100
3099 4132 84
3308 3633 99
2581 3151 111
307 4597 85
1540 1406 90
1067 3850 118
2697 1492 86
3015 4566 114
211 1528 119
3218 4702 80
3241 989 115
640 322 88
445 408 110
2909 2787 83
1640 2291 111
2299 3214 86
172 3802 80
2971 2075 120
610 619 107
3006 1461 88
2045 3019 100
3205 440 82
1462 4451 117
1291 86 82
236 441 97
2768 141 97
2720 2301 85
3788 3323 96
1895 4330 103
255 2823 118
1150 2603 87
562 3511 88
2630 3691 99
222 971 117
3011 1900 85
1490 1124 80
433 2778 86
1992 3649 116
1325 3527 91
2994 2106 86
3513 2294 116
3431 1520 110
2888 3622 111
1553 579 83
400 2869 94
945 3387 82
2055 1493 91
3671 4175 107
6837 2343 453
2829 2339 117
1423 2275 99
1988 626 80
5501 1585 96
3871 815 83
5405 1568 106
945 2118 96
2512 420 86
5348 945 115
1793 1488 94
2725 837 99
3406 312 85
1738 537 110
3578 327 107
3347 399 84
5796 2260 86
2717 1543 90
5243 2078 104
2848 1901 115
3428 336 116
3752 1413 95
6547 133 97
4556 332 109
6474 1684 115
212 1179 103
2604 585 108
1224 693 88
966 162 82
3813 286 91
5558 2136 94
2174 1627 106
1974 2290 106
1551 1922 119
780 1475 85
5913 2182 98
1496 301 81
6793 359 91
2622 2228 109
3727 1311 108
4991 2196 113
3083 937 101
1000 953 93
4224 484 93
524 58 113
3851 2308 91
553 32 82
2166 926 115
4624 159 84
1495 1455 105
3221 323 97
4660 776 85
5125 1103 81
4260 1823 109
2933 318 118
481 1826 86
5276 1139 96
185 1751 95
2795 294 97
5752 1703 80
4150 831 111
2663 781 105
1237 5 105
4265 1819 86
6820 2236 96
4643 152 87
6795 1436 106
2324 2088 82
6491 1534 105
1 1256 84
6077 208 83
4353 993 102
1524 1761 87
1685 1726 84
4678 1888 110
4972 719 94
5529 479 80
6313 1254 89
1768 998 84
934 2156 114
320 494 117
3776 865 110
5327 1565 88
3808 2166 94
2505 144 91
1202 2030 103
857 882 92
4943 982 100
1156 147 116
2264 899 80
814 926 104
3243 1121 105
3671 1747 118
4076 64 110
6608 2146 90
5101 1958 110
376 1044 100
1081 333 87
3370 1604 93
1906 1144 84
6829 381 83
4341 28 112
6195 1930 110
584 365 115
4331 2033 107
1250 1704 87
819 1702 109
2859 263 80
4098 800 94
2804 1416 114
4344 1265 111
5032 1538 106
3049 1382 113
1754 1518 113
6285 2306 102
555 1359 111
2312 1899 88
5036 476 95
1360 1849 91
3929 1855 80
2293 195 106
1643 217 115
5018 1559 116
4385 1412 109
5471 2031 102
2312 1631 92
2192 2329 103
5261 2028 98
4879 211 113
6791 256 104
1461 181 110
5330 846 101
2301 1057 114
3363 2009 97
1227 924 111
2243 1161 86
3604 823 114
5743 879 112
3050 1145 103
3704 538 93
4768 2237 110
4687 1393 118
2396 2145 82
1976 1543 96
4945 666 113
2323 2086 81
4515 4 119
5665 1081 83
4224 1127 80
2600 2119 86
1327 1875 81
2323 1710 98
3979 436 96
2797 567 118
111 2322 107
449 758 105
1588 498 80
3626 1481 83
1116 128 103
2284 149 99
5442 1097 111
4537 1770 95
3472 1054 93
685 515 81
1882 731 117
2291 2265 118
4091 1068 101
3588 1056 83
2 729 85
2208 923 92
4186 2018 93
3316 1178 98
6166 1301 112
6270 1379 100
3284 1334 94
751 579 82
3190 832 98
6564 464 102
6399 242 96
2219 2174 98
5997 1901 81
984 1649 83
5201 688 84
3120 826 95
1410 2085 106
2966 1942 119
3270 2000 113
41 50 87
4073 685 93
5751 1800 106
978 641 110
1505 1858 84
1912 237 111
1462 1307 91
3249 2078 104
3080 118 102
3214 1003 98
399 2234 103
194 140 88
4098 399 93
6349 1776 103
3496 291 82
4736 138 97
4011 2127 118
3844 1328 117
5866 860 109
5948 2144 96
4461 2030 99
2865 1840 91
2903 902 85
1507 323 103
1744 1245 93
6580 1100 89
6744 175 101
1014 1288 106
6279 2067 95
5670 1583 115
4407 1406 100
4022 423 97
608 725 107
4238 1135 96
3311 1674 88
6054 851 102
6641 1354 91
6022 1064 119
1468 1459 91
4022 2159 96
3938 2327 87
3711 1016 99
2115 261 113
5854 1771 86
1637 24 100
2061 1411 117
1546 1545 102
916 1696 101
936 1535 116
3960 904 91
2673 1013 108
2059 2071 108
919 385 86
4692 1219 83
2730 2182 114
6462 705 120
337 47 113
430 181 89
3088 308 81
3451 715 92
3303 1889 110
4389 2217 114
2416 2279 114
3853 721 118
3259 2241 107
5417 281 113
1504 1832 99
3669 965 81
1853 494 119
3217 2185 112
71 1938 87
197 1248 93
2611 895 85
1709 2098 108
4767 969 90
200 1193 85
5858 1242 81
4649 1730 119
2994 1779 110
2326 2115 109
5429 212 99
2764 698 116
2469 2070 96
4790 1788 111
6245 2284 103
4762 1001 106
1935 65 98
3403 739 112
605 738 102
4862 391 88
43 1703 84
1101 1818 94
329 1725 103
2505 60 105
4142 120 84
2532 133 94
3359 2261 119
2187 1179 120
5262 2298 110
79 2217 92
2453 1421 91
4504 1929 116
3221 1535 104
3823 249 85
6380 1701 108
731 778 115
2578 1296 110
4373 1693 95
4283 1061 116
3906 7 108
1828 2050 114
4319 357 83
2297 1910 93
268 1321 80
1084 1407 100
5220 789 115
4747 781 117
4493 641 84
5696 1255 94
2673 681 119
4824 1200 95
1347 523 85
1955 871 90
4062 1243 97
4449 1142 93
2022 568 120
1239 1387 110
4946 1538 101
1357 1105 119
5416 1892 107
1317 2295 101
2528 2222 92
2772 2023 95
4278 1024 82
1644 804 107
4719 1210 83
5678 1753 89
1231 504 97
338 2064 112
3747 457 114
487 1562 80
4362 264 88
6732 293 110
804 925 82
6212 1315 91
5670 826 89
3500 287 83
831 1796 115
1051 1086 87
2091 1948 109
2541 8 107
3488 1883 97
5257 2209 114
1058 1505 117
386 606 84
2905 1592 103
3468 188 83
1733 1884 109
5749 278 95
2011 1786 103
4212 1942 119
6379 564 106
3487 393 89
162 1964 82
6630 764 93
566 2309 107
6182 1815 92
394 3 113
4282 715 112
6003 2123 100
5151 1002 90
931 572 83
3269 760 103
1919 1845 120
66 750 107
5634 90 105
4163 653 88
6000 1848 95
3602 1471 96
5197 1663 85
3316 1758 87
3661 1761 82
3690 1571 117
3346 2009 103
4942 116 110
6676 1904 99
1730 650 111
2868 1559 93
3818 1688 88
1489 2065 85
543 1746 113
2018 1212 90
4876 1315 117
5536 1972 96
5968 1390 118
3628 1107 83
863 1037 80
6128 1360 117
5343 1273 98
588 772 119
5641 1196 115
1096 1732 99
6185 2214 117
5214 1270 89
4441 1552 90
378 1471 85
823 2291 103
1021 2110 105
1903 211 84
5732 2217 111
1580 80 114
5528 520 110
1832 1837 98
2689 1569 110
5136 1090 80
2022 2019 101
2322 1249 115
4134 2328 115
1019 2339 95
4764 1058 109
3479 1817 119
3623 1278 120
2281 830 90
4699 1056 102
1386 961 116
1693 1596 98
5535 55 96
4051 339 86
3455 2217 81
2014 746 92
1186 2137 85
6213 1485 101
619 1475 81
6519 2299 120
338 1924 96
4937 656 81
5302 472 117
4597 557 108
4240 670 115
1650 616 86
3431 734 93
3426 1949 120
4199 2248 88
6542 1957 95
4096 748 108
557 331 94
3896 59 120
1837 1721 100
2347 624 107
803 1074 87
5273 1667 118
984 927 104
6798 1967 89
421 1948 116
2720 1076 82
2657 1262 115
5126 582 86
5685 1643 114
6690 2028 99
4647 1324 85
3424 1577 105
1678 555 92
4779 2001 115
3060 1158 112
2835 241 119
6172 1943 98
4756 484 117
5045 3449 697
3432 800 115
2140 1743 110
3969 3157 99
4665 938 88
3708 3421 114
255 805 115
2867 569 100
605 2358 83
809 2120 105
4438 1596 80
1968 1843 117
2344 1154 92
926 914 108
901 3166 88
1810 3285 115
1118 736 96
4588 813 89
2077 3008 86
4653 754 102
3661 3350 95
2643 3356 119
2246 892 92
3951 2039 90
2788 1485 93
4381 3237 111
3071 64 116
785 2583 81
2240 2560 80
3193 2875 96
2035 968 89
3247 89 95
4697 717 83
4968 3255 100
61 594 103
1271 216 87
4449 3264 82
1829 456 95
4840 1353 103
2051 2599 106
2386 1256 107
2123 2480 101
241 2814 91
4965 2239 95
4259 2090 100
3152 1052 112
4294 821 96
3015 658 82
4294 6 84
3090 924 89
2702 2043 105
1592 3144 106
3755 2162 114
1817 1594 92
822 2433 110
4960 1747 109
828 1770 105
3063 3053 114
1290 3168 81
3807 3206 107
1285 515 89
1370 1153 101
2099 2259 104
670 1224 101
1819 2661 115
1022 2784 80
2785 980 82
2676 2423 88
2599 344 113
2227 2305 106
3622 1062 115
3567 266 118
3698 84 110
2406 2906 97
78 902 103
331 2725 80
1869 3130 83
3223 1930 89
2587 1184 91
743 2839 80
4743 3323 114
2589 1406 119
1341 2321 84
1673 1430 89
1136 3200 102
2949 743 96
1608 577 115
537 2121 111
3122 1636 89
237 1803 118
3673 3328 80
2015 3438 109
2086 155 96
4580 563 90
2942 1306 95
3723 2959 114
331 2067 90
4299 2506 113
2553 937 91
2062 418 108
791 3296 93
2474 3087 117
3015 3155 109
1285 2639 93
2388 572 83
2415 3278 95
1775 503 90
1496 1557 110
383 2289 110
2976 3248 96
2377 3115 81
4322 850 115
3493 354 97
1397 2758 116
3183 3447 119
1776 1954 103
1346 432 98
3890 1356 112
3129 570 111
2164 2488 98
640 1592 93
3825 1057 105
1932 765 81
2937 2585 96
4814 2148 109
3476 1222 100
4578 1548 103
2713 1254 89
3229 343 102
3830 325 82
4918 1669 114
4423 727 88
3326 993 98
3189 2905 89
1315 1102 105
4054 1035 90
116 275 88
2037 3412 94
3762 2540 107
114 836 102
5027 1187 113
4619 2075 84
4635 861 87
179 785 98
2890 2521 83
1998 1993 106
3987 3055 113
2425 2806 117
4956 1771 87
2860 3073 114
3453 1344 98
855 1683 99
810 1436 102
3180 2341 86
1277 571 107
2599 2077 86
2177 2170 117
4283 2331 104
1395 1870 92
312 227 110
2122 3360 95
2968 970 82
957 674 102
701 3364 107
1996 3149 85
255 2653 113
1283 1037 114
314 1811 119
2540 1223 98
2832 3088 103
2705 784 110
1509 3040 109
3530 3338 110
701 1465 102
4765 3082 90
2180 1321 81
1620 1539 96
1080 1231 89
308 1949 110
5040 732 90
5009 3231 113
3556 2903 90
6 2438 103
2602 1523 89
2289 1994 80
1981 1949 105
4967 2415 106
3101 1989 103
4588 2951 108
3502 2151 85
2462 7 103
1459 57 103
2707 2495 88
4192 2234 118
173 355 94
2923 78 80
1252 685 83
2569 608 101
2672 1065 107
3454 492 107
3869 3034 110
440 282 102
3473 790 96
2000 2393 119
3818 2074 105
1832 1824 90
147 1787 91
1293 2409 103
4670 512 118
1864 826 107
4501 674 84
4655 1492 120
2224 973 119
4938 2093 92
2342 2262 117
3022 3319 102
2560 1662 117
413 3011 81
4408 2236 111
2456 2776 107
4902 2215 87
3114 3236 120
1008 2926 114
781 423 103
4340 2229 120
4057 1849 87
147 2828 83
1585 258 88
571 1916 118
1770 2735 107
4593 3334 92
3964 756 103
2308 2900 84
2272 1565 95
4189 961 90
3911 397 85
1307 1225 115
3791 916 102
229 1636 120
848 34 93
843 1837 114
1778 1071 117
1865 1217 93
2247 2574 98
2437 1680 81
1415 991 116
4297 1526 115
2553 1008 95
489 1596 82
2957 1713 113
4376 885 82
4748 1806 101
1095 3009 97
361 302 85
2451 2644 114
2772 543 82
2776 1153 95
3290 949 97
4172 3058 95
670 3324 113
2059 1540 92
2573 301 105
652 243 96
2143 2319 98
2430 742 104
2154 3084 81
3641 2866 120
3055 649 116
4072 1340 99
361 2488 109
1229 2718 108
1462 54 105
2811 2046 97
4910 477 100
3659 1856 102
4926 129 113
4024 1840 120
349 735 89
4234 1538 109
1415 1841 93
1246 2227 82
3063 2808 109
162 2383 82
71 2021 112
1310 1652 98
578 949 96
1475 411 89
4107 851 89
10 631 98
1803 2325 84
1195 908 104
263 438 104
2851 3021 107
4895 892 118
1507 291 84
3111 2715 98
2526 980 83
759 2668 85
3775 2640 111
1253 1973 106
2693 3127 97
3261 757 81
3959 540 118
3403 2687 80
4572 416 87
4380 959 120
4177 589 94
580 1048 111
325 1553 87
1933 3296 110
4922 767 84
4648 512 109
1354 1588 82
904 653 95
2983 145 112
4587 3277 97
1178 3242 109
4364 1525 100
2400 1520 113
3730 3039 96
4590 1302 120
1123 1832 81
950 2874 118
1408 393 105
2646 3091 101
1608 2552 84
4654 508 104
4232 697 100
4762 415 82
2870 1549 111
2343 1317 91
3963 1821 104
344 2284 117
4522 2809 119
985 3273 120
1798 2469 96
3872 683 111
30 918 88
3487 2061 88
3475 2225 113
4998 1101 110
4240 2801 113
3627 1703 105
1812 1577 89
1085 2175 94
3316 3341 91
2049 2838 85
2838 2357 107
3943 978 104
2594 890 88
3857 1489 90
2918 3128 98
1093 1394 81
4395 433 104
3931 3104 111
3685 291 94
1280 376 102
1091 2422 104
2021 242 113
28 1442 107
40 336 80
2238 883 110
192 3112 88
2471 1476 107
339 3299 81
4020 2752 110
4666 2438 107
4073 2076 90
4883 2454 97
3477 2158 116
4877 2002 89
3547 956 112
1503 2618 86
665 2843 113
4573 2267 87
57 2204 119
2153 605 117
3738 1654 119
4924 3327 114
512 1607 88
277 286 99
4268 2183 88
1469 3360 86
2661 1836 109
3135 145 86
3856 2490 94
3635 656 80
2586 1048 106
1156 2289 103
1941 167 99
98 1153 107
3 2742 114
3383 3039 105
4510 75 98
1453 3356 110
4283 879 108
1017 2186 116
4678 664 92
1425 475 114
2295 264 108
517 1175 104
2657 2985 82
4762 2787 114
4402 1804 86
1093 1521 85
2729 2620 93
3928 2695 114
1083 804 112
2488 3138 120
4762 1872 116
2211 1111 111
1767 283 105
1235 1568 114
1066 717 95
308 2112 96
3730 2839 95
551 3013 93
3515 239 113
4444 1208 84
4847 521 101
4749 856 119
755 1436 86
4791 2051 96
790 1897 106
732 3243 98
4240 170 115
955 546 95
179 2084 100
3285 299 110
4682 2622 82
4954 2181 99
3382 465 92
2696 1938 88
2449 3362 117
2842 3060 118
640 1077 92
21 2018 92
4630 420 96
2263 356 113
1443 2202 92
3953 1554 108
565 1568 103
378 602 111
4309 1486 112
190 1962 99
2788 2957 97
6 238 105
4182 710 116
2120 2666 112
1395 3116 100
1310 3285 97
2963 384 87
2025 2102 87
4532 615 82
1368 2331 86
1231 904 85
2211 1845 93
275 2195 103
1665 1531 90
4760 2323 96
3137 2614 101
97 3412 87
3193 2561 80
4004 457 93
1922 519 84
1684 1484 107
4525 1213 91
2961 643 98
2150 1561 81
935 529 94
4741 1851 107
2453 384 119
2133 2443 94
4634 1729 86
1575 2479 115
4252 1779 81
3237 468 81
4406 669 110
1983 813 100
1725 3333 91
2808 3146 94
4799 1511 109
2562 1678 110
3099 967 88
655 1835 118
3009 3245 85
4733 266 108
2561 3003 100
1511 2496 120
555 185 98
2300 2569 95
3314 941 84
4121 451 87
3 384 119
1135 2412 118
3098 982 86
2667 608 93
3426 653 99
812 533 109
414 2748 108
3818 2956 97
1783 1121 90
744 2295 105
98 2662 109
1530 1337 82
1856 3282 102
3572 1987 108
1289 1570 102
1405 1441 88
3879 209 118
4710 2330 93
4065 853 91
1452 901 97
2461 3034 116
4548 2995 87
4971 1263 86
3397 2932 95
3987 1882 119
1485 1602 98
3180 2314 83
3857 2985 106
4732 1956 113
4793 1339 89
4890 1124 88
2443 834 112
3819 2029 84
3254 3102 97
4363 573 102
3245 30 117
4881 2420 100
3552 581 102
699 3115 114
4054 535 86
2605 1206 110
1874 839 112
2790 328 101
432 3439 119
1474 1921 108
4866 2719 96
1242 1627 120
936 773 89
4581 134 81
1035 429 86
3421 194 91
826 2021 109
5038 3149 89
4405 1489 88
4146 2346 85
2934 1543 114
559 227 107
443 638 96
1325 1101 107
3149 382 118
3915 1448 103
1713 449 81
4426 1240 111
1796 595 107
1244 2122 106
3352 1445 111
1249 2443 80
3226 1070 98
4805 1358 114
2649 659 94
5005 3015 103
1896 870 108
4187 568 106
4015 2412 86
3578 1435 101
937 1159 90
4254 196 118
4684 2834 112
3298 1381 95
3162 1389 117
2717 1521 118
3406 1697 83
1945 2592 104
4963 1552 112
2004 720 96
4985 1500 92
2324 2231 114
2171 863 95
1328 2807 94
2248 852 111
2488 1139 118
4699 3142 106
989 1172 117
1435 494 112
2927 1766 109
3580 161 80
5022 425 84
4804 1721 105
1995 715 118
1012 154 107
1204 2329 96
1315 3239 88
407 2378 119
1506 341 97
211 3271 85
5025 461 101
274 3215 98
4094 1734 105
55 2311 114
426 207 110
2684 2358 91
1828 1246 90
2401 1085 106
1018 1225 113
1442 208 84
4076 733 99
4759 3185 94
2264 198 86
4721 1032 118
4030 2538 98
2620 1144 115
4468 1164 95
4402 2013 112
64 45 95
511 1871 108
415 1828 90
4915 1842 108
1545 1874 101
668 954 82
316 1910 83
4651 2809 93
1430 1615 94
1177 3276 99
3493 190 91
2724 3230 116
2134 2400 86
2355 387 94
2243 1084 98
623 2408 110
4549 3075 81
3091 366 93
250 2811 97
3187 3026 98
905 1878 114
643 1525 96
2731 3346 99
1130 1936 84
4962 106 86
1146 667 96
549 1385 111
9 969 108
4028 1461 110
1254 1375 117
1661 2810 115
4513 2791 85
2304 1581 113
3614 2509 94
3499 1044 119
860 2700 88
2286 1310 94
4220 1644 108
2256 605 102
4367 139 109
537 475 102
3470 2049 115
1207 2066 92
1139 1075 88
549 2025 116
55 2772 100
2460 2372 92
1929 437 91
946 678 92
1472 1907 83
520 1086 98
2080 485 113
1947 3263 103
2419 1177 109
1686 883 84
4862 691 99
535 1241 96
814 2239 119
4812 1679 93
2990 1193 93
2741 1328 104
4451 92 84
2880 709 103
2664 349 111
567 2028 94
520 257 88
3490 1411 114
4933 2489 118
2316 1127 93
4427 2951 104
2231 2136 114
1241 894 108
754 1398 98
906 1651 96
4777 1916 90
3368 2144 115
3687 2985 118
3240 1384 107
1918 2988 112
1339 1700 91
788 1403 86
2611 2376 109
972 4872 50
633 1448 108
680 164 120
544 2631 115
601 1069 103
580 728 103
284 3049 100
247 2263 83
500 2107 105
858 1298 98
455 4262 116
402 1082 96
367 2756 108
775 3466 119
160 2769 96
761 881 113
792 718 120
104 3213 81
104 4440 119
493 3006 85
318 879 109
617 467 100
593 930 89
930 3365 91
326 27 97
31 4215 101
798 371 115
134 366 110
714 3923 106
328 2078 87
428 2256 119
402 3513 86
594 1769 82
560 1155 85
279 3360 104
938 1563 107
326 3400 83
468 3262 115
636 3511 104
477 680 115
744 94 97
301 720 96
20 4822 83
247 746 90
133 490 104
446 3154 99
407 2587 102
218 3766 110
912 851 107
38 2352 119
954 2961 88
5032 2295 5
327 723 119
390 1595 117
3352 1053 120
1201 633 91
1630 344 101
