10
5253 8118 283
2713 1740 113
3210 5870 91
4533 810 92
3516 2 115
3639 262 87
2884 4332 116
2447 2621 109
1144 3397 105
1400 3073 97
3213 3809 98
364 6486 115
2316 5045 96
2176 5238 103
4026 6279 101
1292 1045 80
2926 4638 93
1640 453 96
739 2819 112
2956 6267 85
1722 3280 111
3007 4339 114
3509 448 104
3836 500 93
3472 186 89
347 4438 91
2614 2549 80
3892 4688 82
4846 4117 101
3007 7255 90
2083 1319 106
474 3197 87
2649 4387 118
2422 3155 82
3723 7685 96
2139 1754 100
1869 3494 109
3731 7833 88
1074 4533 105
2939 5809 97
2899 6024 104
4125 2030 88
4255 2431 100
4202 862 98
2633 4745 87
4405 7726 114
657 1900 103
4924 4823 100
3305 7825 92
3694 6406 113
757 5753 93
4528 556 101
2819 5155 95
1424 2948 112
708 363 95
1198 3072 105
1893 6446 80
2449 2755 101
785 3598 94
4355 3683 114
1227 78 82
3775 7594 87
2009 4315 86
5234 7042 119
4105 6534 119
1070 540 114
1136 6835 106
310 7466 102
5108 1168 108
2708 7701 113
2020 699 81
4483 714 118
4816 1646 100
5160 4219 107
3228 5272 114
948 4623 106
2415 1140 97
879 111 82
4560 6932 111
1950 7599 81
713 4924 117
4688 6456 89
4496 1316 106
995 6274 96
71 8021 115
448 4114 115
3989 122 94
405 867 83
550 3396 120
4747 509 112
669 7580 119
3874 3708 95
4134 697 84
3908 4415 108
1567 4491 114
1128 4596 115
926 7874 105
4208 6863 118
4449 4330 115
128 4973 118
3769 5583 101
4845 527 89
869 5306 113
4337 4554 105
3203 5581 94
4390 2454 88
1637 2118 120
350 6879 107
108 1488 115
3741 7521 114
3296 2144 98
4089 807 88
3292 1418 114
2398 6257 101
1782 1929 90
95 7011 102
4640 5934 89
2907 1108 120
3394 5838 115
2434 7593 83
3212 4599 97
1493 171 118
14 6548 107
3712 6240 113
2019 3867 112
480 6605 96
5132 1926 80
2972 7992 96
2560 4165 87
870 4224 102
2842 5718 106
1187 6904 94
3648 992 88
3780 3793 92
1360 3329 111
3188 3751 88
4035 4407 108
4951 7982 101
3704 4402 80
1686 6396 85
158 2144 102
1494 7244 97
4778 7216 80
1737 1626 86
1062 155 119
620 4949 81
4932 7141 99
336 2961 114
5208 6404 89
4997 3733 119
1842 5998 81
5192 5870 98
2295 3578 98
3190 4357 100
4264 6083 112
2685 6166 92
3848 4117 92
2183 452 120
1890 2258 84
1490 6105 108
3377 5057 103
73 101 104
2729 6011 113
4923 1601 88
1061 1636 100
4766 4260 106
2554 1539 99
1415 1187 114
4422 7297 96
1207 14 85
1850 3737 104
3305 1725 120
1815 3637 91
3524 2099 120
3248 5040 103
467 2808 109
2970 476 113
873 2405 89
3954 6261 88
1789 3971 112
4477 5753 95
4025 6724 94
2554 1300 101
3513 3479 85
851 7462 91
1333 1054 100
3326 652 117
3653 7449 82
121 438 93
3336 5595 81
2894 7102 93
99 5144 120
1878 452 120
2612 2999 97
3983 4758 95
2298 3596 119
2609 2153 108
5182 4929 89
353 3563 108
4070 1426 82
1880 3095 92
2526 6912 86
2967 5560 100
4840 2234 86
5075 4299 117
3322 3899 80
1544 594 117
2783 7199 84
1082 8079 84
2674 7057 111
4569 1835 91
830 4894 80
2442 5641 112
1172 5986 106
1856 5832 104
4921 1473 108
3852 4215 95
2147 3922 95
2827 6078 90
4541 7171 90
609 6158 96
1855 1373 118
4011 7686 85
3153 3711 97
3464 1977 115
229 5917 82
3936 6920 105
355 4010 95
155 2522 107
748 2144 112
496 1178 81
133 1425 98
3309 2951 104
1756 2693 98
3670 3604 85
3751 549 111
3216 7509 113
4750 1271 92
3079 3248 105
371 2207 84
1139 7457 119
776 4880 117
2222 946 111
4659 951 103
5095 3780 93
2741 7005 110
1904 6177 92
4604 1125 95
3402 2648 117
869 2120 101
599 2707 95
4833 2783 91
345 6588 102
2296 1647 99
3202 212 107
3914 2090 111
2189 1218 97
2439 3460 115
1119 6049 100
919 3036 116
2351 7477 84
4339 1831 109
312 131 103
4273 7648 112
531 5801 107
1501 1529 82
247 5134 91
4034 7651 93
1049 4579 119
1033 8077 116
1609 4154 106
1342 116 110
2511 5993 84
2448 6938 90
50 7970 98
742 5135 116
2727 3804 98
4391 6858 93
1697 2597 90
2697 5680 120
2511 818 100
2211 3529 110
926 7901 116
4051 1683 104
924 4566 271
140 2304 103
299 3617 83
651 2893 98
595 3949 112
151 1037 106
234 2629 92
635 1527 86
97 4545 116
274 1073 115
551 2010 80
17 1271 113
644 630 84
595 2966 110
690 3976 108
150 1105 90
410 3983 114
773 1722 93
181 1826 113
277 462 82
393 2701 91
680 2916 119
520 3480 95
59 2173 109
13 1711 81
145 3223 88
844 3002 104
914 4181 100
326 671 97
301 156 92
664 3406 115
530 3224 118
134 185 87
624 3954 109
698 2954 118
144 2141 89
554 1269 110
271 1901 105
747 3713 118
539 1869 102
812 1665 120
243 448 101
685 3442 113
47 2547 87
339 3357 106
240 1558 86
374 597 114
917 390 80
78 1331 97
751 4282 120
638 1933 93
811 3728 93
373 2079 82
869 1142 112
477 2091 89
278 1671 80
401 2817 105
454 4142 105
13 4484 93
441 4454 112
574 716 83
329 3083 90
408 3627 107
204 2280 120
605 4220 108
824 41 90
202 74 117
129 4422 102
774 2591 119
546 2130 94
843 525 113
228 4357 118
590 3566 88
264 3150 87
901 739 115
106 2673 97
628 4509 104
653 3388 98
485 1092 91
640 780 81
240 2138 102
173 1591 93
719 2861 94
790 2728 84
583 3595 110
886 2775 92
570 3457 104
650 624 92
331 2265 120
591 3175 102
808 4098 112
94 3901 83
59 2120 94
779 1151 96
630 767 99
270 2645 88
525 4115 83
297 1050 119
832 2664 99
922 3093 89
388 265 112
800 1872 84
620 1948 104
590 731 97
115 1169 92
375 422 113
640 2584 86
273 1261 93
900 2407 114
829 1938 119
389 223 115
232 1546 114
907 1311 101
499 4503 94
53 4498 116
183 2676 119
269 2776 120
207 141 104
745 4234 111
391 2203 102
342 1258 118
910 558 96
266 42 107
125 1376 111
792 726 99
32 3940 109
808 4249 116
235 1602 104
25 1574 114
278 3704 87
217 411 99
21 3122 117
744 3724 99
440 3897 84
541 745 106
100 3198 96
563 2991 106
717 3089 90
753 1028 107
187 3373 113
909 1148 81
664 1647 120
737 40 96
42 156 116
85 2788 111
239 3147 106
210 3001 91
237 532 99
107 122 116
666 4056 85
126 1629 82
796 15 93
398 4095 104
804 1030 91
415 2655 81
881 1183 103
270 4317 102
538 3783 118
130 2015 113
363 1371 104
121 598 110
252 3068 114
310 3707 86
709 3396 119
388 2145 99
281 468 113
776 3935 103
763 3662 111
180 2146 85
467 2844 84
218 1292 88
511 4219 88
774 671 114
3 1813 97
436 977 118
249 4378 105
622 3666 107
246 2887 84
219 162 97
722 3272 117
603 4085 89
488 4328 97
186 2537 92
96 1964 105
447 1267 114
301 2309 110
214 508 95
172 3139 116
841 2594 111
881 3175 104
249 27 111
889 2369 100
357 3486 114
337 2478 119
913 1748 102
560 2883 92
332 414 96
721 171 112
792 21 109
852 2963 97
340 1006 115
894 457 115
744 1101 117
431 2858 118
447 1101 82
656 3557 111
462 2423 106
214 2711 115
329 2539 89
298 467 109
404 1579 97
47 2657 107
642 2059 107
114 120 82
909 706 94
838 223 119
261 3831 86
315 2049 81
699 2079 101
271 1779 80
61 963 103
800 1863 104
818 1033 105
557 2411 110
95 557 91
615 3614 115
351 2263 94
275 4400 110
245 4398 98
3 3482 96
555 895 103
600 3103 89
274 1041 84
849 2571 102
709 1417 100
407 3000 84
777 1598 83
430 689 81
184 4321 118
56 2288 112
399 3263 105
780 1704 93
649 216 85
556 3428 101
398 2513 111
747 1556 98
923 4136 105
129 2059 105
772 1500 89
13 13 82
226 812 90
636 1651 114
476 2047 85
264 4390 97
784 2968 105
855 1279 96
395 2468 96
738 2729 119
741 3888 89
535 3311 93
808 2108 104
694 1169 105
667 1534 91
323 4284 98
234 2246 83
601 2870 111
43 1869 115
883 3868 109
850 3106 91
530 3115 105
257 3397 93
645 107 110
6638 8221 599
3222 1619 99
6229 1746 113
3803 7554 86
287 3822 83
881 827 104
346 5050 99
888 7799 118
4206 4778 114
2888 699 80
5356 1836 88
6574 2135 97
3580 7733 110
140 1587 93
951 6145 104
3635 1522 88
1228 1841 117
6305 3661 117
730 5527 96
2346 5568 104
5461 5711 86
4612 7513 86
5714 4203 100
5070 3076 106
3881 6226 113
3034 4447 107
1288 1096 107
6021 202 95
1320 6405 111
3984 2925 118
2847 2637 117
2470 8032 117
2998 5755 102
5236 655 86
186 7670 114
4755 7840 104
1001 5922 111
6105 855 90
3783 1717 84
5957 5128 117
5337 3520 80
863 3868 87
1724 3358 109
2017 7941 105
1404 7196 88
2441 7473 117
398 2301 87
6485 3995 87
4 6617 111
3355 6543 114
2902 5776 90
4591 6699 102
2824 3584 84
714 6204 85
3012 6695 91
499 7508 84
4562 3066 118
1872 529 91
4968 872 120
3933 4058 90
1741 6187 108
1762 3506 102
5373 6390 89
1014 5869 86
6444 681 109
2495 1481 105
6156 6498 106
2424 6771 90
4210 2754 116
310 5935 93
218 7566 106
2368 7326 106
3124 2886 85
2064 1451 116
3023 1566 116
4630 2409 81
4792 1890 95
5583 7737 105
2571 2109 119
5709 7078 83
757 6924 80
5647 1617 110
6368 5909 97
5271 5395 83
2772 39 116
2938 893 86
2604 1424 81
1134 1516 85
1935 4787 120
6447 6191 115
208 708 89
243 7038 111
4275 392 85
653 4027 88
4622 7671 101
5878 6679 97
5033 5103 117
6101 5666 106
4443 943 111
5261 4612 107
4704 5226 118
2967 6410 111
5889 6312 112
2387 6802 106
576 2224 103
2348 3586 111
909 572 83
1187 455 84
5256 2017 102
5313 5419 96
3979 2851 90
5038 5392 80
5333 5590 117
4245 7498 117
4661 2767 110
273 6829 95
5696 4357 104
3383 7223 101
63 7615 120
5980 6755 83
2202 804 107
2754 7567 103
1209 7126 104
6319 4239 86
2502 6114 86
4904 8099 104
5671 6564 83
4429 1501 101
1552 3990 93
359 7884 97
2234 7117 95
4513 2981 105
1830 4909 105
3221 2350 80
1059 3356 114
5463 5123 112
872 5915 89
1843 5051 84
6424 1087 94
1522 1904 116
5934 6421 102
247 4580 113
4991 7294 113
1174 2960 107
3328 2010 113
1546 2898 102
4915 6950 83
3186 723 105
2836 6726 107
1944 1111 89
5962 399 100
1651 5062 100
5947 2242 95
6331 8079 105
871 7283 89
4758 8078 104
1198 4190 119
6 3913 89
2470 8152 114
3127 7216 92
5598 3424 105
6610 3770 99
4904 4967 120
2486 4369 104
4853 6688 117
5507 2591 88
1765 1235 98
5291 5149 95
2003 7165 114
863 1708 107
3100 1018 87
6184 7457 82
6601 2955 98
4720 2444 80
631 6515 111
4981 4854 87
4849 1092 114
5492 378 97
5817 1115 98
4609 2458 102
3267 2180 102
104 125 85
1109 1019 102
497 3636 90
1500 830 86
6347 4251 102
338 1616 85
356 7539 100
2200 5332 105
1302 5347 103
5679 6315 91
3111 527 112
2087 6535 87
5694 6128 120
5732 4640 89
4628 4281 102
2317 3973 107
2571 909 99
6272 7247 83
960 2211 103
2557 4210 106
2709 6707 92
68 3333 86
5584 2483 90
5375 524 113
1033 5121 98
3488 5418 110
377 518 84
2818 4308 98
3445 5002 109
5950 5861 96
4919 3744 94
6065 7290 81
1788 6537 109
2512 3187 105
3332 2506 96
4774 1431 99
2877 1433 85
4304 3845 111
2333 941 95
6121 915 117
5376 2761 91
1551 173 91
5126 303 112
2664 5278 100
3916 4540 96
1967 4544 90
36 7316 116
5960 3846 98
2022 86 92
2577 1282 118
6154 1278 115
3428 675 118
3802 1754 110
144 8078 118
338 6355 95
4504 5504 106
6267 3302 114
463 5442 82
4508 5237 110
1900 1959 90
6521 6954 87
3797 5982 99
1851 5628 91
2863 2726 106
5012 7556 87
2348 5740 88
3510 2997 81
6574 5955 87
1543 6299 96
5789 8205 107
3131 3923 97
4850 3611 111
3761 3860 100
6326 1829 91
3312 1799 105
934 4863 97
4782 5756 113
5320 282 106
864 2505 101
5521 1675 104
633 4049 89
2020 879 86
1392 7771 118
4823 4858 93
6114 2048 118
4335 3676 91
1697 6311 83
4584 4331 91
112 5383 114
2658 5045 83
2639 2581 106
3277 6059 94
4828 5364 99
2241 7773 114
2488 2048 100
2703 7375 111
4880 7500 97
2859 4047 90
634 7127 93
4942 5018 83
6449 1822 109
2217 5767 108
5398 108 116
5977 6872 111
3710 1050 100
4770 4317 84
5974 1326 116
4805 7544 95
4918 1286 82
5773 860 114
2916 5018 104
1935 6619 115
2976 1302 114
3534 4389 112
6638 4221 114
2192 5897 105
3030 7425 104
696 412 94
3708 7266 83
3272 5219 114
3676 4343 113
2983 7805 115
5774 1599 107
2090 763 99
1087 326 93
5346 6387 111
5486 4259 103
4198 3747 117
3862 3608 111
1804 7424 117
3111 1763 84
6010 2487 113
261 4944 107
4186 1245 84
2497 7363 91
4293 661 87
783 4204 104
5002 5556 118
1110 4350 97
2435 3924 90
5647 48 97
6056 3660 113
204 5872 103
267 7904 95
2787 6042 115
4126 6942 100
2906 6379 82
5283 6185 120
5904 2484 98
2881 5291 92
4409 7029 99
1928 5144 90
678 2046 82
4416 6217 87
5030 4174 107
6501 45 107
2286 1240 112
2941 1914 118
4720 8068 105
5587 4584 95
5593 2368 98
367 5158 84
3972 7596 110
2802 7622 83
3534 687 117
2277 4174 101
3358 3318 80
2799 5176 118
5406 7538 119
4008 477 112
3731 1066 103
3354 6559 102
986 3702 112
2587 3383 119
1880 5661 113
3927 322 87
2453 722 89
2098 567 114
4441 6866 92
4955 5161 97
5512 5676 84
4097 5829 113
5834 4161 111
1541 6054 86
2124 1741 91
5021 5877 88
6547 5019 90
848 6341 104
1041 2147 109
2534 7730 81
5552 2172 111
2173 2815 90
4149 3067 101
1888 239 86
5055 5139 86
3925 1581 115
3818 7921 115
5177 4721 92
1411 7826 87
4546 4235 115
4317 6649 91
2207 5460 101
1902 7030 87
5689 266 100
1641 6770 106
3678 7651 112
1169 5854 115
111 8064 102
5095 1344 94
5394 7197 115
5607 7098 115
153 7177 104
3960 3525 91
3663 3069 80
6093 6681 114
5519 6887 114
1969 7578 107
79 1055 113
1512 8125 81
2407 3174 107
1729 6391 83
390 1519 106
3205 930 108
6241 4800 85
553 5897 114
5640 538 100
311 747 98
4878 3683 83
4924 5614 92
2407 6456 115
1149 385 108
2157 3669 89
4905 6261 91
2169 1012 94
5346 6445 84
671 7423 116
5230 4979 91
3406 5078 90
1932 931 114
62 3096 92
4279 632 112
5474 4434 115
1226 1802 113
2847 5407 83
2687 87 85
6152 3108 108
220 7156 109
3192 3565 100
2398 189 85
6513 7709 94
2343 2092 103
4204 3162 99
993 1719 83
2532 6894 96
2684 3490 99
1862 5664 107
4479 4092 103
1051 2719 105
4926 1587 120
2185 5748 97
4214 6462 103
2024 1325 119
1857 2958 107
6517 5940 97
3293 3660 96
2401 5650 83
2194 651 100
1329 6702 93
786 2999 89
2386 5306 96
4530 2569 89
518 3703 91
514 432 83
2585 8009 83
5644 2845 93
1180 6281 107
336 379 91
3186 544 109
524 7371 80
444 5086 101
542 2217 88
4841 6044 92
1578 1119 90
6071 7989 105
6385 1748 92
3740 3797 99
6345 1411 93
3796 5745 82
2341 12 99
5829 589 108
67 7900 111
457 4265 93
3317 7805 112
4488 3379 99
1455 5493 101
6085 2272 82
4686 5738 91
4413 2019 98
2239 144 98
1369 6474 86
1953 6708 120
1132 7190 85
6251 7237 109
1490 374 97
3390 3618 109
6192 5883 108
902 6582 91
2956 5051 109
1949 2280 83
4920 3614 94
2964 1761 93
1078 1348 119
2610 4321 108
4289 5573 92
4636 4016 111
1801 8044 113
5727 4612 107
3194 1296 104
197 3931 82
5231 1885 83
349 5264 94
1278 931 105
1414 4535 107
4905 1356 99
3622 8064 108
3947 6701 85
152 7273 107
516 5426 93
3023 3848 117
6082 2431 106
1172 268 105
2588 3695 93
2218 6500 90
4559 6065 107
1740 4175 95
910 5012 85
4168 5862 112
1779 7582 101
2269 2562 96
3725 2241 104
3554 4876 100
2343 830 116
423 2681 89
600 3546 109
2697 6649 102
3381 4962 80
5403 2547 98
770 7090 105
3102 1311 116
6186 5778 94
6583 5080 107
2628 4841 98
1370 7930 115
4473 7551 90
3909 1583 92
2274 3929 91
3292 6625 94
6442 2454 120
3001 235 102
662 484 108
6255 6568 102
794 7874 94
1787 5528 105
314 591 101
5547 2079 106
5482 2683 97
1206 8161 111
2121 1959 118
3614 3984 110
4392 3086 85
5558 5692 92
1768 3047 100
945 7854 80
3698 2449 103
1354 6435 114
5288 3417 108
3975 2028 117
4498 7761 112
2302 5729 118
5882 5577 84
3213 129 99
5054 4262 112
5366 7739 102
4502 5433 101
2790 4981 118
1446 5066 99
3381 2446 108
247 7721 108
252 3957 96
4209 3423 100
4493 2094 109
1158 2283 109
5711 7539 108
4431 8133 91
699 5034 116
5885 4177 90
1964 2331 88
1974 2861 112
213 2324 102
4674 5195 92
2374 3807 82
5097 3940 81
5761 7389 99
470 1848 97
391 4004 120
4704 7221 116
6202 2818 92
5205 6013 97
4566 874 106
4253 6314 99
2991 7195 109
1579 1003 87
1749 2216 113
4030 4792 95
6108 7807 85
2723 8153 103
4010 3233 97
1575 7401 115
2335 3117 119
470 63 75
172 16 109
393 32 107
83 43 111
347 33 83
272 12 118
284 23 91
254 28 113
281 29 80
449 18 101
279 58 85
89 26 83
432 40 102
197 3 92
27 13 111
355 54 81
385 49 94
97 26 103
299 27 110
365 53 116
199 24 113
29 42 114
201 30 96
356 40 95
102 62 81
77 29 82
268 46 105
357 13 114
273 14 83
324 41 113
332 47 81
189 39 83
133 12 102
315 19 114
346 53 118
456 26 111
299 28 99
275 41 85
393 58 81
7 10 112
4 21 95
323 59 88
394 4 81
439 52 108
15 6 93
457 26 115
116 16 112
392 12 81
282 9 103
446 20 102
328 2 106
302 25 116
323 7 90
294 46 87
188 17 115
169 15 103
8 12 94
181 36 109
332 45 118
31 44 116
245 12 108
384 29 115
204 52 87
434 21 111
376 52 104
16 50 114
189 21 106
14 50 90
460 53 99
16 34 114
313 3 101
263 7 92
61 14 119
61 14 110
284 30 102
58 21 116
5928 6794 768
819 2841 109
3450 1822 105
4223 4613 113
4099 567 97
1186 5733 105
5541 0 89
2303 4771 92
1418 6495 111
5711 1160 107
2638 1397 113
2824 1174 113
1247 2906 116
1812 3151 105
3514 2610 92
4912 4333 120
2574 553 105
4564 3244 81
2210 4964 106
4121 3918 109
5485 3603 87
5603 5445 95
3175 2188 101
3187 138 84
3115 6190 102
260 2861 108
4652 3805 87
9 4972 99
2875 6142 87
971 4333 109
359 2111 120
4761 5931 97
3900 4513 95
2138 6341 95
1688 494 105
1551 752 100
1237 1312 111
3523 2077 99
1569 5078 94
2931 2687 113
3988 6672 81
4692 6003 84
3275 2008 85
4030 227 109
1844 1285 98
2353 2138 84
5418 4012 84
1881 3744 93
456 1086 115
4800 419 106
815 2524 86
2713 4968 95
209 262 88
189 6340 106
3776 5512 118
1813 1705 113
1054 3445 83
784 6393 110
1854 1487 109
3848 3699 113
3139 4353 88
5359 3302 95
3222 567 106
1761 2190 93
3523 2158 114
3487 735 86
1486 3802 81
4941 3270 104
863 2830 114
834 977 112
1619 6612 105
5409 3708 94
3630 1306 94
755 5967 108
4968 4124 106
1770 6189 110
1340 2582 95
1182 5308 87
599 4457 100
1819 2448 94
782 5080 120
4497 3897 82
117 6414 96
3379 3881 90
4961 5139 84
4234 4178 108
4362 5302 118
3474 3138 84
5521 216 96
2444 3549 110
3422 2071 110
2655 1971 87
2421 3415 111
1607 1064 82
1979 6718 109
5869 4405 116
5261 1334 80
912 4906 111
2878 858 107
2954 4518 113
4734 5276 101
1283 1148 103
4336 218 96
3464 3474 84
1520 5621 102
2542 3903 94
2291 4836 97
5292 6731 82
5300 2087 111
1702 1215 115
4670 5033 113
1781 2105 105
4124 2415 102
1718 5895 120
1951 2337 82
1336 221 83
5624 471 92
1625 1169 84
2801 4752 106
680 5895 109
2046 2381 107
5127 487 103
1521 5210 117
2195 4259 104
553 1465 93
203 1672 85
4130 2430 90
5273 1252 115
4813 167 113
3228 5994 97
3255 6277 91
3713 5685 119
964 3319 103
685 3913 117
562 5431 99
2735 5633 96
4067 1797 82
4623 4892 106
1841 6356 82
4704 3947 99
2209 3194 102
3384 1856 100
4850 4773 86
4805 760 109
1624 666 98
3856 858 87
5192 1055 96
2310 6768 93
4087 2568 86
2277 4549 96
1649 4555 83
3145 4641 84
2937 6777 114
3700 5593 109
2833 3291 103
638 1072 100
1831 1566 81
4581 4235 100
4084 1490 106
2879 1801 116
622 122 120
2058 4543 87
171 232 112
4299 6378 85
5217 3350 111
5588 2033 109
4251 928 86
2665 6287 120
5446 4503 106
4969 243 105
1962 1216 100
305 3941 84
2803 636 95
4891 3422 110
5539 3830 113
1804 4916 94
4638 3956 104
4549 3434 81
3269 5305 88
4428 3163 91
3263 6697 116
633 6191 110
5031 3350 81
357 85 101
2018 754 85
2360 2305 96
5464 4999 94
410 2932 114
2203 2504 117
2385 2471 109
934 4005 113
1323 3952 86
2293 5563 96
1475 2124 106
3520 1992 118
761 4626 91
1726 688 109
3942 4470 106
1281 5309 120
5871 1543 101
5062 3364 95
2462 2671 113
3650 3077 85
5705 59 101
3544 5254 101
952 5159 105
845 3474 105
1529 697 82
428 2537 98
836 3322 107
1632 3320 118
1025 1440 96
4283 3848 95
2186 1790 98
1168 2100 111
4622 6534 89
1789 6566 115
286 1058 99
2074 4959 118
2588 5190 106
1768 1202 105
4484 3125 95
4398 1233 119
3612 2437 104
4389 3811 100
218 3746 114
5574 762 86
2141 1705 80
2274 1172 108
3482 442 103
5614 695 96
2529 4728 110
5065 5698 117
4997 1153 114
5893 2327 92
394 4454 104
2235 4431 120
153 2132 86
1109 2922 105
3729 5033 109
2396 4357 108
5014 3628 113
3088 1284 85
2188 6467 100
3056 1116 119
2249 4445 117
757 474 89
2091 1152 110
928 1038 114
3181 6516 82
470 4124 109
3455 4030 104
1963 3891 102
2832 3171 104
2357 4729 119
3117 3620 109
3580 6675 109
1061 5023 106
1891 77 103
1151 4865 107
2195 1977 98
5523 3374 82
968 6716 84
3775 5615 111
4103 573 114
1102 4864 94
4401 2481 83
890 1725 96
3315 4070 95
4973 5607 109
4207 93 88
4767 2098 112
2975 320 109
647 2894 112
1874 4464 117
4159 2352 94
2762 3731 94
4696 5104 108
4206 5296 118
5488 4293 112
858 5867 83
5165 2775 88
2689 1773 116
751 6441 89
4615 5728 116
750 5812 86
2048 5576 85
5435 5868 114
2406 3333 91
807 6218 82
50 591 104
3811 1046 89
3142 2798 105
1517 912 93
5074 5766 117
205 781 85
445 6375 96
176 1208 108
1616 4169 112
814 4484 86
707 4588 90
1471 311 82
3338 2031 119
4493 2488 115
2636 233 100
1536 686 89
1127 896 82
1513 5600 86
1356 1468 80
418 944 86
5387 6088 90
3238 1584 119
5430 4118 104
4394 5756 86
1885 2302 80
5841 6654 112
4160 1214 89
3240 861 92
735 802 84
1233 5590 104
2711 5040 110
3417 4994 86
4990 73 90
2300 4756 93
5623 254 98
5507 2938 94
4781 534 114
5230 6433 110
716 3615 119
671 1408 94
2628 760 98
4930 2172 104
4019 4536 112
2051 765 86
2635 4514 89
4983 805 106
4595 1238 98
1485 1975 112
1658 2915 106
5576 6369 113
943 3381 95
405 4136 103
2230 5119 106
1920 2220 109
3449 5757 110
5544 1603 92
743 6022 98
1269 6531 81
4790 955 82
2952 367 118
371 939 86
1821 2821 93
3151 417 116
1272 2452 106
1220 6245 100
2742 5363 116
4604 1484 97
4523 1563 99
681 1624 107
495 6019 105
2111 3327 107
1317 5332 103
1469 4331 116
1031 4244 112
170 603 117
202 542 116
4994 1263 111
2751 105 89
5757 1409 116
819 2787 110
1635 2000 94
4778 5619 93
1846 6692 82
2981 318 98
476 5771 120
5043 3462 107
497 87 81
4837 284 91
5235 1598 109
991 2731 109
5793 4482 117
463 5398 99
1986 4046 83
3264 4400 93
4496 3783 115
2643 1927 94
251 6730 100
223 5452 102
5128 3762 84
2254 5096 112
3984 5203 118
2319 5792 108
1443 1470 89
2071 4660 110
1072 4900 110
2083 1806 88
819 3166 83
466 1412 104
212 3886 97
3096 2245 114
5141 5336 94
141 4553 119
1881 4724 89
3984 6352 99
5092 4343 82
2222 3709 96
5263 4548 85
3674 2584 102
2410 3312 96
5333 3579 97
3708 3199 108
2315 4372 117
1552 3876 99
1471 1662 88
4739 4921 107
4800 4029 92
1521 1998 101
3904 4154 86
5024 3485 97
334 438 112
1721 2494 85
1581 3313 113
4067 3727 81
866 2042 82
1078 1726 112
42 99 110
4846 5607 104
4717 1154 86
3665 3976 113
962 4582 114
3372 1549 85
4808 329 86
1700 1327 100
4088 4141 103
1209 1629 108
3583 782 114
878 4175 102
3884 786 116
4873 1484 117
1423 483 120
2154 6595 111
1633 4326 100
5271 1728 91
4322 6161 94
2138 4906 113
4934 4661 107
4377 688 84
2595 6592 103
167 2028 112
2975 924 80
541 4791 88
4194 2132 111
4280 5571 112
1453 6572 113
611 4809 113
3506 277 114
5492 707 88
5112 175 115
1389 5504 111
4215 5031 87
1823 472 85
4610 3904 95
2108 3713 118
4235 2261 94
5870 3831 106
3228 5028 80
4210 3939 119
5420 4755 112
1648 5369 106
744 3436 108
1649 4528 118
4123 1686 98
1365 6405 94
3914 768 119
4845 3 84
981 1671 114
4299 303 119
3073 4565 91
701 767 109
4724 2631 91
63 595 118
3345 3023 95
2563 1252 115
2197 5203 109
3133 3464 105
3134 5490 106
1425 4352 112
2995 422 115
1626 3952 117
1232 6436 93
367 5587 80
5727 6604 102
4093 1821 107
4473 2633 84
290 4198 89
268 5985 114
232 3015 80
262 1750 106
4097 3229 87
3425 4149 103
2453 6448 92
2234 5772 114
2623 4778 118
5799 2726 115
987 1350 104
5160 5759 120
3447 5963 111
5819 868 107
2367 4491 85
1965 5331 93
4770 5726 113
891 4289 111
146 5315 118
1318 3083 84
2347 4593 92
4298 2743 84
1808 335 111
4271 90 100
4029 5411 89
875 2858 104
1934 6309 103
2277 3483 105
3198 2764 98
1196 6664 113
2512 2938 113
4977 6636 108
547 1114 89
583 6279 86
3514 2358 113
1609 4213 102
3298 2991 101
2347 4856 103
5611 4829 80
2635 1344 89
4852 1244 99
3653 1796 109
4704 935 85
2073 6001 95
5379 1104 83
1368 5341 97
3557 1642 92
947 3561 89
5172 3663 117
4886 2566 110
2411 3144 115
1887 348 114
1319 3276 102
678 5440 103
1414 4069 100
1387 2215 104
1579 4159 118
4351 5557 116
3823 1587 110
5244 1707 83
5213 271 118
4928 4424 93
4808 5638 86
3495 2039 106
4585 6522 102
4171 5928 107
345 3091 92
5548 999 96
4406 5039 101
4955 3185 104
2607 5275 112
1028 6698 115
716 851 92
3352 2683 107
3967 4418 118
682 4013 89
3250 4811 104
3430 6339 85
1441 36 114
1671 6467 97
4557 5388 114
3710 5239 82
1912 4765 82
5032 4295 104
434 5678 88
758 5639 117
1281 5888 113
4858 2760 98
975 4683 85
2892 4533 106
1519 5668 106
1796 140 93
2226 6462 94
2404 5520 104
5066 3075 97
5641 378 103
698 4006 117
3514 3346 106
5257 2548 111
2215 889 90
1127 2721 107
804 6694 93
3736 267 118
4421 5050 111
2898 4849 115
4688 6009 100
4191 1569 120
5122 3342 99
2010 820 92
3373 3498 107
5599 6087 91
1857 314 103
4017 3650 82
1568 2562 96
5182 3372 92
5712 3833 94
4566 4910 100
1069 902 93
1763 3153 105
853 820 83
2265 1014 80
3804 6222 101
3212 3804 87
2294 45 116
2074 837 92
1786 417 111
4325 1335 86
4363 6591 116
290 6657 114
193 2984 80
2438 201 113
2617 98 94
2945 2505 105
4619 4151 111
2533 2013 81
4667 1402 91
4423 5636 116
4379 2432 116
4804 3474 114
4824 6142 95
523 5165 81
2119 911 92
2602 1547 93
4346 1158 87
601 4701 103
227 2773 117
3711 4710 117
2287 1279 91
337 4792 118
1764 2003 103
1429 5710 99
1254 1719 94
1134 1890 92
1954 5890 120
5176 1354 85
2396 2502 117
1216 3199 120
3320 2005 105
4648 5399 115
535 287 120
3839 1505 91
1772 96 95
2220 828 92
1519 2663 97
4209 1180 82
2619 5544 84
5095 2437 100
1226 5784 105
3321 3525 112
2003 4211 85
4535 4176 102
1989 5623 81
4382 5026 87
2363 3057 97
952 4658 84
2116 2901 113
1975 4737 80
1187 969 83
3274 1418 80
5570 1178 90
4807 3088 100
4770 3345 94
2681 3566 103
2471 1013 112
3571 4787 104
1628 18 97
5792 3396 110
1792 1614 108
2203 3287 81
291 5592 102
70 411 95
152 5663 81
2484 706 106
567 3978 82
2698 5759 96
5188 5640 117
5680 1866 95
3069 1309 108
4197 6398 99
1803 1690 90
2314 4330 87
2797 1258 115
1735 614 99
2533 400 91
4364 706 111
2325 4072 113
1127 5824 105
5442 4467 84
3027 1071 117
2562 3432 120
215 4275 106
3250 2307 83
5558 2683 83
4415 2574 80
3016 4043 91
2592 486 80
3100 1503 94
3406 3514 82
257 1143 94
450 507 109
1823 3963 95
1464 1730 82
3754 1213 112
2469 755 102
3280 1529 105
803 4755 120
1589 5626 102
524 2729 93
5475 6006 88
4464 5067 118
5179 3296 109
1433 5576 119
78 6220 91
511 5086 118
3111 5453 80
1110 4909 94
461 4420 106
4482 3308 107
1819 3553 84
2560 599 80
3016 138 103
2513 2103 107
5163 4600 110
1715 5674 111
5315 1164 87
5532 1346 88
953 977 107
2020 3330 109
3549 5341 107
2623 5315 89
1176 1532 103
5496 5749 87
149 5207 93
5836 5366 105
5854 4777 100
5 5013 91
3937 5984 114
826 1767 120
4646 2408 111
1545 1037 112
5000 5364 107
5801 6509 108
2548 1814 119
5887 2985 110
2784 1689 115
169 3655 93
3133 5107 115
1701 6223 111
1880 6328 113
3398 952 91
5871 1282 106
1811 273 116
5893 3905 120
5501 6136 112
1846 2202 90
9807 7690 770
9775 7274 106
9142 2638 80
4770 547 110
1961 1791 92
5676 680 106
2452 2099 100
9577 3223 81
7521 5614 88
5716 2151 80
1368 3308 111
1648 6210 109
1181 7146 97
5154 7096 109
2819 4778 80
1070 6881 100
122 6592 120
5507 7244 112
7095 4024 117
128 5595 90
7827 7144 108
7925 6429 82
5334 935 82
9800 1890 80
2197 5444 86
8941 808 83
8879 2891 112
776 6174 110
1234 7075 108
4122 1281 96
421 729 92
3919 2058 98
5491 3539 120
4521 1076 85
2610 4248 98
1667 239 101
8419 996 86
3704 3062 82
1356 1024 102
3024 3698 86
392 716 93
1455 6707 117
6678 1852 107
5857 1343 97
7780 848 103
4748 4420 112
4153 1383 96
9324 1873 118
4333 4368 107
6239 3857 98
6467 1628 88
403 3897 116
7305 4126 98
1942 5574 96
5392 2112 106
1305 42 98
3229 4175 107
1098 7437 105
1143 3350 83
4354 724 105
2376 2744 90
8761 950 100
6184 5042 105
814 1724 91
1002 754 80
6997 4827 81
8724 6825 93
455 6360 106
3098 1039 105
2381 5686 102
1629 707 93
6041 5266 108
1752 3965 94
4522 3650 107
3359 1447 98
1362 2211 85
3647 1742 106
9774 6322 107
3454 388 114
4603 18 115
5726 4544 86
2409 2740 94
593 1968 99
5366 2497 93
4856 5411 80
1516 3192 87
1326 2719 97
6776 3736 109
5706 1671 102
8737 1962 119
9079 2092 81
9049 4231 103
7805 917 109
2794 4066 109
149 4847 113
7258 7104 117
7660 7542 86
3114 6453 94
3220 4423 105
7094 6878 111
5366 7515 118
8114 1192 91
6063 296 82
3852 4270 96
3000 2539 88
4109 160 109
4108 7646 89
9788 3294 104
7172 2297 94
5982 4218 105
3274 650 99
417 3077 88
102 5842 102
4152 1067 112
1289 522 107
8447 2205 94
9480 3225 85
6350 668 107
7097 2504 92
3869 6276 120
8323 5690 94
5933 1816 89
2887 1087 90
1108 1948 118
2473 6450 108
7735 96 90
2838 277 92
9465 4546 84
2592 3748 107
4273 677 98
4570 5320 108
5608 5756 92
7168 4969 91
751 3400 114
4121 2142 80
2658 6356 114
320 3708 107
8207 2851 83
5285 5451 97
8088 4 110
8877 2699 88
4948 1331 88
6436 224 99
7848 3053 116
1420 1993 114
1397 6820 120
4258 2662 99
7223 6449 112
5650 5198 89
5637 5189 84
1050 2738 119
7265 6586 103
5201 7629 110
2052 4472 117
5311 4827 119
7037 1130 104
8996 1477 80
8725 4017 109
9185 5016 84
1029 5084 93
4046 3006 96
1890 3053 82
1981 6620 83
7125 5886 97
8688 1042 115
1790 7498 118
5381 4433 94
6001 1725 82
1816 2385 87
4601 59 109
290 5470 87
316 3749 86
4625 5157 113
4393 5003 98
9350 4700 103
6342 5259 105
9256 1458 103
3095 334 87
5366 3236 112
295 5889 103
2797 3600 119
4360 5309 118
1030 4215 106
10 7210 86
1930 5918 116
5870 6840 92
3143 4951 111
1980 3956 95
6071 6281 108
3135 4162 91
4142 6868 86
9444 621 107
5855 4593 93
2836 1159 91
7783 4270 116
1061 5084 98
8764 5401 100
9508 6781 108
3193 6884 85
8978 1577 110
985 195 106
6786 948 114
2298 3446 97
1362 1795 112
1865 2207 116
1557 3622 89
8694 3809 116
9253 6929 98
1891 2023 92
4455 3837 111
635 2972 95
6902 7502 98
8785 4426 83
336 7079 86
5320 5570 88
5297 927 88
9336 1693 83
2612 6940 106
6518 3318 114
1335 165 94
474 1033 99
4123 6357 107
2583 1173 81
928 1733 80
3737 1119 109
6927 5406 89
8382 426 96
592 2104 87
4670 4662 98
1644 2670 96
7454 6725 83
7598 3346 120
9483 1791 92
1363 6097 92
8375 1338 81
4401 3412 103
12 5800 118
9247 1391 104
7885 2183 107
4540 1544 98
2292 4499 120
3436 214 109
2746 1448 86
1611 7505 111
3830 1994 106
7173 7291 84
2663 6637 105
1759 1522 102
4019 1122 107
3214 4227 85
2774 3984 116
5255 6862 85
7219 701 109
4753 7172 103
9618 3860 98
8368 5554 118
1767 1600 113
461 5920 110
6619 1451 107
302 4001 106
5485 6857 100
1372 705 108
5372 6721 111
2123 2395 104
4964 7163 113
6883 137 114
5935 5631 110
3408 3101 112
6946 2829 107
7024 4628 109
7267 294 81
4259 7274 105
2323 3034 115
527 541 104
4923 6451 81
5712 4726 96
2917 6026 94
5006 2845 119
1690 1410 84
4826 3323 113
7041 7387 82
1523 6963 111
5485 2163 114
5108 5637 92
748 4565 112
7194 1606 119
4329 7633 110
6492 1460 85
2558 4377 98
4804 3963 107
5718 4862 94
2487 1380 112
2449 4333 83
1740 4855 106
699 7152 115
6883 1712 110
9326 1618 102
2299 1580 111
5515 5949 109
73 1986 119
2900 1604 93
47 2701 120
4111 138 103
1761 1763 119
2201 487 99
8776 7635 93
550 1216 83
5628 4619 88
2965 7201 95
6260 2776 106
1274 466 86
1644 4275 119
1900 3625 119
7068 7459 117
5876 1281 103
6214 5771 105
3196 6566 110
3102 4156 105
5522 4390 92
3931 1509 93
4152 7136 115
8188 3911 81
2374 1007 80
7124 6850 89
8195 3163 102
1557 136 97
3922 6142 101
7917 211 90
3776 2576 117
8323 5296 100
1539 131 115
227 120 97
2649 4445 94
9269 467 111
2427 4910 85
4464 4727 81
909 6432 119
1406 4357 80
6130 4274 109
1735 7561 105
6239 5915 103
3038 848 97
559 4532 86
3228 4260 103
284 1081 99
2704 6827 110
1570 3283 103
1990 1777 112
2364 4350 114
9732 673 114
5750 1259 82
647 307 99
6252 6583 111
8062 5563 104
3477 1825 90
2059 2869 96
7930 5756 99
2495 2436 114
6187 3014 85
1984 4105 97
4178 3404 105
5842 1581 99
8206 3924 118
4486 173 103
6473 6328 111
9018 1543 119
6493 6278 91
7991 1044 96
8903 2704 91
9674 1761 117
2440 7596 87
8585 7174 117
3625 582 99
6357 628 88
5649 6164 96
5233 2771 113
9079 2001 117
6584 1933 85
6849 4949 114
3146 4482 103
1203 5280 119
4629 514 112
4524 6892 119
631 84 109
3986 4132 97
1057 465 93
2921 6402 98
5590 5599 84
1567 843 84
5521 3327 98
2028 4627 106
6598 478 97
8445 2177 107
4576 3238 117
3990 4837 84
7578 3749 80
156 3930 86
9253 5646 116
4366 2799 87
5310 602 119
9104 923 108
8963 640 115
9649 7687 108
5866 3378 112
941 5021 91
7136 2436 89
2855 7136 94
4453 4922 103
4295 4293 102
6843 4131 88
6951 3583 81
1804 6262 81
4217 1359 93
3864 1770 109
1406 376 116
2547 1003 112
4179 539 116
3054 659 80
1451 6655 108
1147 6733 94
4168 575 80
7779 5865 103
5870 1980 110
4294 3103 103
104 1999 98
503 1107 120
6753 2278 95
2135 7372 99
4027 1966 108
2734 5236 114
646 2566 85
3901 7213 114
9279 2359 91
9730 6905 86
5731 7257 103
370 6723 84
6003 627 99
8744 1016 100
5066 6738 81
5055 375 118
3059 2884 104
4178 1133 81
6669 4704 84
4258 2107 89
8326 1999 118
3190 967 111
9378 1104 101
2628 828 94
2166 1270 100
6381 3922 91
3091 710 118
2612 906 107
6271 3419 88
5711 164 110
6104 6664 102
7944 4293 116
459 1314 95
8620 844 98
8440 5871 88
8117 6502 88
957 6852 114
1358 6587 107
205 7187 92
2125 5232 91
9052 1289 108
8910 824 110
1366 3857 112
9721 1616 86
2097 3268 97
4037 4598 105
5827 4105 94
2535 5488 103
7892 7100 117
1813 1157 106
1371 2979 115
1334 1321 112
5315 3253 95
4342 425 115
2241 910 84
8272 3272 82
8547 7128 109
2549 1773 116
2440 2924 80
5271 2431 120
6876 4185 86
5082 1523 105
4548 5034 84
2132 3986 81
9743 6956 87
4106 5535 114
1155 6700 102
7052 1214 89
1898 275 89
45 2705 94
4842 725 102
2820 17 110
127 3037 110
9312 4237 95
7620 5254 82
183 1834 82
7057 2074 110
5006 6791 120
8536 1577 89
9797 1777 85
465 6223 105
8843 152 106
6201 2967 120
4719 440 118
8807 1199 102
5233 3226 116
3107 4851 91
4608 1961 85
9283 2551 82
2319 2230 107
724 4780 81
2094 3805 96
293 1709 114
7615 600 99
9528 6045 100
1778 3732 83
651 2028 118
775 310 83
6809 54 98
7796 1892 93
6427 392 106
6162 2414 94
135 5221 102
3275 4551 91
2177 5932 106
0 7651 90
2947 2352 99
7924 5029 92
1483 7270 86
3324 4998 84
3713 3020 101
4769 5139 96
6690 5941 110
1228 3197 107
7039 6069 98
7284 4629 83
7898 7319 98
6415 6548 97
9280 5805 80
4204 2153 89
2253 5773 116
2706 7051 91
2893 287 119
3344 5505 105
8916 540 102
4740 1867 111
446 782 92
202 1334 113
3271 1425 82
8507 2180 105
4676 1134 94
390 4472 115
6311 6321 106
294 1268 89
1354 3783 117
1690 2665 88
4217 5646 102
2213 2686 115
2076 1959 92
7720 3452 112
6981 2344 96
3110 4745 85
5112 446 94
5523 643 105
8447 5275 113
34 4782 82
3076 2833 82
2927 6285 110
6613 4354 84
1271 2318 83
1615 2185 83
925 6713 90
3273 1277 114
3255 3729 91
684 7374 108
4261 7265 115
1185 5246 118
337 2213 106
8908 1247 116
1220 5577 95
540 3677 110
3823 6514 85
4058 6275 102
2424 5504 89
4902 7503 86
1776 6631 84
1084 433 114
746 6887 86
3392 6563 97
488 7476 109
6743 3716 113
5020 7675 110
4361 1570 95
4661 2303 119
451 769 89
5187 2051 83
2657 2267 117
2770 4843 110
6817 7080 103
6407 420 99
7631 3831 106
2098 3968 108
4042 7305 114
9385 7066 106
3968 3655 85
9605 256 84
2489 1707 86
7349 5418 96
6386 5035 106
4047 967 111
4826 5586 91
3320 6115 94
6481 647 90
2107 4111 98
1044 963 102
5987 2470 117
865 5104 114
2937 1226 87
8453 2396 86
7377 2594 98
8541 391 111
5072 4492 84
5916 6109 112
2950 2127 111
9198 3865 88
1104 1738 81
7148 2735 107
4266 1665 95
1055 7679 102
3015 4428 107
1502 4717 119
3860 368 104
2256 2238 91
1095 1964 109
4423 1234 106
2538 1934 84
1193 7132 115
501 4059 109
812 2261 109
3207 1247 113
6545 4847 92
2294 5260 89
4082 7457 87
9246 3910 99
7806 607 97
1430 6269 112
1914 1966 95
1072 3161 113
1103 3991 101
5433 6664 84
92 5046 97
3129 177 114
4312 5263 117
9126 1038 91
8339 130 115
2320 6619 115
2733 474 117
7824 3873 97
89 2930 119
7742 5099 97
4337 4215 97
439 5698 118
3299 4924 92
8750 683 119
3409 5459 107
2911 589 101
4047 2341 85
390 3353 109
9740 3271 104
6479 2606 98
1020 7142 116
6198 2328 116
8421 1625 116
6877 1587 88
2987 6050 85
6383 1537 96
5820 1476 108
2840 6334 116
6644 3508 112
1653 4604 89
1592 5374 102
7095 4208 101
1947 5280 117
3673 7630 111
3321 1557 99
5217 5207 106
3299 691 111
1840 5122 120
4093 2055 93
3612 5630 110
3699 1146 110
8360 514 83
1712 4688 84
586 6562 104
8920 6029 93
5917 866 107
6169 6018 102
1681 6563 81
1130 1434 114
4023 222 87
594 42 90
1754 3868 80
5747 7286 104
2503 7482 111
4279 4034 96
2813 7318 120
4812 5764 112
9329 1504 106
7282 7560 112
107 6456 94
8682 330 84
9580 754 87
2981 6799 95
8396 634 120
776 7209 88
2408 6128 93
6697 5444 110
4938 5458 88
6550 3839 115
4368 1608 109
8102 3906 81
2669 684 113
6561 703 99
1 4767 106
771 5546 91
1721 355 83
8772 3199 105
1065 1025 101
928 473 88
870 1638 98
7087 543 102
2724 435 120
8817 2431 108
2527 5554 99
1287 166 109
8531 1080 88
4654 3700 109
7181 1804 115
9534 3155 91
1054 4251 90
7464 5449 91
9141 6537 100
5203 1080 104
1420 1883 101
1677 1826 97
5759 6834 106
6572 1085 94
3904 7215 87
4751 1355 109
9480 3062 103
4578 6142 99
7318 2988 110
8240 1347 91
2219 5894 95
7117 758 92
415 7567 92
962 257 116
8204 4598 114
3233 1496 99
922 203 87
5935 783 116
3237 4453 81
7528 1217 110
6308 125 116
8948 5074 97
8133 799 109
3745 838 102
2131 7632 718
1526 1699 89
1682 3017 83
705 1720 111
1324 4255 115
1822 3501 83
1206 1754 113
1356 7558 104
484 1491 105
1612 1600 93
673 3105 101
243 3880 89
1768 1535 102
323 3617 81
1536 2522 106
1944 1068 117
1524 7208 93
328 3156 102
1341 5784 120
173 1844 91
1336 2240 85
998 4761 110
910 7599 98
2017 2878 117
225 5744 87
1352 3606 94
1459 3376 86
1687 903 86
1917 1100 96
1648 1743 113
1317 5242 80
1377 5989 81
568 2063 116
383 2905 120
1651 373 100
1932 6634 102
141 3328 81
1341 3848 102
767 5528 103
1885 869 84
1230 3705 107
319 3327 119
969 4893 96
1480 4657 115
192 7230 80
922 365 105
926 3303 102
375 3443 112
453 983 88
153 2902 97
1616 754 87
62 3700 91
318 7297 108
686 1138 109
1420 551 107
1489 1905 92
1776 6920 84
182 5448 83
1732 4098 120
1569 4200 105
1838 3043 97
1343 2268 117
830 1363 108
794 4618 116
498 2621 99
2098 6934 100
1449 3252 101
1157 3378 118
1471 4894 88
564 1166 91
1787 4326 100
674 517 120
1861 120 105
748 6994 101
1180 2504 81
1681 6108 115
799 3576 110
1583 4524 89
181 7001 105
1077 322 98
2037 5431 120
2064 5725 85
1727 6465 105
140 944 92
951 5389 85
90 3137 87
577 721 91
1580 3817 88
1012 6937 91
570 4957 114
1451 3338 115
626 5245 115
739 7016 110
1584 2411 99
597 2993 88
1034 2149 112
2102 1910 115
230 3378 110
1652 5125 85
198 3975 87
420 1752 91
2088 7617 104
1735 4828 111
951 410 104
817 5202 119
934 215 91
1265 2233 86
1960 404 105
1303 4749 108
574 4676 119
818 537 109
552 7462 111
1096 3535 90
603 3406 115
1355 1078 113
923 3502 81
1202 3604 81
671 7046 87
18 4318 103
844 2100 95
1938 5693 114
1650 2923 101
1141 7157 108
2030 6406 80
2000 6675 116
1519 1137 115
1922 733 117
1779 4241 112
829 3160 108
1199 6873 112
487 2538 92
400 4532 93
1527 1859 104
951 6777 115
575 1333 103
1967 2553 118
1038 6520 98
1338 4589 105
413 1349 90
1706 1039 107
1899 4543 86
611 1224 87
2120 1088 83
1665 5155 116
1446 3501 115
489 2901 87
1539 450 105
1986 3527 102
1523 5761 98
920 3472 81
1278 567 88
1595 2809 100
820 4489 99
953 42 83
2129 7192 111
40 4928 102
269 1351 120
249 1593 90
956 171 117
546 3986 86
1124 1127 85
46 5901 80
1251 1438 85
1703 4970 88
924 1738 115
907 6148 86
1414 3127 102
807 7182 87
1668 3840 117
1150 2146 107
2092 6517 89
943 1112 88
1560 5594 83
1675 6772 116
28 3578 111
60 4691 115
187 1908 110
895 278 97
648 2853 120
1967 6476 90
353 698 110
1089 1545 94
2086 6713 109
1850 4830 117
236 6950 96
667 4549 90
708 4476 105
1002 1874 103
1994 1454 83
1553 2556 85
1491 2144 102
1535 2576 113
1037 2767 116
82 7274 80
627 4139 93
651 90 104
1723 43 86
52 3462 87
1097 7115 96
1239 1966 105
511 4646 80
969 2190 118
237 113 92
1443 2015 91
1184 950 117
1009 870 104
809 7127 110
1541 2561 85
1607 817 106
1067 2302 115
310 1615 80
692 963 89
1770 1357 92
39 626 86
1878 1557 109
701 2118 96
1976 5995 115
1937 6159 106
138 888 94
1558 7522 83
163 5570 107
1979 6063 85
1845 508 92
937 1667 114
2010 4327 86
979 6920 106
1712 6164 88
1932 2851 114
1548 1106 93
928 2869 94
1419 57 84
1387 5573 86
891 323 103
907 904 89
1825 6674 94
561 3177 95
1004 6840 107
306 6729 107
204 7032 112
2003 189 102
1934 5928 83
547 7090 86
36 5247 104
1314 83 116
1209 2538 105
520 4261 96
545 4950 97
680 5285 84
6 6740 108
366 3048 87
1562 67 85
1909 6364 110
353 2698 94
392 3067 113
231 6342 81
2094 1143 110
1454 1218 120
346 669 86
665 4802 106
1553 1348 109
507 6383 80
1213 1914 85
1945 6599 85
1007 1206 116
2104 6554 104
589 2009 118
823 3549 109
555 1522 80
1048 299 103
1441 5022 101
249 2783 83
1896 391 81
1896 129 102
850 2793 90
931 4289 92
437 1011 104
1874 3405 83
1531 1754 100
1588 1462 106
1919 3819 118
1085 431 108
1499 6717 113
1088 4262 120
1870 4211 102
1862 2781 87
103 5287 109
1720 5311 88
660 5827 81
2069 6444 117
1142 1763 118
383 1345 88
1535 7235 85
1748 4192 86
111 4559 109
7 6238 119
1950 6225 97
762 6342 81
1606 3736 89
1876 382 81
1719 4117 86
909 6677 99
1190 5742 117
191 4388 100
1630 127 90
558 5876 85
1097 2603 99
174 913 107
1464 270 83
1481 3407 92
349 6332 103
2010 522 93
805 6099 120
437 4466 88
1306 2127 104
2025 2219 115
1107 3987 107
1655 3942 116
1688 5724 83
1637 6631 112
2128 3503 90
1182 7037 93
555 448 100
302 5557 87
270 6377 95
1031 2874 81
1272 2764 90
808 1093 116
1538 1602 107
342 6992 108
1818 1983 97
1671 26 104
954 2109 108
1873 6735 100
453 2404 106
1866 1841 112
562 3142 115
694 7546 89
1038 6591 85
14 2609 111
1253 440 84
787 38 81
1392 1714 86
848 4572 89
411 2544 117
473 6185 119
1205 3749 107
1625 1029 110
474 2564 105
525 4582 106
1644 643 101
821 6208 111
1294 4395 117
623 2223 93
894 2142 106
2005 6070 83
1606 3723 93
1420 4343 84
6 4776 84
924 3801 108
1085 233 110
1078 5100 113
266 1502 112
621 7101 88
940 5729 93
529 2179 112
1983 7049 86
848 123 112
2044 7326 82
1053 3946 109
721 2626 85
1370 6522 83
2114 4368 111
1686 1868 96
2075 5412 92
1533 5910 99
1085 2464 93
1943 3811 107
1012 5301 97
307 5075 100
677 635 104
170 2076 97
1470 2596 119
794 598 102
1770 381 96
555 261 107
1290 1378 82
2040 3152 118
1267 3570 112
1511 926 86
100 2364 91
540 6057 105
296 208 91
2100 7223 111
2129 3401 84
266 1931 84
172 1658 107
1002 390 100
975 2211 113
346 4864 95
75 6561 98
852 6079 93
816 458 90
683 774 115
368 2535 102
31 5644 119
1342 3191 117
1558 4188 93
1331 4839 116
222 4599 88
1165 404 109
408 6552 81
1246 5871 105
512 1713 108
1506 2261 85
292 3580 82
1291 4849 88
590 7262 119
1499 3386 116
1005 5543 88
2008 4167 97
809 497 82
707 429 101
296 3366 114
738 1399 120
638 3815 88
419 4608 120
817 1611 96
1816 3293 98
583 1404 116
782 1977 90
231 754 103
1181 5062 112
329 1212 82
165 2110 80
16 2621 102
711 3191 82
1111 2997 110
1242 4742 95
2022 4179 84
729 6879 111
238 7337 99
42 3248 109
571 7054 87
449 158 96
1265 1430 93
701 6606 104
641 4447 87
247 7444 116
808 2444 102
1345 4745 109
1873 851 83
1939 3105 105
1068 34 109
1718 421 99
963 3062 85
1813 590 89
1346 5157 102
453 7357 91
1714 7500 110
910 5878 112
1735 7385 107
1786 6196 101
1381 5900 111
400 7511 90
2094 7232 106
1383 1878 94
106 2790 116
502 905 104
2036 2033 106
298 117 111
1238 1435 97
398 863 85
2104 3269 108
1370 4108 89
245 6781 82
204 1964 120
691 5771 106
317 6121 110
1950 2084 82
888 2749 82
2081 5511 118
953 1940 116
223 5821 112
1146 7197 99
1941 6666 110
1077 4815 83
1870 2331 112
287 6216 98
1370 3191 90
1218 6152 94
283 1136 103
871 3077 109
1668 6824 90
293 5868 81
2120 5362 118
1589 6023 102
1250 7500 88
527 3833 108
129 3644 101
427 1699 117
271 4431 117
694 6449 106
894 3337 116
171 197 117
2 5699 114
974 3956 95
1582 4536 89
373 6210 113
1109 6528 112
1017 2189 93
1869 5894 108
379 1077 91
930 330 90
1302 2156 84
173 800 88
909 4170 114
49 4902 95
1733 6316 104
1457 4406 85
1421 2962 113
460 4292 93
1214 5273 107
25 6223 105
2043 4094 95
73 5612 115
1319 2890 81
441 116 107
1384 3974 95
1108 6125 82
1135 4319 111
620 752 93
228 6469 89
585 6755 94
2111 5970 120
445 4882 85
632 4796 90
1933 1962 118
585 510 110
1929 6286 100
438 1765 89
1715 2100 98
1510 4850 92
1886 7499 110
2012 5572 107
273 2698 103
521 6162 82
251 7375 119
226 4003 110
567 1123 115
420 7211 81
1771 1446 114
1679 2426 91
1287 7287 92
1142 1273 109
987 195 111
353 5760 101
1026 1363 100
1534 179 104
308 2963 105
1205 4278 119
166 3222 114
421 7219 110
788 4480 108
1630 3738 81
1145 1379 94
472 7068 108
268 3952 115
1309 1626 95
421 3694 110
659 1263 118
1106 3574 96
1069 5140 98
1825 3272 103
1250 33 102
237 1407 97
1626 4579 101
1367 5605 103
513 2529 115
902 6264 107
628 6148 117
262 1994 109
1244 17 95
496 1528 87
177 5492 101
595 2537 110
1212 2716 83
307 3968 117
2007 7413 113
2002 3692 118
484 7077 104
300 4458 84
71 447 81
307 6627 80
2061 5528 99
1756 901 98
365 5202 118
238 7018 107
1433 7050 95
406 3550 117
1462 1402 88
2039 2878 119
377 1509 84
1315 1812 117
1443 2974 113
318 2298 116
660 2062 120
1917 1584 85
1423 4408 120
885 3437 98
1906 7102 84
454 6395 117
574 6245 96
1864 117 93
1865 3411 102
1613 2581 103
27 7186 110
1760 4701 103
1706 5967 107
2093 2981 96
1051 4579 80
599 7229 92
28 5651 89
706 5667 99
1000 1723 93
1287 441 111
1502 2942 90
401 7459 109
1885 1239 111
770 2271 81
1287 1089 96
1036 6400 101
315 1887 110
569 5005 94
329 3156 90
1617 546 101
1695 5076 82
136 1582 120
904 4311 114
1486 2910 88
413 4203 97
553 2777 89
1920 631 113
726 6358 90
1849 5990 92
712 5881 89
126 5248 93
1494 19 89
1940 762 84
1442 3391 117
52 4136 119
1386 3253 94
1810 5159 84
1392 4653 118
1423 1891 100
137 4223 99
1918 2546 83
1986 1622 117
1212 4371 103
10 5200 100
830 5786 108
388 1944 105
773 3806 109
101 609 96
1643 2621 97
1157 5785 110
1409 5782 81
539 3325 95
2043 6646 114
75 4737 86
1199 254 86
1609 7619 89
261 3571 110
437 2663 108
532 5484 96
1422 5584 80
477 5114 93
1582 5746 115
451 3354 102
1786 4249 93
1542 2840 119
13 7124 97
1161 5505 120
750 4937 103
1504 5609 104
1894 7348 110
1056 578 112
1370 1565 88
486 59 81
176 5628 88
1827 293 114
968 2072 83
771 2518 83
1912 1390 97
815 2551 93
1842 1379 90
2003 3610 97
1765 6800 98
1101 5710 89
1438 1507 90
1529 5393 83
857 392 82
156 577 93
586 2400 82
1019 2586 108
835 5769 95
381 2220 114
688 2110 85
626 6241 95
1073 6192 87
264 7373 118
1582 3424 106
1927 2207 106
445 7000 118
1485 7468 105
632 2317 103
2021 6202 98
755 7245 119
551 2117 89
360 3328 81
1836 4899 213
881 444 80
1327 1396 89
1834 2956 80
503 4563 80
147 535 88
550 3766 83
199 2583 92
1518 921 93
6 846 84
1776 94 106
375 2310 109
454 2915 87
602 1417 103
14 1300 112
682 2462 89
1288 2352 92
1629 655 97
430 487 98
845 1700 99
1715 2607 118
269 1200 96
516 2973 119
295 1185 106
1003 2210 98
532 3790 116
199 617 91
284 3191 95
466 3220 107
587 4755 82
1089 4101 102
1159 1661 94
598 2741 96
1269 3115 98
918 3543 112
666 3678 99
803 1068 115
165 459 93
194 3847 93
790 4599 86
281 2555 90
1636 793 116
1219 2710 120
974 3331 89
1302 4421 96
1005 2125 117
675 4432 82
1802 4667 111
1015 4409 116
840 2884 118
1625 4797 112
701 1133 116
1418 761 97
153 4535 102
1200 2813 87
334 2564 93
651 738 115
48 423 116
1505 2463 110
1103 3248 80
1153 3166 112
484 4767 83
1420 1751 114
968 2336 100
460 654 105
79 381 119
875 1403 112
317 2563 97
355 4322 114
1012 1748 81
756 1415 106
437 2843 80
275 2846 101
1261 4834 112
631 3427 105
964 4731 93
425 470 85
527 4346 101
82 1802 91
309 4494 118
1548 4428 106
1021 4176 96
279 2208 84
307 1215 106
485 473 82
768 4809 97
1602 75 90
1074 4008 84
9 1638 116
444 2457 101
848 3946 94
1125 1990 87
1469 2824 96
1070 1478 94
1054 878 119
329 4747 119
1184 3810 114
825 410 107
736 687 99
1823 1769 103
56 1270 82
787 3699 93
943 4714 120
1806 1293 106
396 2457 95
390 4787 120
656 1631 120
1701 3445 106
62 3703 118
1297 1782 110
505 1332 102
306 1345 110
1013 2010 88
1777 3047 90
1269 2083 83
1088 160 84
116 4627 82
974 3072 96
1549 3669 86
755 417 116
1697 458 90
1310 175 108
984 3356 99
1645 2049 84
431 4894 86
763 1833 108
1694 4715 103
306 900 93
1394 3477 96
1339 333 87
886 1243 89
593 3831 113
514 3999 107
1244 2688 94
1055 348 91
1191 2308 88
585 89 112
365 4405 113
1545 4008 105
1046 3206 98
1220 144 118
1401 4818 94
1242 336 103
1655 4639 94
422 3059 100
362 3209 93
790 4857 94
82 1452 100
1516 2050 86
1099 2357 82
1220 558 104
427 1916 83
846 2116 81
1420 3758 93
1499 4751 112
764 4895 116
1033 3223 87
696 56 91
1125 4652 117
755 4461 104
1112 1822 115
1076 3707 110
1622 2562 97
1697 1546 113
453 3186 103
97 1971 82
555 3509 87
1022 3873 88
1239 1669 83
474 4063 103
81 660 110
415 1388 102
1532 3100 118
1343 2850 100
1645 517 119
1769 1353 119
942 4475 87
267 98 83
1697 2344 111
613 373 85
1577 1194 92
1753 2775 116
553 4762 119
1766 476 82
983 685 117
576 2550 87
47 3265 96
1676 738 81
1359 876 99
1040 11 103
267 4438 118
1558 4813 99
815 2113 89
1111 3052 86
1007 3478 106
904 952 106
1684 4850 100
1446 3112 109
1395 4382 120
684 518 101
1370 4730 111
1327 2903 86
1246 1853 103
1704 2166 109
1073 491 85
1257 3182 90
527 2767 113
1169 4410 108
1115 4256 98
794 2917 88
643 3763 83
77 2381 96
870 1052 81
1342 4280 113
2323 8461 673
1424 8194 114
1329 2592 111
1515 89 107
202 8372 95
1271 5886 114
1637 4540 86
669 2946 99
1226 5284 107
1329 7599 118
2291 5997 83
1451 6530 92
1709 1276 104
580 1138 117
319 7996 113
217 7430 117
2224 5311 99
390 1309 115
2057 2202 94
740 6099 89
2168 3945 110
1366 4690 118
817 204 91
1936 6636 84
1184 1038 92
515 7464 90
1063 4569 102
730 3636 110
564 3814 91
178 8099 104
1433 8216 112
1139 7076 117
218 7190 110
796 6148 103
540 5882 112
1472 4961 99
2237 2166 86
845 5891 117
180 7198 86
2310 1292 83
124 7438 88
412 6398 88
1099 8128 103
672 6045 114
292 7264 88
1979 5646 97
336 1050 80
1395 3268 106
981 7185 102
2123 2602 98
1560 6680 106
1850 2828 97
1901 7273 104
904 409 118
1632 4319 95
539 7099 120
2089 2782 98
358 6309 109
381 8288 114
796 6587 118
705 2369 101
1208 4968 111
2153 5163 117
425 4132 105
1466 2355 107
568 1284 80
2220 2212 104
993 6854 113
851 3682 109
1854 3689 85
34 2087 110
668 2761 96
2112 2136 109
864 2586 115
1517 5485 95
133 2534 97
2005 4996 117
2239 2371 102
69 303 98
340 5144 85
178 5937 118
280 731 91
1674 2093 86
481 390 102
433 5729 107
1118 3354 107
1759 1743 99
1209 5488 88
590 6611 93
2306 522 87
1481 1645 83
2193 6813 119
807 4508 117
1723 31 80
2254 6556 103
198 5742 95
855 2019 96
1599 2926 97
1335 6916 119
1652 4971 115
1532 816 108
522 5519 91
963 3750 112
1734 827 92
238 6826 105
1290 241 106
1349 6707 98
413 4293 102
1267 7200 81
1455 6754 97
1855 2121 119
974 4686 89
360 8064 89
2304 6502 104
1352 3254 81
577 1675 103
1281 4375 118
1270 5672 120
4 5865 110
2260 4635 91
716 6181 94
1204 4662 107
2315 2840 98
86 3149 82
2266 515 92
2186 3638 102
676 3827 114
1464 4968 119
2128 4190 114
22 5352 84
590 616 89
1396 5889 113
1872 5174 105
312 56 85
1050 4257 101
556 5519 95
2315 914 116
910 2260 84
1250 3722 96
1719 698 92
1106 4943 103
1388 1907 87
311 5785 97
1159 3772 117
2194 3083 118
2312 911 109
542 7366 110
1063 7581 92
2156 7677 81
1589 7327 86
1632 3280 104
587 1600 102
1977 2474 120
647 7801 113
434 754 119
1353 8285 92
1839 4385 115
1238 111 104
1886 863 99
1029 7103 104
1017 6821 90
1185 3822 109
197 7539 85
1289 2668 114
1332 1478 81
1937 4859 98
889 4893 119
526 5249 94
474 1736 100
955 6036 116
2178 4515 109
405 1282 116
1070 2377 93
1741 5051 117
1618 1787 82
1986 6969 86
2288 6924 114
615 6080 97
1580 7524 87
957 6391 105
547 6901 117
1410 2245 97
1399 423 117
1198 1533 85
516 1816 111
1364 1972 102
1592 2492 104
883 4289 100
1401 6288 84
1971 1579 85
1238 2306 82
2180 7529 87
2210 1504 110
827 3936 100
1595 1353 104
1559 6362 88
307 2302 107
1265 838 110
1250 6619 91
1296 660 105
683 288 100
253 399 109
735 5762 104
586 4042 120
948 8461 116
2023 7377 108
991 6759 115
1038 5693 92
394 4850 85
2094 5865 89
825 1359 116
768 242 107
1849 2259 102
2197 631 89
749 4481 117
713 3811 80
1201 8317 83
50 2330 107
1379 4745 93
1097 5088 100
745 6423 87
76 2603 84
1702 2931 92
1676 6474 91
1920 7324 98
2044 1648 105
946 7791 96
670 8029 106
1758 1798 96
939 8411 109
1694 5926 99
1102 1568 90
666 7493 114
1738 2526 90
1494 34 115
662 6066 117
999 7252 87
1313 6817 94
793 6397 114
1689 7908 105
805 5294 95
624 7244 112
1211 1479 88
2261 4042 93
1938 1829 89
1268 7730 94
377 5393 120
1540 7442 92
657 1726 113
2154 4846 85
1960 282 106
557 5692 81
829 5473 95
810 2326 108
1551 2586 103
2067 557 103
1594 1000 107
2046 4338 109
748 5270 86
666 7356 82
52 8286 106
1779 2885 92
1729 6363 112
1644 2471 88
596 6851 87
1752 864 107
1423 279 107
2149 7668 108
1955 7594 119
1284 2644 94
1479 840 119
1246 8427 99
1429 2952 110
462 4309 97
156 7021 90
555 6401 115
182 7871 108
2249 597 84
2093 5553 92
23 6738 82
511 8363 111
1192 8448 105
2311 5307 93
1641 5421 108
2159 5682 101
1796 3389 110
401 6014 85
2160 8170 110
248 2582 116
1674 3437 100
546 4107 118
2291 5102 89
1417 7344 85
1159 5375 116
1511 3769 89
1114 5960 117
768 5032 94
975 6985 104
1738 3814 85
847 7174 98
373 4054 111
856 3029 82
1826 3758 99
17 609 90
992 2003 117
2064 5818 119
1421 413 104
2017 239 110
606 6205 103
1832 5338 92
679 4868 114
386 864 111
655 484 118
127 2424 114
1008 5632 104
543 523 112
1759 2400 93
927 7792 95
1767 6110 116
2135 3942 91
507 6681 110
71 720 118
1344 1151 106
109 2193 115
469 4119 86
1828 3588 117
911 5361 81
704 391 96
207 2348 88
1868 3734 105
3 790 87
552 6136 108
2112 1225 113
1308 2720 82
1490 2031 95
2238 4812 98
208 6571 87
229 260 96
930 7688 95
1261 7091 92
733 1140 118
930 1868 106
1328 6161 99
1254 3376 113
642 5377 113
1844 6565 98
2270 3128 110
1225 17 113
843 7301 110
546 5191 99
1679 3903 103
524 7505 118
1866 3710 117
10 3080 100
957 8228 95
1328 1705 116
197 8381 106
1233 2412 120
1843 1104 100
422 6515 84
152 135 85
302 5540 90
817 6956 87
1205 5196 101
256 3102 89
937 2126 99
1471 1298 90
1433 8250 90
1072 7040 87
1762 5552 111
946 4320 118
1822 7432 95
1115 4848 113
723 7448 87
1743 5625 102
1693 7293 90
1539 7968 80
1478 2394 90
854 2039 103
70 2470 115
2261 859 113
478 5667 113
2155 98 93
1879 4267 103
1153 6170 109
474 6687 116
1451 6769 110
700 7962 91
1040 3019 89
1267 7177 109
125 804 104
1649 244 98
571 1833 107
1135 4407 107
481 4429 101
1444 1926 89
1610 5702 94
1094 7313 82
161 7951 81
634 1910 107
593 41 81
1766 4579 80
779 924 109
823 7112 101
2313 7842 81
1962 3770 113
1206 6511 84
284 3104 81
1750 2665 87
1986 3018 118
1808 7902 93
530 3376 89
1200 5259 108
119 2813 89
52 6775 107
2132 333 118
1133 6520 96
1521 6529 119
1700 4886 115
742 8353 81
1586 934 101
1773 3485 105
590 3314 88
1559 1406 120
1324 1284 105
2168 700 102
1635 4165 107
1398 4506 88
2061 1387 99
2240 2466 116
2175 4829 93
525 7014 89
1709 3390 100
1542 2271 107
963 2029 81
1526 5847 99
942 7421 108
787 4652 120
339 218 81
468 3072 93
500 2908 82
668 1279 113
948 4 93
573 2539 114
757 3020 84
1688 25 110
310 2919 112
448 6657 80
1205 4548 107
2204 555 118
1809 2444 97
1972 8442 99
896 2905 80
2161 3662 82
117 4104 99
1258 6234 106
536 3976 106
663 5123 110
1639 7791 89
1292 5444 93
525 4066 84
454 6050 89
1854 8295 94
1770 7324 116
50 8384 87
913 7598 115
1867 3915 91
546 3343 117
1062 4606 96
2208 947 116
2039 7349 107
315 1 84
2016 2994 115
2179 3602 108
2058 3394 104
1979 5153 105
83 2534 120
1633 58 115
1076 8420 89
2009 6275 107
1125 1063 100
1958 294 114
1714 6903 91
124 95 89
1057 8035 87
1647 5712 92
2044 5698 104
2292 5188 103
1566 6880 108
1004 2897 85
1869 2385 98
1208 7856 93
342 7067 116
917 4027 111
2318 3777 90
1990 3154 96
1360 8423 106
788 1883 92
207 3075 108
635 554 112
234 8284 91
2202 7170 85
554 3888 84
667 9 96
1354 2565 115
1335 6766 92
1318 8409 89
1744 7037 82
662 5292 81
2016 703 110
1148 5933 85
1288 5076 98
1006 5281 86
1767 5473 115
487 5950 94
552 5957 115
1609 1150 109
2040 6816 81
1985 3991 80
611 2040 81
927 6908 120
755 201 101
512 8009 89
1096 3327 88
1141 3122 99
1408 7100 91
1523 1761 120
2035 5969 112
117 6394 105
599 4335 115
2058 5759 113
689 583 109
673 2443 113
972 1188 83
1932 6722 81
1642 4524 110
1363 127 105
77 8351 101
1015 7759 111
1372 6163 95
35 3728 91
1678 7572 108
1824 3172 85
870 4260 90
1082 6376 102
677 7253 100
752 1172 112
110 2209 94
1169 1405 89
1932 5675 93
1550 4096 103
41 6491 101
597 5239 88
1582 7259 101
1865 5864 111
530 532 108
929 3451 105
2068 5167 87
629 5030 108
1111 6700 87
455 6205 96
1093 6516 86
86 3668 84
860 4543 118
883 7560 90
1076 7755 116
1481 1805 100
1714 6137 80
597 2592 111
33 7995 108
1178 2829 82
371 6969 106
396 2462 114
2058 4391 113
173 5364 93
1689 4651 99
320 6070 83
2297 6058 93
84 3911 81
2016 7513 86
452 4133 101
414 4488 104
1829 4497 114
904 327 84
126 836 110
428 6644 84
528 1677 111
1972 8139 85
1907 2834 119
749 2249 107
975 1272 117
2116 4368 87
122 4330 102
1310 7269 80
961 5640 113
1 3092 82
1933 1207 100
2322 6517 113
1196 6455 118
262 1209 103
527 4212 88
658 6137 106
43 4761 87
1829 2362 97
0 4438 97
1606 4853 102
879 8048 94
1175 7606 104
2221 2967 89
170 3290 83
308 4656 81
756 367 90
646 4074 114
1031 2653 90
1075 3351 119
1871 2948 94
346 4305 82
1123 5135 105
1857 2463 118
1701 2212 96
470 7157 104
1846 5865 114
135 5398 98
1888 8062 88
2100 5645 90
1839 6235 114
1196 4882 101
2170 7042 92
714 6989 94
1999 8164 96
3 749 108
594 7877 84
186 5485 110
633 3112 81
558 1686 118
330 179 85
356 6783 118
1366 4004 101
2070 3196 107
218 7806 103
1583 2997 94
302 2232 103
1688 413 87
1133 6972 89
1087 8151 107
2250 3069 90
975 650 117
894 6919 108
1515 814 81
215 4006 120
1048 1773 91
40 3278 94
226 3706 109
264 4889 115
2135 6605 97
493 2199 97
2295 1290 88
1096 4034 112
1319 3279 89
1296 8288 111
1562 4528 97
451 2578 118
492 5674 80
1582 515 94
1988 2711 80
1809 3296 81
2251 5174 119
1011 3028 116
198 7105 91
95 2548 94
1821 1537 94
852 2625 112
993 4652 83
721 6063 118
8497 1794 785
6651 1020 115
2614 585 104
6992 1579 87
1409 1500 94
4937 166 99
7007 912 108
7622 1449 110
2263 1153 109
2361 1516 98
8145 104 86
4622 64 80
1262 1769 98
7143 751 106
6727 552 112
1568 1628 81
5178 675 83
8367 217 90
6001 1675 97
5729 636 87
5041 1223 119
1680 1573 90
5416 1715 95
4071 1515 99
5381 246 105
3360 440 108
5669 274 80
8307 388 105
7059 249 84
1934 235 97
1971 835 117
4822 611 109
1726 1772 109
1154 1651 113
7032 38 101
6825 1433 118
4325 532 114
6424 1053 98
4011 1612 84
5715 1397 109
8055 275 81
337 1363 116
5772 924 91
4413 1787 119
8405 167 92
2239 655 95
6532 354 113
4828 1213 99
7388 1651 92
6214 1713 98
3470 1179 81
6166 465 114
130 1737 110
1668 1281 96
5522 589 105
6253 1522 84
4223 1427 100
2036 1607 101
7807 712 107
3147 1437 116
4233 1222 103
5219 530 120
3030 292 114
6219 835 112
7511 1243 90
2116 1177 98
4768 68 109
2982 453 82
104 1134 101
6403 1621 86
2252 1664 88
1395 482 120
1345 309 98
3446 281 108
2244 761 90
234 362 118
2180 1776 87
2980 104 118
3796 751 89
2646 1681 86
7715 324 116
3223 1758 88
6762 1255 97
5469 209 106
4310 570 120
1514 979 115
6585 905 89
1764 176 106
3521 1090 108
3598 1091 104
7295 978 109
5597 1787 108
7765 981 119
2745 1490 112
1295 283 99
3071 550 93
22 1508 93
4617 486 120
6341 871 115
7253 1046 87
7722 1131 110
1012 1578 83
6239 900 104
3305 1028 111
4409 1553 109
1398 462 87
4653 1768 113
6486 1462 80
2747 1482 106
5762 294 106
7062 1647 104
957 1623 89
3089 1191 112
2262 1500 105
4076 489 105
2735 233 110
2864 1262 80
3000 999 92
8094 1666 87
1410 794 90
7937 649 86
6152 1115 82
5286 10 81
2205 371 111
2289 357 98
6883 1533 83
903 115 120
1709 906 107
5281 767 114
8363 1444 108
1897 1223 88
6041 616 103
6643 345 98
3797 1382 91
3168 631 89
3816 1044 106
623 1611 104
6749 1486 118
2166 1046 91
3683 1326 118
4151 257 105
116 914 100
2665 418 88
1589 1195 117
83 1580 90
3548 1267 102
5724 60 87
5663 406 102
7101 1750 114
7166 129 81
723 192 83
5841 1462 86
6279 194 109
334 1746 81
2004 714 91
2666 590 119
5809 882 88
6147 1621 110
8048 581 86
4284 1028 109
5584 861 92
760 591 112
4922 197 92
4074 580 109
1200 1552 116
4446 1779 97
516 940 82
6958 67 80
4894 350 94
3984 318 83
2392 1422 81
386 1085 117
4638 650 88
6306 146 113
890 1270 119
4641 252 113
4032 1083 119
3496 1450 118
1648 1483 83
238 980 118
4659 1092 102
846 1073 114
1477 1582 90
4250 39 99
5562 707 82
2071 1315 114
1570 1365 98
3463 1305 85
6535 737 87
7683 1665 87
1892 1699 91
1567 1080 81
5037 931 97
558 828 84
31 412 113
7409 67 117
1155 130 93
2781 671 85
5439 1597 116
7759 1421 105
4178 1239 110
431 1163 91
4737 708 83
4040 461 107
606 1402 82
1364 53 118
8033 916 84
3655 1095 117
2042 1101 98
6822 280 98
5128 805 89
4094 1754 112
1926 1758 89
1677 522 86
2771 277 99
7222 1721 105
5447 965 113
4045 1384 110
4725 195 102
7230 1759 110
7828 1478 116
3277 949 105
6145 9 91
6868 1453 99
4061 1045 120
6933 647 112
2451 318 106
6439 1300 114
2248 672 103
5087 300 86
439 1143 115
3190 982 96
6013 1036 113
6893 1564 120
6454 647 85
6422 1390 85
7203 1497 91
328 771 101
2130 225 109
1388 1713 88
577 792 119
1043 978 95
571 1587 109
4650 1114 87
2217 153 119
2211 423 111
305 713 89
5387 667 96
4359 1093 104
8459 1779 97
1559 1576 93
4609 1200 112
6304 1768 89
2123 422 97
4155 1167 80
5118 1780 100
7894 826 109
7916 1732 87
5812 73 103
1383 1540 87
8096 375 84
5958 940 84
2914 60 96
7935 627 89
8206 102 105
6030 39 109
5018 642 116
1865 392 88
134 158 115
5325 11 100
8216 211 104
3765 1623 105
4869 1160 81
1419 560 100
550 130 115
6429 1002 95
7002 1446 106
2689 297 80
4010 1632 88
3489 205 87
7981 1688 87
7597 133 107
3055 822 103
897 596 114
403 55 99
5329 1321 110
5604 171 95
3789 1005 110
3538 1705 108
2281 20 120
2815 176 99
8340 229 108
1022 268 90
5230 483 118
8051 1609 102
3403 171 80
3655 606 118
4643 553 120
647 891 106
578 209 102
4177 899 106
1895 281 104
7292 202 110
5257 537 107
6740 929 107
8462 608 116
940 248 107
5560 1068 110
4953 1188 112
7436 1331 81
5277 544 99
3319 1146 120
6148 646 117
6934 477 100
1044 1221 118
5168 419 83
7315 1291 82
8366 1581 101
1633 257 85
5022 944 80
7082 655 104
6825 27 86
8275 1496 107
4696 819 107
1546 1620 80
8043 1157 102
998 682 82
5715 539 94
8291 680 114
3210 866 116
2282 595 80
778 1757 80
3440 1172 95
1487 1248 102
641 1005 116
5951 574 107
5277 669 83
5488 1426 116
1506 748 103
8002 473 100
8391 521 84
518 1410 94
4832 1369 115
111 443 117
4451 841 110
2024 1479 92
8250 1053 86
7157 230 82
7165 1272 102
5890 345 97
7337 1143 110
1953 1347 98
7883 466 101
6601 980 110
6912 1195 112
1934 426 113
2842 555 91
509 94 105
2955 374 119
164 560 93
372 1178 105
2083 593 101
935 1121 107
5612 70 97
3231 9 96
189 611 97
4997 864 104
4203 1794 84
4379 503 97
1107 670 118
5914 1192 111
5270 589 106
8344 866 85
6529 44 80
5532 534 93
1986 632 107
7245 1109 95
6441 112 107
2475 1148 100
2827 1767 105
4951 506 113
2694 173 110
4653 476 118
605 1246 115
6165 1726 80
1008 1250 111
6787 1733 100
1923 179 119
3514 620 112
5588 99 90
813 757 94
4307 1506 100
7904 1173 115
5012 325 90
3689 1463 96
3787 917 95
4564 1187 99
3000 868 101
7614 1721 102
6360 1318 102
1816 1023 85
6177 595 89
1126 637 90
5983 46 106
1265 715 103
3086 1541 118
3793 416 86
4390 1267 111
5481 1637 91
3239 585 82
634 37 104
1569 12 84
7421 619 120
5207 1243 110
3143 1396 100
2825 1200 112
912 1444 102
3863 641 92
2858 981 111
3034 1590 118
7588 638 105
2942 678 116
2965 1129 95
3650 340 107
1776 1543 116
4675 1628 104
2073 989 112
4783 141 107
5378 630 101
780 1212 81
252 1191 117
114 14 83
5064 124 91
8310 350 97
2268 275 85
3092 567 107
4808 1053 120
7106 182 107
1768 830 96
1111 305 107
2197 407 93
767 448 88
5316 1057 83
6832 1558 111
3706 1264 80
4495 1768 82
5931 887 94
7574 167 100
4423 230 90
844 814 101
6154 737 98
2522 1667 101
6299 1504 115
584 1205 101
6541 479 84
3860 938 103
1404 927 112
6871 288 81
2463 1199 87
7239 1185 112
1764 345 110
577 1127 113
8343 1470 91
1748 1194 83
8196 217 89
3416 58 117
2872 1174 104
6652 708 88
3231 397 83
705 852 109
7336 1272 109
6024 362 103
419 1676 93
5947 936 80
1186 282 119
6397 856 105
4133 80 119
6588 1166 90
4878 547 96
4811 1768 91
2266 1381 85
5368 1274 112
6100 40 106
6244 56 102
6028 728 115
6940 882 87
4682 1491 99
377 1525 110
698 685 96
7548 243 90
580 1715 94
3852 1614 109
3739 1663 83
1350 1304 115
8395 848 109
6440 268 92
376 595 89
5426 1737 87
6483 308 114
2553 1206 92
8043 1551 109
1624 1123 88
121 1350 83
5856 1116 84
5539 740 110
4906 1515 84
2296 421 92
5149 1260 116
1412 297 81
4601 939 102
6073 745 108
2208 382 112
5421 606 113
7607 1125 114
6968 485 93
6841 1753 101
7639 568 119
6578 1455 113
5981 1609 89
7580 62 116
3207 1733 114
6056 1025 115
6988 698 102
4419 1632 101
6077 352 93
4918 925 116
865 1350 89
2811 899 101
4748 1440 96
3798 702 83
1100 794 99
4732 86 88
3410 840 94
2523 1072 99
6742 358 81
1371 149 109
5940 1001 90
567 1744 93
4777 933 80
3252 737 102
4551 953 94
559 1540 82
4343 658 93
8154 436 91
3034 347 93
6030 1786 106
7201 906 112
4332 1367 97
2870 1269 89
250 1371 104
4096 183 108
7797 1425 98
2748 71 97
7664 429 110
8206 1155 116
3073 68 92
5376 899 115
6241 1256 108
442 1522 89
3248 219 90
4331 274 91
6013 1344 81
6558 1196 81
1740 686 85
3194 177 103
4972 1559 100
65 1325 107
6223 1535 99
871 32 95
5372 366 108
152 1192 91
8249 317 111
1339 373 85
5400 1460 85
6294 451 107
214 1624 86
2388 1720 90
133 1185 91
4314 934 94
68 232 108
5884 1063 101
1290 1157 104
865 753 103
1069 793 92
7674 227 115
7722 361 89
8041 166 113
6221 185 90
1211 433 100
688 722 93
6877 1389 82
6307 1360 118
5180 15 120
4804 930 86
5323 415 81
7726 961 91
2412 415 96
6127 566 87
1179 1088 88
5619 1446 111
5340 1259 115
4849 1568 118
841 1368 106
2297 113 99
4364 1631 80
7425 852 108
2446 889 89
5209 204 102
8309 470 99
155 1775 80
2163 76 88
5227 65 90
8327 678 91
4000 1670 111
1411 667 101
3929 258 99
4430 936 97
1377 1446 100
6923 530 94
8208 1621 114
4636 1250 87
7087 289 109
6280 1085 116
1539 9 116
4840 881 115
1199 379 100
3201 1280 120
4179 1465 105
285 1696 97
1108 870 112
1687 674 104
101 1175 117
3953 484 118
164 622 90
1335 1507 95
4097 201 104
1320 1776 109
1398 1495 86
1149 1511 82
2140 724 107
4939 869 112
6415 1604 100
7281 11 115
6822 295 93
8495 165 92
4318 883 102
3264 129 114
2083 1648 87
1277 1368 102
5470 362 101
7955 1376 109
8380 1723 106
3031 501 89
7084 1670 85
146 889 96
7156 1022 86
771 1345 90
5752 251 101
1397 1606 110
1859 959 98
3908 393 87
3668 607 104
7424 1679 108
580 1290 88
6798 1616 97
3163 1414 104
1246 1154 101
6964 585 87
1099 1195 85
3163 988 80
712 627 112
3492 708 81
680 481 83
5705 1029 95
7045 1417 82
1696 773 102
1611 1192 111
2266 1108 87
3564 330 106
6224 1600 94
6460 1616 115
2647 565 103
4810 829 108
4964 56 90
1305 964 112
7007 565 96
6645 309 116
6873 893 110
145 772 101
5768 1163 89
184 1343 86
685 384 93
3906 757 112
4923 1336 88
4460 880 96
1761 758 115
6884 479 91
6114 251 80
4083 1524 99
715 354 84
7072 551 82
1034 1687 92
5177 279 93
7922 1464 102
6302 929 80
2840 1386 103
3679 383 91
3792 399 111
5323 1582 90
4328 937 116
7635 1269 106
4718 953 103
6320 1333 101
6901 646 87
4780 1403 104
4793 1498 111
4965 695 90
5098 1519 117
8418 756 88
2118 355 98
5228 1670 112
4124 1118 111
1284 357 100
1907 1525 118
1232 62 110
3678 896 107
7647 1040 117
219 956 111
883 548 103
2313 719 113
2701 583 114
3147 1694 98
4992 1171 103
4405 433 103
48 826 119
3857 901 99
7066 257 105
1210 937 103
3300 970 104
4115 1625 92
7485 1230 101
1629 127 115
2260 1716 101
1198 1198 86
7786 1095 119
5376 632 88
3282 1476 114
2704 156 111
5503 1617 102
3683 391 109
7156 654 90
4758 1217 98
6100 752 118
1122 434 111
5490 1522 92
2056 781 119
7087 331 109
373 543 109
4798 524 90
593 778 92
1153 843 82
1849 162 115
2350 258 87
4290 452 110
4257 1489 120
6086 1535 107
6881 974 112
8386 676 84
321 1449 104
404 1139 106
1374 1774 96
1048 1483 102
2604 694 113
3923 1435 84
1777 1465 84
2462 392 113
8052 1034 82
6839 606 90
8125 225 106
8190 1714 101
8332 471 91
3052 1422 85
4237 1667 103
3110 514 82
6156 1467 105
463 367 84
