10
5319 3710 119
2901 3013 105
4913 1727 100
891 3654 112
3304 3249 89
394 1201 99
1212 241 116
1194 2675 104
3347 3315 87
2904 296 109
2884 1954 84
834 2730 81
23 1681 96
1871 1178 89
420 2585 91
4072 2219 97
1852 2392 101
4464 756 111
272 1042 101
4429 2872 81
2286 194 87
1842 30 94
3908 1239 81
225 1621 106
3226 3110 88
5182 700 80
523 3012 101
1696 2058 106
3953 1484 118
3953 439 116
1997 980 113
635 24 87
1597 719 80
266 2266 106
931 1469 97
3106 328 109
3891 1530 112
4380 2809 117
4445 2282 115
3175 12 94
800 1342 97
2406 2922 88
487 1011 92
1774 72 109
1710 2865 84
480 2140 81
2935 1251 105
2747 3235 93
2185 2129 116
1951 831 113
810 3592 107
1468 2441 101
5093 1812 90
3340 2430 117
3808 1836 98
1000 3255 114
2691 3661 105
3313 1146 118
1998 3463 84
4879 420 88
1189 3079 89
3350 741 107
4066 982 84
4844 2316 86
3414 3198 81
4818 3592 84
20 3287 90
247 99 115
189 1681 101
3893 2999 118
4851 1135 91
103 3144 120
3299 1692 103
508 1559 105
4182 1945 101
1847 934 106
4284 123 93
2358 1409 85
1805 1694 91
2711 500 82
1875 3408 102
342 133 115
1848 220 84
782 3570 98
4761 2225 94
1185 2158 110
3118 1704 117
3318 371 101
1983 2624 100
2098 2307 88
3672 3577 103
3872 3195 89
4258 2016 119
2155 2968 85
3408 3289 108
4312 2970 114
1119 2030 86
4422 1172 109
564 3350 107
499 658 106
544 3682 117
4347 1199 104
4639 3352 101
1152 1063 117
662 117 94
573 1636 109
1146 2486 111
1829 305 80
4855 719 110
5160 595 110
5215 228 85
4602 928 90
2010 2366 92
3052 2809 86
2232 1837 97
1579 3306 112
1953 997 88
904 2864 116
1638 2254 94
1729 2185 89
9095 1991 74
3832 1113 115
8724 58 112
1849 19 86
89 709 110
8664 1263 89
6220 1155 109
9001 239 116
1098 583 105
4629 244 97
6658 1318 115
422 669 92
6882 887 104
8304 1193 92
6833 1775 103
4451 1477 105
2775 685 84
7454 1182 93
1075 1215 95
2663 35 80
5608 598 105
7614 49 89
3117 272 103
2638 1542 95
1078 836 88
4514 173 95
1666 1658 109
7706 846 82
3412 415 113
6865 1885 116
3911 1876 120
3250 1775 93
7336 1315 87
667 961 117
3679 1174 108
2683 163 114
7971 1500 114
4325 1768 109
6105 1845 114
3077 1424 119
8893 359 105
5783 119 82
7663 1639 83
6896 869 117
6933 1002 103
2420 1489 92
9088 890 80
3080 1219 104
1496 894 109
9001 1271 95
4944 327 102
7382 1155 83
2080 1067 118
3353 1083 120
2390 1236 104
8657 890 114
135 1403 81
2951 248 84
1839 1738 92
3820 1548 103
6052 1971 112
3292 124 99
1034 1459 90
3153 272 95
8614 1991 110
8067 1921 112
6204 1008 98
3245 1304 110
8319 1397 97
8899 128 107
8485 337 119
3549 133 110
330 844 92
3084 304 102
3282 1245 99
6826 4026 474
20 3553 90
5698 2314 116
6137 3601 109
3382 2823 109
1151 3752 81
5807 2427 113
5006 1541 94
5380 1334 109
4670 2530 115
496 2223 102
5939 2903 112
6 1503 82
5677 3574 93
5840 1156 96
537 1962 96
5854 2041 103
5989 2707 84
170 404 101
2008 3942 104
3796 1745 80
4462 991 95
6240 2011 105
5445 1700 116
4427 1318 118
1385 3425 116
5457 903 119
3301 830 85
4381 363 107
3621 3125 107
5327 2161 81
4507 2607 105
5274 268 98
789 1096 82
5186 2868 100
4343 1394 112
15 2437 82
230 3058 101
1140 3842 118
943 1861 118
1936 3572 83
931 1525 97
560 823 106
4215 266 107
3766 748 101
2334 1990 107
5477 302 110
592 3935 101
4664 2634 85
4669 2491 109
756 2775 87
6438 2468 105
3285 3449 81
5264 2461 82
1955 807 88
1542 3436 104
874 3648 85
6179 3992 119
3519 1338 83
2443 1216 88
2485 1564 100
3465 1906 104
2368 2434 114
4240 2180 97
4335 3367 112
4830 2889 89
318 25 111
126 1640 94
1794 1367 111
5034 1570 95
2022 3131 114
6594 3864 84
4697 1753 89
4021 3999 85
625 1176 110
4604 4025 111
5697 2285 107
1219 3679 101
3320 1127 103
3150 1431 87
3035 398 89
5945 3353 111
4317 3647 107
3068 2239 80
5722 2659 95
4184 1458 114
2504 3162 103
2037 2115 85
967 1405 120
4965 1076 113
2725 3503 112
4246 2250 119
4372 3985 115
2835 606 112
955 2075 92
5043 1921 120
6155 2085 100
1489 2716 120
4301 2277 90
1417 3477 104
6288 3634 118
3329 3215 96
112 1287 118
4074 2758 87
2315 211 93
3541 3522 83
162 3770 109
2316 74 112
3965 2869 109
2647 3952 87
3231 24 111
4913 1339 91
3870 3141 109
5137 3638 120
6137 1046 113
3066 2304 112
3048 86 94
4515 98 115
4842 2938 109
4573 223 81
16 3531 97
2876 33 93
2375 1725 120
1704 440 88
5307 2451 81
2557 3981 85
4780 2706 104
5496 2535 114
5280 511 97
4347 1829 95
4061 110 112
6243 2391 96
5267 959 89
293 1349 103
1751 3523 100
3826 801 85
3584 2069 87
1041 22 104
1031 243 104
4510 3591 96
4591 1240 96
3853 3104 101
3274 3292 107
2252 1652 101
5636 2624 94
1319 1820 113
5261 975 89
2243 3907 104
5975 252 94
2392 2556 92
114 1699 89
6458 2164 105
1179 1649 85
1971 2871 119
4157 2884 102
2489 1442 99
216 3648 88
380 2734 116
2175 2670 87
5210 411 111
1 3894 119
705 502 107
3932 590 91
1372 3731 85
3811 2056 108
761 704 113
2013 3722 84
2305 520 112
3300 2456 120
458 2166 84
3379 1187 88
2988 2656 104
5059 1606 96
1741 1835 87
2530 767 92
3474 2289 114
6458 926 91
53 1078 93
3122 588 86
168 3154 87
4391 3985 102
5891 224 100
2341 2857 112
3286 4005 93
3183 2998 113
5340 3671 86
3953 3352 109
280 3399 117
5530 2517 106
6005 1159 82
1613 1058 117
719 2466 104
4662 1435 119
4826 1896 93
6539 830 89
1897 39 87
3927 971 94
1031 1124 99
2457 1646 104
2443 125 84
1380 1137 112
5390 3188 100
5654 3763 110
2862 1999 99
5245 2824 101
3789 2901 111
3842 794 94
1534 3428 112
5485 185 80
1095 2899 95
807 3906 81
4254 3477 103
5600 2573 82
3631 2664 84
623 1418 95
3970 257 115
307 973 107
2069 3427 120
1406 3452 85
700 2625 113
1835 1119 82
115 3400 81
3034 1737 85
4603 3802 80
489 1260 116
4690 693 119
1882 1890 87
2095 3430 116
5917 1793 87
5260 1751 88
2936 2382 90
4107 1405 81
4230 142 94
4075 1580 93
1864 1579 86
712 3969 120
4683 3924 87
6212 303 82
5612 3863 113
1332 3146 112
159 228 106
5226 842 102
4531 974 110
2461 3164 113
5632 3748 101
1646 806 91
106 2842 91
2056 1802 99
5616 6 94
4122 2158 89
4007 2156 104
6299 3475 82
787 192 99
1287 2475 113
4669 1817 114
5888 3811 100
5234 2394 111
5688 1411 102
1458 1275 120
2726 578 119
183 3812 112
3601 3785 108
2964 2055 81
2720 1281 100
2889 1008 98
2159 542 113
695 1345 111
5059 3399 108
6657 1508 88
4885 3288 80
4536 3158 109
3325 334 96
5334 935 91
1963 1781 97
5142 1889 99
4254 2704 85
2912 3493 85
1523 1542 81
1496 708 118
5772 208 101
1786 395 97
5366 2770 90
1154 2387 115
5638 2793 93
2768 3569 93
4537 2066 86
3043 264 110
1451 333 91
3542 2102 106
3311 1196 99
48 3197 115
111 1754 93
5459 811 116
2257 778 80
346 301 105
4294 1519 96
1711 2961 112
848 1029 93
3663 1640 86
6342 799 119
5925 405 92
6265 266 87
5162 1766 96
4905 1652 88
4113 431 110
6425 632 103
5437 3872 86
2371 201 108
3716 3258 81
5882 637 104
3793 2525 120
1158 491 89
5290 290 91
3425 3713 106
2386 3510 117
6046 3645 89
3728 2785 120
5916 1129 85
5262 3738 109
1484 3551 80
5653 2839 114
3628 1896 85
5736 3734 83
2520 2770 83
1909 1906 114
1623 3893 116
2101 3899 94
3570 2883 87
3347 2357 82
2376 96 104
5119 247 102
5573 137 93
995 93 90
2813 1288 106
6231 51 115
1754 675 90
5206 921 106
4714 3255 85
2413 2411 105
4229 700 99
5784 2454 106
612 494 102
5655 3918 100
1220 980 118
2221 1762 97
1043 647 108
3249 3543 108
6320 1585 119
2008 2893 117
1124 127 91
1710 68 86
4909 3782 83
3722 3090 112
86 3118 119
3061 4016 119
133 4003 105
6216 3202 106
392 537 97
3989 794 81
4511 168 85
4641 1299 88
3171 608 94
3165 1819 106
4796 633 105
5054 2594 84
301 1807 110
2052 1492 102
1502 3325 100
6053 1747 105
1711 1898 87
914 3725 119
1881 464 104
2420 828 98
6761 2814 109
2667 1812 89
3601 273 119
4274 1808 96
4718 3092 109
3040 3902 81
6281 762 111
5160 1225 85
544 1027 115
2905 3094 114
753 2419 116
1844 3053 119
6262 567 109
6253 2167 96
4631 4002 80
4686 32 116
2371 310 118
61 2022 118
6636 3825 97
2099 839 113
686 2081 98
2391 1609 83
4342 389 102
6373 1657 115
1432 1702 108
2972 447 114
4609 3156 109
1024 3966 120
1946 857 97
6809 2425 85
2066 3800 88
5703 1934 113
6806 3305 81
6462 1934 119
1512 1810 107
2319 3720 115
1496 1112 94
6178 3549 107
4044 2944 92
5381 580 99
4659 2174 85
5372 2690 89
3645 3493 102
3778 3538 110
3997 340 106
5992 1917 105
4145 1303 81
3767 2354 117
2842 581 94
4502 499 88
6399 3885 93
4168 270 86
2958 133 87
220 2289 99
4204 3732 87
3800 1074 83
1739 1810 94
2619 3548 95
5736 223 115
3267 638 118
1428 2896 84
3781 3304 95
1612 2923 118
1425 341 111
4729 1552 105
2385 3809 112
4201 3448 116
541 2792 95
5381 1008 101
4452 2471 98
115 2936 111
5445 1719 88
4053 2870 109
6661 2114 92
6023 1977 115
3383 2489 93
3457 51 111
4907 3441 97
4215 3038 91
4101 3246 81
834 3704 96
5224 151 92
2638 3826 94
1209 600 95
5390 770 119
1923 1161 103
4031 4002 107
4038 946 83
4606 999 100
5193 2068 114
3294 3450 98
5099 2092 103
6736 481 100
2478 1917 102
5209 852 84
3714 2480 88
4169 3778 97
2747 2579 116
2830 2209 84
5513 61 98
5468 3361 88
5696 2783 120
8308 8302 515
2326 4686 104
8081 196 89
3630 4871 117
5331 4390 106
5100 3092 90
7642 2077 119
3564 3659 98
1611 6509 99
5638 6687 103
4479 1812 112
712 5403 109
4424 3725 82
4973 6921 110
5777 2623 106
3886 7524 104
4150 6607 90
3538 6588 95
788 4992 86
794 466 103
7527 2195 102
1122 3767 82
789 3971 104
4780 526 100
7409 344 101
61 6866 116
8192 7754 90
5752 3844 101
5850 4838 94
5485 149 104
5169 4354 105
2261 4669 99
1136 1944 99
3345 3852 100
2551 7942 113
4768 1153 86
1634 7536 98
4600 1480 84
5324 4515 95
749 5347 113
5752 1842 87
3928 274 94
189 4635 111
5497 5818 113
1059 5860 120
5366 4853 85
8283 975 80
3444 3819 90
4579 3045 93
6290 539 82
3556 3428 116
6710 5887 106
3878 3489 115
3450 2901 110
4855 3770 102
6103 2168 81
6089 6798 113
1995 7890 109
6804 1121 114
6758 1070 88
5453 4339 105
6814 7911 103
541 6921 102
4381 1099 109
942 7761 89
6626 2085 110
1247 84 88
1024 1039 80
1485 3815 90
2129 6640 109
3501 2958 96
2706 59 85
3405 3138 90
36 1536 82
1654 697 95
3615 3788 81
1047 7965 80
2649 2257 93
4558 4420 120
6757 1892 107
2658 5242 104
7048 2465 89
2671 323 81
7361 3902 89
5339 6680 120
8065 483 95
7526 8010 85
7761 6769 85
8304 250 94
1555 6391 112
318 24 103
3518 1354 85
2114 593 93
2410 1163 119
793 1601 84
6225 7101 90
1089 2614 103
6519 6775 85
3764 4315 86
284 3134 119
5281 7829 103
4733 4450 98
3681 780 120
5352 7587 106
889 6735 120
4862 4671 99
4980 5967 91
837 7033 112
7208 1234 97
7310 7461 111
5610 5931 118
2828 2088 94
4436 6275 103
6118 455 115
4210 6561 89
4650 2264 106
182 4573 112
3622 2939 101
3566 704 116
7647 2311 87
990 3840 100
7520 621 110
1269 2069 90
4365 5177 109
3844 4291 88
2163 2032 90
1179 4181 115
7315 176 81
1819 7051 93
2844 3313 90
1008 5961 87
342 8177 119
6721 6748 84
700 5721 85
789 4587 97
1650 1152 110
6365 4901 90
1076 4567 89
4957 7545 104
8058 7022 120
6883 7110 115
2777 5243 80
5686 4818 103
2168 6223 94
7155 3898 120
2368 7752 97
1461 4156 107
7473 1669 105
2745 2731 104
2038 1889 89
4679 4526 109
1632 3594 82
5227 4315 97
907 6571 114
6130 1345 82
5667 4634 112
3179 6113 96
3177 7319 81
4647 3580 101
4687 6006 100
6619 5223 82
8267 916 88
2463 1217 84
3174 659 103
176 504 102
7549 6461 88
7158 2419 98
5597 3482 88
4912 3769 89
809 5107 98
7112 6508 118
214 6108 96
5642 1670 118
2170 5757 98
1224 3627 103
4021 528 83
2526 1430 83
7513 6857 108
3486 6594 102
3983 4059 116
4050 3754 89
2909 6029 80
7209 5203 116
6627 648 94
1924 2286 104
503 742 106
3619 5475 119
1537 1813 84
699 1194 113
888 8209 94
8033 2472 109
8104 3699 80
2330 2120 109
315 3407 103
1551 2034 81
8036 7388 83
6084 2671 103
6957 3589 99
2675 3930 118
4245 5562 102
5570 6290 111
4577 3452 102
1846 419 114
6277 6558 92
482 7852 115
6763 4798 119
6071 3828 114
4678 4583 120
5755 6864 100
4566 5422 112
4217 5463 117
4540 3875 82
4567 7282 88
2294 60 99
8290 3105 83
2882 2021 82
5196 2600 118
6106 952 104
1032 1959 108
7827 45 118
7372 7503 93
3809 4217 93
1119 6763 109
7757 5264 85
1629 1325 113
2127 5667 89
1027 7655 94
3154 7045 92
3545 7257 102
3395 3686 85
2658 7177 99
5214 8148 93
3071 3486 89
2685 6196 86
3639 374 80
3116 3580 94
7562 5447 97
6916 6044 117
1160 1824 103
4378 7556 106
2528 990 97
7874 3048 92
7391 8104 120
7068 5108 91
5441 1692 90
3360 3695 109
6314 2279 102
1394 7647 116
6544 8250 116
5434 1688 120
5756 1469 101
3497 3023 118
2069 6393 81
298 4516 108
6778 5126 112
7498 161 102
1946 1463 101
1236 5043 82
4670 5948 82
6334 4463 114
7906 4866 84
4227 5498 100
5190 7367 109
5329 3829 80
1832 688 85
5654 3580 116
5408 6538 102
6422 1487 100
1235 2279 101
6535 7558 117
2854 799 96
2278 5722 114
2024 2486 118
3083 1801 86
1148 850 117
7707 3801 91
180 5609 106
3862 3459 90
932 5253 90
1432 4102 89
5747 1554 99
449 6876 95
1740 1078 120
6329 7824 109
5413 722 118
1032 2144 104
223 6513 99
7757 2003 114
2088 7165 83
6327 7875 85
1602 7062 94
6796 4393 97
81 8048 115
7311 380 111
2242 4271 115
6299 3268 85
6242 7904 97
6423 4913 98
7064 7257 110
2364 6285 114
7783 4097 85
5986 6542 98
2911 8061 100
549 6903 91
50 1495 119
5300 3549 86
6485 174 102
7250 5994 84
518 602 82
7727 3842 100
891 2073 87
7617 1672 87
4429 3604 86
5492 4085 91
7661 4869 109
5990 3580 85
6867 6547 107
4842 241 84
6375 423 96
6946 2298 81
834 4607 85
7100 3701 105
5489 1467 119
753 4969 113
5072 1928 116
6496 5954 113
2725 4003 108
7816 1990 98
5914 7051 89
593 2259 98
3570 3966 120
257 7729 85
3841 4943 84
3030 2885 94
2188 3602 91
280 2008 118
695 2469 114
2805 4326 99
6218 2867 93
3767 2807 117
2246 6788 118
131 3274 110
6954 4840 109
4995 4252 81
5119 7401 108
233 8255 89
1210 5105 93
5577 6469 115
4875 4641 119
113 2862 83
3432 6272 107
6489 546 80
8050 7328 103
6095 1577 86
7033 1029 80
4285 5131 83
7011 551 88
1804 129 94
1123 8051 117
5210 3960 105
7517 2657 87
7258 6312 96
5194 4665 86
5756 5567 105
1355 4645 118
199 4362 82
2801 5635 88
6508 7876 97
176 6235 83
5030 7827 90
7709 3098 96
7822 996 83
2294 701 99
3315 7183 105
5928 6202 95
588 1046 112
2010 3208 89
709 923 102
2644 7139 80
5463 7671 109
6864 5141 114
3521 6227 105
1275 7858 99
7196 6019 102
7709 3884 109
3017 2058 95
6269 6235 80
6758 5949 86
7320 7584 114
4931 1909 88
7928 8078 84
7478 6749 115
3415 3487 86
1129 3991 94
641 4202 120
4711 352 110
3701 7486 83
5261 4829 91
748 3726 82
4698 1746 82
4864 3019 88
2419 3607 87
2729 263 91
2800 2032 117
7512 4397 91
3215 7523 118
1089 3371 108
4897 5412 95
382 2123 118
4437 6715 80
7850 4504 120
1901 57 91
4317 6474 80
5150 53 115
3673 2290 82
5050 4991 108
2715 1893 88
3040 7277 108
3317 6200 96
1723 7967 100
720 6240 84
1913 7189 98
2586 7733 84
4510 208 109
1623 6814 87
1592 7814 105
3160 3988 108
5176 1295 103
7553 6927 93
6762 6472 96
7566 2528 92
2756 2063 83
5886 3889 114
5633 6378 104
689 5960 111
1663 7304 108
26 4204 118
248 5019 87
5284 7758 117
3351 297 85
5017 4651 117
6095 1576 109
6834 5601 80
5503 2209 118
7879 4995 86
317 7740 116
8280 6962 116
1857 37 80
5186 7567 103
7567 3454 111
729 4015 116
5406 5113 109
7065 2569 107
6144 4920 106
7350 396 105
7230 121 110
4160 7621 97
2142 6083 114
2101 1474 104
3240 2692 91
2887 885 93
5858 4086 94
4686 1182 96
4227 5164 91
2648 566 116
6812 7079 108
4181 5584 86
6812 3726 84
5118 7511 94
6972 423 114
7688 3018 117
73 1552 108
6392 8108 114
5366 3214 110
5373 6567 95
7079 299 96
3005 1514 80
4793 4669 94
3356 5426 92
4307 3944 98
3222 6883 87
6850 2408 81
1142 7117 106
5447 864 105
6275 6185 110
5826 1127 81
2779 618 91
7461 7131 116
5642 6008 92
808 5727 97
4921 7644 88
1048 529 91
4810 1363 88
1100 1681 116
5690 6501 95
2798 7075 98
5177 6940 84
3569 6086 86
206 5034 114
8215 2148 114
6729 3026 115
1512 5477 116
6107 1388 85
6881 2031 101
3262 6188 120
5999 6006 85
4296 23 88
2556 6654 80
1684 1737 88
380 7319 84
4286 1514 113
8296 5171 102
2446 7989 99
5392 1818 95
376 3705 116
2916 7805 107
9729 6772 213
9144 4721 92
2973 3940 92
489 3232 96
7526 6309 109
5621 6707 86
2063 4209 105
3509 95 83
5110 357 117
3635 1800 86
2835 1439 90
1102 5294 111
3544 1149 117
6360 1196 87
294 1252 96
8782 3339 90
7962 963 86
3589 3970 110
6011 6373 96
4886 844 115
3115 3180 80
7467 1108 101
3119 1315 103
6291 2079 115
6385 995 95
4545 4260 96
3250 1886 84
1564 1948 104
6080 1417 80
3921 4843 81
1698 4263 120
676 2839 85
7884 1539 96
1751 5417 99
1208 5866 116
9254 1168 104
5038 3787 91
842 1172 90
2564 5617 92
8763 5754 83
9558 3506 113
1355 5258 86
3442 2603 115
8751 2486 111
545 4264 101
5717 952 96
866 321 104
5142 3604 96
39 5057 84
8438 4447 88
5097 4204 80
2856 330 95
1521 1053 115
5217 1538 120
3785 2595 118
7564 505 97
2874 4305 94
318 2236 110
5126 4898 102
8502 5535 99
5143 2494 87
2969 3993 107
5818 1321 109
6677 6493 95
2658 3834 92
616 4565 97
8165 2132 89
364 6177 82
6450 2542 103
7132 3813 95
1491 6212 85
9389 3447 85
1758 2556 110
2372 5483 114
880 4285 92
1320 1918 87
2308 4022 113
3110 4978 83
36 3527 94
2405 2245 88
3293 3659 117
4226 3244 111
3525 5776 97
4496 2513 85
9203 5591 104
8262 5513 95
7373 1271 119
1783 948 118
6365 1297 91
8269 3660 87
4828 6254 107
9520 3326 98
3718 2613 91
1583 2514 81
1899 6643 119
4631 6022 110
8530 1118 112
447 1367 88
9436 677 89
3423 4863 92
744 3922 86
1925 2930 93
4513 5124 115
3351 1105 101
9223 506 81
2680 6014 97
4034 2307 110
2506 1966 108
7289 5726 117
9007 3101 116
5784 1199 88
9062 5708 107
1966 4850 114
507 235 104
2245 4721 109
1513 3478 88
290 4317 119
688 1682 103
2675 5643 96
1778 4753 88
864 1331 86
3394 6614 80
4063 2755 104
9375 3819 109
1795 1770 98
5084 1293 111
4587 2253 105
2513 1932 100
5657 2614 119
5180 3143 100
1869 3533 98
5005 4077 81
1999 4138 115
1575 2358 93
434 2798 110
8615 266 101
3646 6117 100
1352 573 107
2851 3605 84
7854 5318 110
3705 1679 86
9271 1595 81
502 5304 98
4384 5076 107
5899 1963 90
2758 4512 103
155 115 97
3537 3813 115
6779 4518 107
2934 1005 98
2549 623 81
6037 4681 88
6706 5796 83
118 4851 112
1485 2319 88
4132 605 101
8579 1597 92
1914 1921 94
2936 4255 97
1112 1882 116
9525 2797 107
804 1533 103
8446 1142 95
6036 4921 116
4322 137 117
7565 4251 94
3124 3573 93
7775 4133 111
4356 3338 85
8703 2167 103
8267 5726 99
1646 1044 111
4866 650 87
8227 3043 90
6522 5705 108
950 2070 111
7033 4163 118
8239 2711 96
2827 4346 88
6364 5133 98
4346 5056 98
8826 3793 84
7565 3012 99
2290 5225 103
4295 4814 81
2636 2439 94
7001 5857 89
2635 745 96
2569 977 80
9705 2301 111
3910 3172 102
6338 3848 103
6417 4101 87
994 1970 86
8603 1840 114
3331 4941 110
8461 5145 84
917 4881 108
3435 655 117
9573 4941 106
7631 5496 120
7934 5922 114
2547 2690 110
9129 6330 89
1536 5181 98
1477 1766 112
8284 6029 80
4152 3369 111
874 4960 80
400 3132 90
1478 3570 85
4254 3304 120
4498 3138 87
7046 2090 98
2900 8669 820
294 3073 96
2387 1048 80
1124 5869 97
1354 8667 84
2488 1463 118
1502 6893 99
853 8110 91
2019 4873 115
211 7471 119
2438 2572 111
631 6953 102
912 8349 101
729 516 96
2040 5226 87
29 4500 93
1076 1203 99
1743 6844 102
1733 7078 80
1012 7512 103
1404 5108 82
68 6603 108
2422 8288 93
1536 4731 84
2006 3040 106
1818 1077 104
1878 5618 113
2300 6753 105
1332 5127 114
1038 7959 88
2021 1077 102
2341 5658 95
2520 4066 84
1266 706 81
1680 3517 100
111 3822 87
238 7412 106
933 5113 106
1949 1389 97
2699 6710 104
983 6199 103
1266 2208 115
772 1918 86
1410 822 88
1160 2541 90
2374 4475 83
2888 2447 111
244 5393 94
1736 5512 83
685 34 96
2390 1579 86
2863 5071 106
2800 6561 110
1409 8381 117
1538 2433 100
412 4402 87
112 4490 100
1049 2855 87
1455 8035 80
2140 780 107
939 6358 85
1038 1585 117
68 3373 119
1318 903 112
1102 3336 116
1130 6613 109
1875 238 87
1735 1970 117
2313 718 106
2562 8268 98
1860 3602 101
107 5668 119
2146 3085 104
745 4424 111
2395 3578 103
103 3394 119
924 7818 112
660 2822 118
1519 3947 85
330 4843 120
4 2167 80
2675 6453 112
1791 8072 94
2825 4032 109
2485 8536 109
335 5912 97
1606 2521 83
2424 2835 82
14 6689 96
2640 2038 96
1611 2268 116
964 1911 96
2458 5478 95
741 1540 92
1610 1444 98
2071 6549 114
97 4467 115
1455 2289 103
1298 733 120
1300 3599 119
2473 2401 108
2578 1767 102
1571 4985 98
803 4302 86
2401 2752 93
2000 715 107
2138 4426 111
1146 1213 112
1833 161 101
772 2832 118
2281 3625 104
2464 8361 101
1743 2673 99
570 1831 111
481 3481 82
138 5533 89
1157 5497 103
923 5020 95
1935 4480 96
2668 8259 89
832 4741 90
1066 6424 103
414 4547 91
2692 4165 109
695 5332 94
2434 4005 94
1954 6220 95
117 5206 88
1098 7803 103
1742 3980 112
1525 6194 103
2314 5784 118
2603 66 118
280 3486 108
2262 4028 104
905 3433 97
1382 679 108
186 825 107
2164 4479 114
958 1645 101
1427 2520 114
390 5023 103
1330 5344 114
973 4600 101
1379 1057 110
190 8247 90
1395 3574 95
864 7432 103
700 374 98
2642 7707 97
301 2600 88
2039 5415 108
997 3172 112
535 6535 117
2081 3521 120
330 1219 88
1202 8560 87
1232 4276 116
150 5830 102
197 1259 93
64 33 81
2198 3899 107
194 3615 90
1787 6145 109
2547 8144 92
1110 4400 91
1539 4338 113
1139 3471 103
934 4703 95
1048 2068 106
41 7916 110
1589 2905 118
2197 2071 87
1290 5201 119
612 5594 99
2311 5900 91
161 6506 118
543 1565 91
1159 6098 86
1330 3287 118
2673 5585 106
357 8330 82
1984 3050 95
2809 8470 100
821 6369 100
813 5459 115
2806 6407 80
884 3612 91
504 1280 80
960 582 119
1564 6014 91
1244 4421 83
637 3281 115
104 1086 92
762 1495 120
2884 7693 83
104 8097 100
2148 333 107
421 7885 99
2752 4415 114
2736 6072 98
90 808 116
148 5741 84
2873 8606 83
2017 6950 101
117 197 118
210 6876 103
1649 4938 106
2410 146 116
283 1067 84
2877 2380 80
266 4541 98
593 4399 107
21 355 116
2029 6535 95
2629 324 88
453 4046 104
988 2525 105
2030 7248 93
1961 1268 108
1257 5998 90
1170 2759 101
1329 7055 91
997 6654 120
2868 3 97
104 5231 93
1037 3826 91
1083 2383 90
1254 1453 113
1668 8407 116
1626 2508 84
2369 2922 91
1979 6478 86
1168 6990 96
222 1793 89
717 5561 102
481 6859 107
186 5203 80
1909 2402 108
2195 1631 115
2720 5292 109
284 93 116
2487 407 111
1504 5844 115
968 1179 86
79 2374 95
938 7278 100
1714 4904 81
2583 5027 111
1508 2867 119
1061 6160 108
669 5816 98
2361 4599 96
2609 5349 106
2079 3768 115
619 1421 117
1700 442 96
1016 5818 99
30 1422 88
1253 54 112
45 4967 99
1190 2395 100
541 7174 90
2084 1996 118
1534 6452 94
2178 4618 104
2765 1138 99
2460 387 95
413 1877 83
1392 7495 110
1346 5936 106
1351 2242 95
471 752 109
409 721 82
1219 3657 118
1389 2393 84
1932 5819 87
2218 5055 115
2628 795 107
1132 4291 115
705 8309 80
93 7862 97
367 669 120
73 3426 104
2721 952 109
2277 6720 104
1158 8587 97
2453 7786 86
89 164 110
2361 5915 82
2047 1759 80
575 5357 106
2458 3443 116
524 3382 94
911 6446 90
1607 8054 83
2395 8302 87
1526 840 84
2783 517 117
1622 2154 116
1738 3485 88
1927 6973 120
475 658 86
2314 3956 86
2196 1784 81
2210 2163 109
1837 2436 101
2223 2424 104
2812 7867 110
2664 4940 118
2828 5066 103
2471 3230 106
1272 5992 92
2488 5442 111
2280 7891 108
697 6822 92
2098 5479 111
1602 3462 113
1040 4383 107
660 4879 84
1159 3267 99
2451 1900 86
466 5892 120
1530 7037 116
2876 2645 85
1012 703 97
2048 3520 110
975 1094 94
781 6414 91
1875 959 81
1760 6565 83
2299 7986 98
298 1795 114
1511 4565 107
2619 3811 111
98 7371 104
617 5149 108
2473 8545 115
2840 5618 105
338 312 114
1747 2403 105
2596 1503 110
2720 5575 118
2698 322 113
1868 1509 89
435 4768 96
1635 908 118
319 1351 119
586 2388 93
309 2749 100
2139 1334 120
998 6095 113
2066 7842 84
2675 7559 91
1806 680 116
2673 7903 91
1483 3418 116
1959 149 119
1207 8628 113
2459 4055 80
2635 775 86
2310 1679 85
2717 252 119
569 3950 84
110 4055 109
2773 4132 93
1196 6903 96
1318 5916 103
2274 4535 102
1388 1875 110
172 3163 84
1454 7298 114
966 752 112
2677 92 87
1104 2616 117
158 3316 85
1434 6828 116
358 2576 109
1793 320 83
1164 830 92
2896 2715 113
175 5131 88
2483 5047 86
189 7085 96
136 5087 90
2551 5891 104
2516 4176 117
1527 727 113
509 3472 113
1297 3688 82
1629 2439 82
807 3763 106
420 3727 110
44 1682 94
2363 367 82
1045 756 81
249 4814 80
2881 1889 109
556 2738 82
645 3193 117
1080 1140 96
1033 5668 100
2391 7429 109
373 3421 88
2703 3456 104
153 2230 111
1045 585 112
1035 3235 118
1649 6743 88
1007 6252 99
2700 33 80
1526 8017 107
423 4798 117
2462 579 101
1469 1259 94
1604 150 108
2422 7222 100
389 4058 113
1436 2896 81
2106 1902 105
1332 3243 110
2244 5642 107
2452 578 110
851 4995 114
1271 3375 85
1500 1628 94
128 31 92
1506 989 111
1836 1354 89
531 5660 93
2132 3647 83
1450 483 89
676 4694 116
2278 3978 100
665 3190 106
1615 1014 101
488 2179 110
2695 3707 93
655 3259 101
1620 2162 92
268 2231 92
1972 1064 119
898 4873 91
2432 1227 111
256 1924 93
2110 4183 96
1907 5816 93
1622 1285 87
449 1212 80
2191 6359 89
2701 6772 103
406 7204 97
1241 5900 113
1037 4292 98
2469 712 120
754 4340 117
2600 2985 113
2856 4160 102
406 7108 119
1277 1024 100
1906 8089 107
1086 3126 113
2597 5915 88
965 568 107
1969 6426 109
36 6941 82
490 546 100
1686 2372 110
645 8658 109
1569 4271 117
268 7933 94
765 4707 94
162 2800 87
638 3205 85
2305 1648 106
2690 8408 90
453 1716 111
1919 4138 93
1649 6027 102
2417 3884 103
2462 1805 80
814 2755 84
1562 6825 89
2142 8111 83
759 7649 100
1574 4676 119
2702 7541 87
390 2821 80
2843 8615 89
2183 3318 107
754 2774 106
1554 4538 100
1914 728 97
1877 333 99
2366 2278 100
174 4797 95
1088 231 115
1660 659 109
2237 7007 118
2719 8426 87
1654 4590 112
2226 8517 95
733 4526 108
220 1549 117
277 5193 92
1889 1901 96
728 5426 99
83 4124 94
2305 4834 90
82 4069 95
1633 1967 118
25 5779 86
1178 7160 86
1225 4436 109
1466 7798 84
67 3400 117
2455 5514 91
2815 4190 86
2113 1942 106
2197 4877 89
603 4892 120
2143 8638 98
1977 5135 89
2508 2240 90
87 1059 92
245 1417 98
2369 4999 92
55 8375 98
2703 2051 91
2742 5986 85
822 1476 92
1734 378 120
1140 8063 112
2085 4727 107
843 5418 88
2255 2214 84
2631 6018 100
2078 6723 114
213 4581 99
1782 1984 109
446 1152 99
932 974 89
1591 5590 94
892 5283 88
2799 1785 113
721 2390 98
1261 6105 83
410 1070 118
1054 3072 85
2350 4184 95
1893 5612 100
1947 1020 116
2166 6138 92
1484 781 118
2656 5603 85
904 2724 82
1640 6567 101
861 5802 104
2004 6471 120
62 1249 81
1231 4482 112
237 2402 111
2258 8460 109
1381 1413 102
1675 1387 103
2661 6303 95
1613 7836 90
1617 7146 83
2417 5565 94
1492 278 99
538 2237 85
1139 3654 85
2831 613 96
1630 5373 92
917 4137 89
713 3232 110
1236 6638 89
2574 7944 108
2849 4237 86
528 6727 103
2030 1786 108
678 7926 109
2887 997 112
551 3537 87
338 6262 86
2361 1911 97
865 1671 107
2372 2635 116
2233 6888 109
1745 7178 89
2368 3186 83
2546 2792 94
489 3806 99
2352 2227 105
773 8432 118
2424 7342 80
2075 3264 99
1723 5483 88
818 6476 89
236 2862 106
1655 33 120
2111 940 94
971 3767 117
367 6498 88
1195 465 80
2246 6621 105
2084 4373 87
1836 7699 103
1838 3906 81
2189 1637 81
2347 2089 110
2221 3449 103
2156 1002 109
680 1474 98
1840 2695 113
1284 4032 118
2594 950 91
445 8254 101
2014 8506 98
1623 6814 105
2143 120 107
402 259 95
128 1602 106
291 4044 91
2746 3814 88
2635 4330 111
835 3370 90
1371 1004 111
2015 7199 90
609 7136 117
502 2048 98
1219 8239 101
2531 910 103
1143 3947 94
602 5194 99
1181 6514 80
69 4506 108
2331 4789 94
894 7602 88
2511 5185 98
562 6493 116
2333 671 97
1494 5633 89
1646 4695 94
251 2796 87
966 3660 80
1481 3393 103
956 458 103
887 2064 120
286 4496 100
1443 1071 119
713 6240 87
1119 4434 106
2190 35 99
308 4628 95
777 8128 88
1406 8161 96
2127 891 109
269 3240 109
1214 2378 81
315 8411 92
1525 5550 111
651 8160 90
2065 6041 101
2456 1184 113
1774 5623 83
585 6702 112
1363 4069 87
2799 5751 110
593 8623 115
2036 2908 98
658 2943 120
1905 7780 96
2848 3061 85
664 7666 120
261 5217 98
82 370 87
1010 6415 114
2480 7654 92
1315 4763 100
2699 4881 96
1992 8163 114
1830 4777 111
2714 4933 119
630 3116 98
350 1357 107
2645 4863 102
2248 418 95
2498 7737 90
1712 8255 107
2855 2921 112
2206 241 119
2786 4845 100
2402 883 106
1432 1079 85
1783 5653 116
1576 1352 87
1894 8100 107
176 7798 108
1428 4923 83
2314 1855 117
165 4814 107
1151 1836 106
1176 1060 106
114 5859 95
521 3957 101
580 301 85
539 6048 103
2514 3171 81
628 4607 111
1077 5911 110
1729 562 112
314 6451 96
1232 2165 80
1257 6738 115
1823 7461 108
429 1434 85
922 3921 81
1585 1940 86
1424 2471 108
2662 1964 108
212 3312 118
785 3366 108
340 6994 118
2451 7758 110
2369 6812 102
102 4653 86
2473 1513 87
1392 5599 118
1610 2993 104
699 8323 93
1719 1867 92
1105 3788 80
2478 330 93
194 5621 93
452 1124 114
1734 1482 91
2204 1511 87
928 2002 120
2740 3032 111
901 171 106
2348 886 85
1869 2384 92
703 7654 98
362 7510 96
509 4164 91
857 3076 111
2485 1594 100
1132 7385 119
2439 6539 96
792 3544 114
1680 4577 103
2129 4532 84
2093 4455 114
1766 2936 105
997 2814 98
508 2196 109
1750 8201 111
755 7302 112
2474 7924 95
342 6368 86
348 3149 93
2437 2595 91
2407 7489 89
1141 3061 103
2312 5075 98
777 3280 119
144 4312 93
1873 1002 85
750 3503 98
2599 6454 106
1151 5055 120
730 5254 105
533 7596 84
2122 3483 108
163 5901 85
933 875 115
2832 2943 80
1780 2751 116
1457 1660 114
2497 2755 89
2061 2285 87
2727 4119 101
1439 1462 82
1631 1960 120
724 7960 98
1918 6065 111
2731 6040 99
1589 1941 81
2397 1524 113
1672 1677 112
972 6010 95
786 8454 80
2655 4146 111
1078 697 104
2308 3176 92
2016 4497 113
590 2055 112
1269 4376 113
386 2722 90
2465 3875 113
789 1463 90
2215 4746 111
1488 4205 80
1488 8005 89
2150 5337 89
800 6330 112
317 7522 109
2859 5238 103
1824 2782 89
1241 7280 106
1984 7106 88
1713 8648 100
2760 7447 96
476 8075 103
832 3758 101
1404 3708 88
2437 1502 97
412 4015 98
163 6612 104
1094 8079 83
1229 5714 150
483 4820 113
484 1667 95
11 1982 92
1136 3539 82
300 2708 96
834 1761 83
686 3373 85
762 462 83
683 5405 110
423 5599 96
970 1639 120
350 742 114
796 2888 102
760 3700 115
294 1780 97
62 2981 112
283 5559 109
960 2336 107
502 2425 100
772 4226 115
49 4332 120
617 5450 112
936 4703 119
959 4000 103
546 845 117
145 3678 87
1163 1101 108
2 4741 119
874 227 96
461 1968 86
231 351 93
121 2324 110
227 1238 112
19 2732 112
197 2271 112
997 1038 108
372 3901 94
1123 782 81
1122 1413 108
506 583 88
248 835 111
304 702 105
907 3228 108
172 917 102
189 4775 81
560 916 94
881 877 113
798 5646 89
1139 1581 92
76 1180 88
14 3071 111
201 66 100
553 2319 82
1140 1035 81
305 5492 99
101 3806 85
110 1076 82
534 931 84
132 303 113
407 4250 93
272 286 84
1106 1808 92
1157 556 82
482 2151 107
284 4678 84
198 2656 84
1189 1383 87
882 724 118
194 5445 101
111 2060 111
724 1849 83
26 2033 92
308 163 88
66 2169 82
526 4035 89
915 1566 86
1114 2950 113
640 3206 107
261 4611 94
479 1392 99
20 2032 96
416 2113 110
241 3329 101
41 1565 104
1015 5538 97
45 2569 108
798 3281 91
766 2319 109
714 442 108
618 3878 107
905 3747 115
628 401 98
127 535 99
58 3335 93
882 4669 99
180 230 103
450 2280 97
636 197 111
231 694 98
779 747 90
111 3050 115
430 3856 111
774 4456 113
883 2301 94
935 5052 108
230 3825 83
1033 1524 93
883 3570 102
883 1639 80
835 2476 99
1153 2469 102
1179 1969 91
938 2326 104
477 1829 90
171 366 116
773 1476 115
704 1023 87
934 4926 120
53 5262 95
1042 1733 107
3 1258 89
194 3521 119
674 1262 111
836 3543 109
314 1479 109
188 1913 85
646 1968 98
231 826 84
687 4972 83
733 2567 88
861 2700 98
873 2564 99
1024 2501 105
947 4890 104
282 2128 97
847 2572 108
348 5514 103
656 2606 80
80 4564 80
791 5405 114
263 2192 104
21 1365 120
411 1812 108
746 332 84
249 3001 82
1000 5479 98
1046 859 92
615 4245 111
580 3401 87
649 764 87
7973 6032 25
1039 4947 90
1924 5755 102
2724 520 106
7050 3860 118
6711 4151 115
1710 480 99
2128 4156 110
202 3110 83
5292 3883 91
6138 741 118
4823 5866 86
7181 4722 80
3016 3066 119
3150 3396 86
3362 1349 104
7692 1129 94
6302 2631 88
855 752 108
3046 4100 80
617 1170 104
3516 3139 99
5200 4282 115
2848 3029 104
1615 1854 102
4946 4246 100
5757 5336 845
4079 4563 83
2176 23 81
2851 2007 102
1510 4220 118
4370 4143 99
1774 4347 106
3830 2292 109
2012 2476 103
1816 2958 102
34 2469 84
5170 1466 120
3727 5234 109
2870 1762 88
3128 946 81
4454 79 88
753 3121 89
875 2594 106
5515 2915 120
5415 420 109
4992 2707 95
3601 2563 112
2421 5156 107
1500 754 112
3483 160 104
3838 4434 108
3448 922 97
494 342 93
1552 4831 84
2419 921 90
5455 2285 81
3730 1668 113
2450 4651 92
2688 5141 83
363 280 84
1393 2013 111
3023 2851 120
5070 4058 97
5679 1238 111
1852 3416 98
456 3398 94
849 5328 117
5666 2094 119
204 1874 108
3686 3027 115
625 2116 109
3162 486 119
4783 4772 112
2009 3772 112
5660 1307 94
4765 3717 113
4639 697 91
1855 2142 89
4511 810 80
3377 3441 107
4153 2348 110
2797 4553 93
3751 4002 119
2881 4625 98
5294 4283 87
3759 3210 119
2450 3416 85
2699 2424 99
3686 2160 112
1383 4877 100
2433 787 100
3323 5212 91
3274 4567 101
4088 5249 112
1678 4446 81
4698 4582 112
792 3895 84
2632 3753 112
5727 1468 109
2751 2496 97
2507 5272 120
2996 5215 97
1299 2668 82
3678 3455 106
1948 3048 89
430 2683 104
1972 4698 81
259 1704 99
5679 4372 88
1011 1181 112
2901 5325 106
4655 2405 91
133 1000 106
3022 2070 92
2067 1768 80
4805 3400 101
4995 1143 99
780 227 117
4185 1948 101
2319 3556 97
1954 1573 85
3501 4333 106
4695 1482 103
4224 432 88
3166 2937 114
2636 3871 85
1439 4310 113
3863 5042 108
4792 1871 88
2769 3248 114
2458 305 94
2105 2919 87
3046 835 94
1654 2806 93
1931 4846 102
4624 5084 92
718 873 105
3296 592 88
517 2407 119
752 2299 117
897 1997 118
1673 4149 85
31 3335 117
1828 2093 83
3916 5290 86
2997 4532 95
2966 1096 99
186 1410 98
243 5185 101
127 1488 116
2711 1807 93
3231 739 108
3428 1420 99
4307 978 97
2918 3211 110
2599 1994 102
4003 4815 95
3142 3494 85
987 2801 82
803 4351 97
2334 356 101
335 628 94
1881 1996 110
1855 277 89
3246 483 118
1809 5329 99
1831 1790 87
5664 1001 101
2133 647 102
2286 3354 120
2285 3593 96
4508 2519 90
4635 37 89
3844 4109 92
1205 3562 82
3896 2831 92
3636 1986 111
5017 3688 108
2691 2029 109
2265 3590 109
782 3895 93
2981 589 111
3756 1487 113
4067 3088 88
1739 393 117
981 4721 89
3436 129 113
4760 4633 108
3160 4768 94
2915 1474 111
3620 595 92
4794 2292 104
5603 3383 110
456 3601 91
2916 2624 90
5127 2935 105
3895 1525 104
4616 1867 101
5189 3433 80
838 1640 104
1731 454 98
81 2836 98
4300 3416 103
1079 1644 90
25 275 106
2137 4206 84
1538 991 102
4921 3856 105
2759 2463 101
1123 252 107
5037 2777 100
4058 1874 85
643 2910 93
2518 2702 97
2019 2616 105
1813 4106 85
4065 564 99
3478 3158 117
3284 1316 95
1191 11 84
2293 2609 92
5391 1410 116
5586 11 102
20 539 115
2222 1 81
3755 1295 88
938 1781 107
4558 3155 85
1165 1172 86
86 1516 102
5170 4590 111
1595 1826 90
5036 4742 113
2815 4458 108
3187 2782 101
513 1968 110
2327 551 82
1273 2405 93
2390 2921 94
2655 2451 87
5418 872 101
2725 4650 120
2302 467 87
3580 1884 81
338 3928 108
4635 244 90
2844 775 94
5106 1429 117
978 1927 86
818 4272 82
873 3346 84
252 1050 115
2843 291 83
3277 225 88
1840 2654 108
5343 4150 111
4879 2377 120
1023 1731 88
4219 4801 112
5325 3157 109
2525 4116 83
3828 3598 118
5580 4703 106
4021 510 103
2747 1480 81
2808 2753 119
3123 4610 113
4146 1217 89
4915 848 98
4979 672 119
4247 3026 112
328 28 105
506 4554 109
822 1896 112
3652 321 81
3431 83 112
4135 2469 90
107 4036 102
4521 756 98
1462 5255 114
4140 164 85
1919 1307 111
4369 218 114
3793 3196 88
5607 4263 94
1168 1083 111
3739 3336 99
5215 2571 102
1703 2351 117
3360 2040 114
5549 3022 88
2111 3579 118
2870 4280 95
3033 764 109
3175 1755 93
4340 3130 114
4870 3990 98
5157 4201 111
2546 1551 98
4602 1623 93
2302 1057 81
1442 2622 108
4105 1844 110
3916 4485 106
1978 5117 84
2225 2728 86
2778 2633 119
1896 539 95
5514 1533 115
5307 721 94
491 3661 96
3347 246 87
2430 1163 111
516 321 80
280 2348 105
3168 1807 88
2793 1772 106
467 473 96
4073 3845 110
3273 55 98
127 1227 120
932 5217 108
5275 2710 100
3919 2736 101
437 2321 105
755 1829 99
1374 3690 111
2466 2493 99
2191 2289 92
3340 2152 81
5246 3537 101
3485 853 114
5639 1717 99
1305 3703 108
2063 810 104
3203 2768 115
3208 530 82
4849 908 110
2704 3627 106
3621 4993 97
3490 926 86
652 4533 120
4154 5283 89
325 1878 112
2673 1908 94
1346 209 108
2143 817 100
2275 3687 112
3660 3553 90
1169 378 108
516 2160 80
3289 1997 117
299 5059 105
242 1876 119
1561 2213 109
5703 4303 119
361 4884 86
835 5094 117
526 3337 95
2429 2482 93
5639 4921 105
3610 1160 90
5296 4148 102
1225 4176 87
625 4765 96
5429 266 98
2689 1388 101
456 3459 100
1800 1206 108
2949 1402 81
712 5270 114
4961 694 91
1781 4204 117
1475 1682 107
608 5300 112
1152 88 80
9 1153 97
4643 1255 116
60 1633 111
275 1896 104
2699 2744 82
3637 2192 106
4526 2491 99
2992 1168 110
3038 442 103
3712 4505 108
4103 288 80
1240 1196 91
5360 155 102
5706 2185 95
3666 390 116
4411 438 119
4722 104 111
4164 971 92
2542 1218 115
1475 4607 91
1112 2115 80
386 239 103
5695 2098 95
2999 4119 116
4929 1825 109
5334 2130 86
3418 125 80
5074 4586 86
3886 1801 106
867 1376 96
5064 435 120
4978 3462 91
5747 3267 98
805 427 90
3203 2891 90
4892 3924 85
2135 709 81
3266 1379 112
3654 4490 86
4644 2157 107
1039 815 89
5705 4778 113
942 2298 109
2606 3114 111
3800 1419 99
4455 893 110
2797 1516 91
2974 928 101
5117 2273 97
3095 368 87
5746 4521 91
2733 524 116
842 4581 108
1907 2637 87
1547 1489 105
3214 1102 98
3164 3428 98
5219 3780 111
3739 3254 85
165 3859 116
730 814 104
2024 4656 86
2236 2712 117
1773 1875 91
2234 2223 83
2743 3662 114
1288 3092 93
62 2769 102
3138 4800 99
5555 4984 115
5413 2622 98
2264 2266 83
5360 1650 91
2264 2582 82
1389 2592 96
2067 673 80
1102 3499 96
4651 3086 110
2768 1256 112
2129 5074 94
813 3189 84
3318 2509 95
1071 4384 106
4942 893 109
876 42 111
3063 4279 105
5069 4344 114
3353 4073 83
2404 1997 100
1056 2345 80
3928 4304 119
5152 3229 84
2074 3651 105
2753 2792 116
2970 604 105
274 3853 112
3062 5185 86
233 2155 96
1320 2004 112
3513 3622 108
2262 1672 108
4859 1207 112
4508 5046 85
1940 685 82
5642 186 81
8 5167 112
1057 5107 99
2231 2019 97
3409 380 97
2297 112 93
4934 4108 86
2461 1373 89
3748 2578 115
1886 406 114
4850 1582 112
5091 4032 97
1217 5205 119
1689 5240 101
2780 962 82
3186 1005 100
3457 1368 101
512 2669 88
4473 3255 88
1015 498 111
5104 2700 113
1651 3221 120
5307 3219 97
35 2310 101
3018 2835 107
1166 662 103
2367 4395 119
4789 4010 85
1600 725 84
5638 2741 113
4502 3308 107
3718 4583 93
3710 24 110
3676 2060 100
3110 4375 82
972 3789 86
3349 356 94
2142 4075 105
40 1694 94
296 815 102
879 4175 92
5070 2117 95
664 4128 91
2971 596 118
5628 815 89
5310 5003 115
5137 39 106
1255 758 87
2991 1061 92
1417 1805 117
1482 2849 97
742 4914 89
5010 3912 98
5221 2117 92
237 5294 82
2523 4964 84
702 4385 119
455 5212 100
5289 2526 88
2414 4473 89
3967 1337 80
5601 2691 113
1496 414 105
2021 923 111
1642 452 107
211 3174 118
576 1420 80
5144 4141 87
1813 4794 119
1348 5145 102
4551 4781 85
47 1017 98
2867 573 109
1346 4813 82
2677 5291 101
3375 4853 114
3100 291 111
4963 3208 110
55 1237 103
3356 2661 95
4518 4723 117
2862 1924 110
815 151 82
4635 2050 113
3462 974 80
3482 4990 110
4885 3094 87
3166 823 104
1143 1822 115
3171 4858 100
810 3586 96
5672 1732 114
4422 3534 94
631 1148 80
449 1752 107
2919 2148 87
5328 1782 89
4828 4432 84
4193 21 101
4933 2005 112
3448 1197 117
3622 3573 117
1289 2074 110
2284 2233 85
5129 654 114
3481 854 84
5599 1845 103
607 2059 103
3657 1689 115
13 4989 83
5562 1154 100
4321 4092 111
1646 3248 119
1637 1136 106
2171 322 119
721 1841 98
5468 1140 107
4095 1496 119
2319 3705 104
1919 1388 99
5642 1812 114
1407 5197 108
3122 766 106
1421 856 119
4503 4151 87
2891 2951 96
3248 2072 116
1103 501 112
4055 759 81
1651 3894 119
843 640 88
3483 814 99
4308 5146 106
5505 514 82
574 679 101
3733 2021 80
5115 1297 90
3307 2241 84
180 2393 115
3288 339 83
4751 4465 94
3490 4214 88
3428 1876 88
479 3577 93
3733 4569 118
5527 434 120
3070 1356 104
5061 472 112
326 892 113
2215 3542 96
3101 4321 103
235 4789 91
4237 4474 97
5371 4031 94
782 3674 103
993 2350 102
5532 674 80
5444 927 86
754 3103 100
4693 788 98
656 3588 105
5271 894 104
2657 4141 97
566 182 84
3788 109 89
3906 1868 83
2116 2394 84
5232 4418 117
945 2012 107
5016 900 89
3774 47 119
3789 154 86
1417 3389 97
421 4090 111
1558 182 92
2004 3022 104
3531 4727 115
3163 1338 105
1044 164 110
3755 241 84
1088 4192 89
486 4940 98
3626 5268 91
3676 1119 106
2713 1020 115
2136 1931 84
1417 1839 80
3031 5138 104
2015 1165 80
359 4071 115
2007 1270 92
2472 2017 91
416 4471 112
4530 5221 111
4089 4222 118
3573 1245 101
225 3716 89
2282 780 109
4332 1482 108
3358 1583 86
310 234 82
5155 3060 80
3185 4339 81
3464 3484 110
3544 708 81
4995 3389 120
2590 2069 116
1516 145 96
5140 3029 114
5269 561 92
1182 1749 80
5176 1119 114
1530 4236 100
977 405 85
776 3921 82
249 3711 98
1347 4288 107
1288 855 114
3354 1209 118
1441 484 120
1532 4413 107
1329 933 81
1877 721 115
4606 1360 106
913 987 88
5444 5103 92
1389 1933 105
4586 2809 85
3253 1481 114
4458 2717 80
789 4515 118
995 2084 92
1833 5097 89
1537 4059 112
1667 4720 89
2490 4646 101
912 2423 102
3397 4885 100
4306 657 92
3699 1384 81
1818 3648 92
1214 3781 89
631 107 117
1448 2242 87
1914 205 99
5710 74 87
3854 3773 108
5522 2597 84
4647 2204 120
2576 195 85
121 563 120
893 1023 89
1293 1418 100
2944 3918 86
1062 4148 89
147 3102 90
2180 3906 113
1988 3067 115
141 3321 96
5089 1357 87
616 2409 90
5313 391 97
1035 3586 119
2944 1865 99
413 3916 94
1186 4356 114
1130 3213 98
2069 222 112
3916 2901 83
1238 1578 109
5397 2871 106
5001 4395 90
3928 2600 110
1100 449 93
3677 2663 89
1213 1284 92
2279 253 115
222 1326 92
3600 3876 116
3791 375 106
1879 5063 116
1250 2969 86
2954 693 89
1319 1802 80
1846 2945 84
999 1141 84
1583 2855 105
5287 4352 104
518 5163 105
4897 2917 99
186 1927 119
3608 227 95
2453 144 94
4072 4917 87
2228 3098 112
3985 4841 85
4912 1790 103
5268 346 89
2666 2364 113
4427 4323 90
2839 263 94
4915 1144 119
3261 4252 105
638 3389 83
1671 770 100
1214 2637 117
3520 4339 114
2203 1910 110
1610 4118 111
3187 4681 99
1392 4061 108
2937 42 87
2034 2837 109
3555 1303 117
3632 2054 116
5459 877 119
4461 551 96
4956 4575 120
4171 1955 98
3170 1761 95
441 4664 110
1767 1409 110
4944 137 109
3257 5022 99
571 4249 98
4310 3236 90
2014 661 91
1649 66 119
3196 997 88
2496 1235 106
5599 4381 101
3496 2797 91
1041 107 114
3923 742 95
1959 3473 120
4600 2043 96
2354 813 106
1300 4699 107
499 4310 81
3592 1732 83
4428 5245 88
1299 1749 85
4857 462 114
818 4136 87
4617 1787 97
560 3118 90
5051 4015 87
1579 2417 93
874 3202 118
3397 1154 93
2506 4355 109
4499 3796 80
954 986 85
510 1912 97
155 4587 108
4610 3007 113
273 5080 113
2433 3790 82
2922 3848 87
2498 2068 120
655 1852 92
534 2240 114
5295 4303 90
3551 3612 109
3024 2600 87
3620 2276 101
285 2339 99
4416 3690 106
2021 1071 97
4141 769 107
2506 5256 115
1600 2864 112
4463 2321 119
674 1797 86
3473 5260 93
1606 1075 104
69 3861 102
3228 107 94
383 2621 97
643 3670 116
4794 4503 119
5159 3162 81
910 86 94
222 963 109
4875 3656 99
4959 749 92
368 3327 83
1313 3571 91
3606 5062 87
4952 3761 117
2214 1270 86
2969 3685 308
1975 2577 94
457 2204 90
918 1941 97
432 2098 109
1137 2137 110
2067 3354 97
1367 1018 96
908 3083 106
2416 3082 115
1912 1685 100
1227 653 119
2426 1567 86
1627 2555 85
2743 1337 119
2336 616 96
2517 1387 84
1695 2081 113
1406 1930 83
1327 3507 115
504 603 105
322 885 87
627 1307 90
1041 1284 102
164 156 108
2033 2782 115
1978 1898 116
2144 214 93
65 883 109
518 2458 106
704 3628 102
1668 3440 99
1073 1336 91
120 467 81
2346 2129 81
517 2896 89
2100 1592 108
1393 3374 114
2250 920 104
1326 478 80
1739 1299 117
2734 1400 113
570 219 105
2374 2974 87
678 2471 98
1445 3287 87
1470 2193 95
1591 2803 88
385 2473 115
2455 3652 89
1512 1019 82
165 2563 109
1466 1529 106
437 2608 120
1296 2509 117
1622 827 110
1341 3305 94
1280 2932 107
1852 249 115
2359 3288 97
2666 1780 104
2609 1765 94
1336 1402 89
77 2543 101
2537 2523 110
282 3279 116
394 1238 94
1539 15 95
1233 1594 94
2865 2507 119
1108 2417 83
2360 1026 104
2523 1351 108
1608 3659 97
2668 2633 106
412 385 114
315 3067 98
256 1022 117
955 1234 111
737 3391 95
1801 442 114
1083 2109 118
519 2869 103
2450 2552 87
2477 3598 102
2547 1523 88
1497 3239 94
2146 1989 91
412 442 95
391 2795 113
141 3009 117
2133 2049 114
1278 1391 84
2854 2410 104
949 1787 115
1258 93 95
1523 2179 91
2411 1334 103
1248 2632 83
918 1051 92
1004 1786 80
722 3300 91
95 3183 83
1437 2750 108
1863 2741 82
2001 1261 117
2714 614 99
122 66 84
1192 3085 105
2588 1004 112
1172 1637 117
2519 271 103
1219 3444 108
908 576 99
2306 3303 88
1328 3549 107
987 2084 112
2946 2321 96
534 1388 116
2648 50 119
279 3456 93
1197 438 106
1903 3599 101
1023 1328 103
771 366 91
2106 742 94
2066 283 116
285 1463 118
1189 3243 82
1431 2784 113
2655 601 103
2760 28 89
2245 405 118
1684 1123 117
2406 2034 111
1558 2677 95
1313 3538 111
1353 1377 116
1265 3652 107
1972 813 101
1313 3278 101
172 2555 95
1058 221 85
274 143 120
1590 3456 113
2903 3204 110
1950 2855 109
2861 87 107
1704 246 81
373 2108 112
2818 3261 105
2861 1969 100
658 1908 108
2886 3545 108
226 558 90
17 3288 86
1001 3245 97
889 269 102
44 366 118
1036 748 89
1311 1473 86
1593 3279 111
2866 2334 98
628 1825 84
1268 2049 80
2349 570 120
1296 458 94
2458 897 87
1428 2005 90
694 329 88
2156 3430 86
1628 3251 113
2582 1326 108
1933 1909 99
1297 3030 118
2583 86 82
2584 3298 88
42 424 105
874 3498 106
2960 21 95
1156 1147 111
1557 3125 91
2130 2244 93
2618 155 97
462 1138 101
2485 2391 95
778 1638 103
1731 1298 111
172 442 94
1388 201 84
695 1218 88
1546 3323 101
1350 2253 90
1924 3179 85
535 1302 87
1396 63 110
1150 1277 83
1466 3557 109
573 140 110
898 2219 108
2642 720 95
2060 3245 81
616 1247 105
2422 2897 80
2082 2082 91
735 842 120
1245 1975 114
2777 1055 101
388 3139 120
374 1712 85
511 1667 96
1839 1166 105
2933 2309 111
333 1248 111
326 1357 100
1744 2382 96
1355 2180 91
707 2614 88
428 1282 80
1106 1615 101
90 1411 109
2290 1596 83
84 2218 98
2521 2880 102
64 1350 109
2065 3056 80
365 3469 95
1588 2903 81
2924 1043 102
226 1983 106
2914 1749 82
2541 2643 88
1814 2047 97
1769 2747 117
1189 2305 116
11 3658 115
792 1176 95
699 510 89
2196 219 90
123 131 109
2462 2531 101
1074 2828 103
24 1796 81
1045 1540 102
2837 650 115
1789 1578 94
908 2603 118
2638 3526 84
1524 544 112
1751 630 88
2093 1925 108
360 2108 116
909 1478 98
1267 2026 120
1666 1323 105
1693 1920 103
1835 1692 115
2470 1632 107
1329 1895 80
1836 1500 110
2906 413 87
1579 3090 84
761 2872 87
976 1230 113
1428 3231 102
23 1919 87
2493 527 107
201 1460 108
816 1002 99
2252 1863 86
1147 2380 106
2600 1145 110
1102 3682 114
2708 1364 114
1360 3596 97
590 1832 119
468 1480 97
1189 819 100
303 2029 103
1953 714 85
1615 2583 81
1719 3313 110
481 1689 105
169 852 86
740 3145 89
1210 1318 111
1922 1186 106
2632 1104 108
1721 1085 105
1141 1527 94
2802 2133 83
1429 737 117
1207 3568 86
1814 1638 102
179 485 95
1566 543 104
391 88 102
608 1991 111
772 295 101
1512 1022 88
2309 1697 80
1738 734 111
2876 3433 89
460 2805 118
2944 3279 101
813 2094 97
1128 30 90
1718 468 92
2685 70 80
