10
5377 574 762
4621 110 84
547 405 101
5164 572 85
3210 421 100
1376 88 96
1165 523 90
899 243 92
3883 15 101
4264 78 114
2563 19 97
4910 358 103
4142 68 91
517 304 116
1879 22 88
1665 332 83
1997 120 116
175 148 90
4124 507 86
1651 504 91
943 10 109
4227 278 98
1176 385 92
5168 135 91
2734 217 119
4992 246 89
1302 144 83
2726 508 97
3958 141 84
2916 430 95
2631 322 86
1431 177 111
1485 289 98
1236 271 110
2597 329 115
2183 476 99
5062 445 87
4316 524 118
5314 118 116
1136 262 118
1943 402 85
3861 306 111
3471 568 104
3395 311 84
4408 8 104
972 151 101
258 507 81
4071 407 91
3254 406 100
455 170 114
5132 71 102
1871 174 102
620 361 112
5348 348 120
3670 146 117
2308 172 98
138 22 101
847 295 95
1637 311 105
932 352 99
1341 30 112
620 201 94
3818 361 114
4866 369 90
5241 498 102
257 338 96
1493 480 119
1838 186 116
4489 323 106
112 355 80
2053 504 116
2564 177 83
668 193 100
1332 156 101
937 191 95
4513 352 116
4240 19 92
4774 322 100
4030 516 114
374 153 120
299 396 118
2617 302 120
1473 227 106
3994 210 85
609 147 112
402 426 110
390 469 88
1214 97 88
5129 498 98
3891 256 100
725 211 82
350 255 82
4744 566 116
2100 383 81
2439 390 105
599 463 114
3368 494 99
4714 238 115
2907 103 114
5193 140 89
3924 277 96
906 244 104
5135 512 101
3019 364 110
3387 332 107
4317 148 87
3736 306 100
2636 167 105
935 438 91
2818 270 86
3943 128 98
2258 281 96
3859 243 100
463 349 103
4711 410 82
2640 565 111
4888 269 94
746 324 93
2786 225 96
4096 215 116
5132 268 87
532 224 117
1727 16 116
1789 270 96
2502 195 87
2592 429 105
4822 236 99
4941 232 81
197 111 88
4059 207 82
1783 545 111
2802 384 103
4512 167 80
1137 287 113
1194 231 105
4205 495 105
632 556 118
499 505 80
1655 412 99
1635 194 108
755 121 105
1564 37 91
5272 90 102
891 222 106
111 36 92
607 407 99
4422 422 112
928 203 86
13 144 116
4412 451 116
1571 132 100
2401 144 120
165 183 98
1742 573 93
569 282 88
1423 58 96
1671 469 80
640 396 99
1935 419 81
3925 487 100
2396 255 102
55 201 94
5342 77 84
2093 529 101
729 114 118
1927 55 109
1653 404 80
3444 120 85
4407 545 93
2632 47 81
5020 390 102
5120 440 101
2292 461 84
2896 251 111
1812 95 92
2065 414 81
1580 367 114
962 299 102
3463 463 80
2717 546 86
4014 565 109
5356 74 105
5363 391 86
3700 512 119
461 482 94
40 272 96
2960 210 83
4925 564 96
4138 306 108
1974 337 111
1654 378 117
2090 167 115
458 91 116
2902 496 93
5196 226 88
2856 351 91
894 451 106
1825 252 97
1075 146 97
2426 392 92
2162 524 89
4010 202 91
4666 488 97
314 519 96
2853 203 104
5129 419 85
5263 504 99
306 43 95
2119 85 110
1999 165 87
4712 518 82
853 303 95
365 273 107
1343 209 93
1045 163 115
3802 103 115
4458 208 106
5134 337 112
499 532 94
2574 44 118
3124 11 101
4870 358 114
2873 224 115
587 413 94
3350 423 93
3340 506 86
5237 25 80
749 370 80
1282 24 112
2188 475 80
172 373 99
1831 17 82
1324 57 108
4864 390 91
3709 191 117
1066 193 94
4328 40 81
5005 56 113
712 26 99
892 466 114
4796 247 107
1367 436 89
1318 375 108
3059 70 115
2519 529 80
1699 165 103
4164 420 105
3883 458 84
2178 44 86
2898 339 116
940 54 98
4904 365 99
1814 118 120
3536 548 118
4761 167 80
4438 480 102
2863 283 97
46 543 88
4502 19 98
926 111 116
1254 226 103
5179 328 104
2934 387 108
3835 481 91
2397 401 105
3101 352 115
411 507 120
4838 540 82
5320 348 89
571 433 82
2409 353 111
4212 15 94
5260 166 80
3146 140 107
4088 202 120
1664 36 103
2125 541 83
3421 426 96
4648 496 102
237 107 117
4610 79 102
3774 162 86
4308 256 93
1680 85 88
1105 234 84
5238 464 87
2880 500 98
2023 108 105
4384 388 99
4508 63 86
3555 573 110
2903 424 96
4761 362 104
1130 4 91
365 137 102
3225 252 87
4847 449 96
4565 127 82
3814 526 115
2953 502 98
3640 573 107
3439 532 115
2366 389 91
3271 368 111
4500 222 102
4718 325 103
2838 551 96
4374 538 116
3679 305 94
4815 327 81
2959 394 109
3282 339 81
4575 326 82
3125 10 91
4274 127 120
2418 242 91
603 228 84
3916 235 81
4325 450 86
3727 37 109
2503 234 100
3880 567 117
3482 119 89
1564 568 116
2706 567 81
3193 303 88
3881 240 118
160 541 84
224 204 108
1018 59 109
4472 277 101
3112 332 93
189 384 90
633 496 100
248 267 99
3320 202 105
5341 180 114
145 35 95
168 38 112
2004 371 109
1126 65 90
1111 391 116
1830 204 80
2915 571 114
2605 176 115
4751 361 98
909 191 96
1247 314 80
4001 172 106
1696 36 117
5209 495 91
2291 316 85
4403 414 119
3505 384 84
1513 345 117
788 574 113
338 47 87
5316 298 108
1656 267 93
167 154 119
45 168 105
1915 212 95
3219 190 113
1500 439 113
1454 283 109
3498 490 105
2369 216 89
2225 368 118
3692 337 80
675 376 92
3077 545 105
1743 200 105
760 305 82
1604 574 120
4768 102 82
4660 119 89
194 120 95
3748 315 104
2686 185 88
2788 498 114
947 378 105
2007 24 112
4916 38 86
2205 286 120
594 341 85
1028 472 97
1283 441 88
5198 36 81
1614 538 104
3750 254 99
276 433 119
3888 43 96
3536 228 90
4632 405 87
1913 469 101
4801 252 82
3756 410 108
2672 135 83
4065 565 94
4222 427 118
798 326 112
4981 420 107
576 302 98
5145 272 114
3705 3 118
1260 268 96
5301 367 108
2277 463 98
675 7 100
3649 382 120
471 219 118
5031 13 82
3312 269 120
828 413 93
1608 314 110
1074 330 85
1560 485 85
1527 366 114
572 543 108
2023 438 117
3325 1 95
2930 440 83
2720 482 97
4079 494 90
3003 221 87
1723 177 85
4436 574 82
3307 504 92
4624 574 113
3855 196 117
1942 559 98
1784 403 107
244 350 97
3535 154 91
1715 210 81
2251 441 83
2416 100 82
2728 40 119
2606 200 93
274 78 92
462 225 96
3663 269 100
3785 234 91
827 536 82
3542 35 84
1324 247 112
1595 337 97
2371 106 105
4484 151 120
880 471 120
684 36 85
247 554 102
971 63 119
4221 557 111
486 244 92
367 482 93
4846 492 106
554 505 106
3939 314 102
3187 367 107
3677 238 117
2796 334 114
762 132 108
3008 187 82
3573 506 105
3999 422 80
2431 402 118
4353 134 110
5194 53 80
5088 474 92
4013 46 92
3152 199 109
5184 519 111
680 539 120
1162 510 98
4282 474 108
3048 128 90
3587 341 103
209 361 80
3684 307 88
5015 291 88
3399 362 94
1448 372 98
2719 466 106
2895 292 88
37 352 95
3480 218 119
2625 34 112
3668 192 98
3668 393 92
5350 474 120
4972 328 119
5121 252 85
3931 193 85
3558 444 81
5229 126 90
1035 311 95
1457 84 114
4064 234 101
478 87 106
1415 117 108
466 458 120
5370 457 96
4647 193 94
3298 4 114
520 343 81
4172 7 115
2355 86 108
2953 83 84
4637 367 101
5309 162 89
1594 365 102
3634 81 93
5196 484 95
336 536 96
1771 428 95
2018 493 109
2231 140 84
870 400 93
3086 181 96
2789 139 94
1532 296 99
4869 478 94
3059 465 97
4493 550 90
2742 51 98
4 445 97
393 442 106
2347 336 82
3804 23 119
3100 31 90
2401 52 103
1676 215 97
3309 31 87
4799 336 83
1863 473 88
2731 62 93
3684 288 101
2896 359 102
2257 395 107
589 223 108
4299 15 110
4017 167 119
4427 132 103
3666 371 114
4438 434 82
226 458 113
5115 277 106
4103 126 92
1953 268 105
3610 328 94
350 121 118
2990 519 82
2302 400 90
4094 125 106
2340 422 113
2920 140 113
3398 173 109
2559 339 110
954 64 90
4435 555 85
4859 291 83
3427 471 112
3510 525 92
2029 493 91
4979 414 105
196 394 117
4156 154 107
3994 272 80
3472 125 116
5077 114 114
1687 289 108
4253 551 98
4707 139 93
363 335 101
2872 508 91
513 240 95
1850 131 112
5016 432 112
4569 569 112
2869 35 84
4911 523 104
3416 180 81
2269 58 82
133 332 101
56 29 113
773 183 99
2575 32 111
4615 2 85
117 278 82
1447 402 107
3722 126 82
2683 299 117
996 83 119
4579 328 96
3310 431 119
4116 188 93
3022 521 113
2487 296 108
3737 549 105
178 166 117
1618 503 105
3842 507 91
1961 508 118
3819 139 120
4919 475 98
4528 137 94
3738 532 92
295 428 89
5090 361 95
2998 569 119
1448 321 113
1000 144 90
2988 125 99
2034 249 117
1551 84 98
1673 224 88
2184 569 111
3930 61 107
2764 422 118
1247 192 83
1178 96 110
419 435 106
3497 451 80
1690 562 84
1901 56 92
736 468 101
1049 2 107
1906 500 111
3667 469 114
1360 368 93
2567 528 83
470 386 80
411 73 101
3602 275 120
4641 278 80
3506 31 90
5302 192 109
2080 266 93
2575 268 120
1215 471 97
3860 491 100
1119 200 118
2688 427 99
4767 38 117
128 51 101
4484 312 111
650 162 114
5271 223 95
2997 229 80
2105 110 97
1147 14 102
3705 425 100
1535 542 119
3001 329 93
2453 193 120
4017 573 107
2682 15 104
4236 413 93
96 225 92
3218 548 96
5196 369 104
3412 440 97
3597 561 82
260 345 88
1321 78 94
4413 258 107
272 87 105
5242 352 88
5150 192 102
5249 376 90
800 229 95
5313 426 109
173 204 108
472 186 91
4211 218 116
3518 121 86
3081 135 83
4305 268 81
1016 133 86
168 307 83
3743 427 119
1993 509 85
1588 256 95
578 83 91
2822 235 95
3737 51 115
754 81 102
428 86 90
1503 81 106
1052 68 105
4560 496 93
4819 280 98
1315 361 98
1377 446 119
3393 418 108
3653 570 100
492 352 86
1477 524 112
655 52 103
5286 290 120
4062 273 91
647 204 92
3702 234 109
1332 313 116
3979 42 98
3677 40 95
682 330 118
5324 442 105
391 243 119
1685 81 82
4589 270 108
457 403 93
2344 566 81
4436 65 102
2812 471 96
175 489 94
4104 109 120
3323 254 100
3932 161 119
1658 506 84
4961 96 84
4568 280 92
1159 401 87
192 432 113
295 13 116
3400 403 85
2891 336 87
3959 384 110
4005 463 88
2277 354 103
1197 424 108
2487 441 114
568 219 96
3053 138 105
925 538 96
5367 67 92
890 302 90
4119 235 94
4640 424 118
1331 131 103
2919 248 91
3468 386 82
2043 159 112
4055 366 100
281 358 104
1544 272 97
1288 137 119
3140 348 95
1373 545 101
3730 513 110
1381 332 108
4147 327 91
3577 207 94
3805 552 101
4244 234 83
3537 256 90
956 89 89
3766 418 81
3520 394 112
1706 203 114
1862 273 83
183 5 82
6305 6235 588
1446 3711 92
1044 1667 99
3295 2097 120
2193 4163 82
5675 2561 81
4539 519 107
586 5318 109
3855 1548 116
4000 2016 81
2394 3005 96
3800 4314 110
4632 995 106
3485 2004 94
5967 5276 105
1156 1635 112
5981 1773 95
2516 1311 98
1398 5008 118
1822 778 84
1641 4772 117
4369 4882 87
3683 2875 114
4608 3650 113
2610 4778 113
5754 175 83
2211 3814 99
1053 1848 106
2987 5925 106
2755 2281 96
615 4564 80
443 4786 113
2779 1156 108
6284 4515 94
777 5597 103
3111 3335 84
4298 6197 113
3633 733 106
5152 3874 96
3718 548 86
2190 2043 99
2944 3172 104
84 459 87
935 420 96
3871 2187 109
1675 4371 89
6078 3920 81
216 3617 82
303 3798 119
4529 6177 119
1881 1304 111
1618 756 110
6198 6105 100
3415 337 86
3577 848 113
2801 1545 104
3903 3595 109
6282 660 109
1068 1101 119
1541 2933 96
4178 4743 112
3199 5027 91
5085 2084 85
949 6228 89
1935 5186 105
1889 2061 99
4523 5765 109
6134 416 82
1976 1007 106
1053 1674 102
78 5389 103
73 2782 111
3722 3561 113
2048 5524 87
919 2676 109
1941 1202 93
5547 5908 96
5628 2613 82
4428 591 111
4472 4149 92
3079 3667 117
4333 4830 88
2828 1986 98
677 832 100
756 4045 119
4863 2766 81
4420 3421 107
4376 3289 111
4566 3851 110
2269 510 100
861 3799 120
789 829 114
3786 5493 101
3582 208 99
2997 6143 81
3573 4913 97
2098 5648 85
3698 3270 82
5065 843 119
5702 5546 85
4546 5071 89
3584 1496 95
4623 5637 87
5861 6161 101
5847 5417 102
5263 2109 111
4783 3844 97
2244 2083 86
41 2178 117
2819 2130 117
2943 1224 82
1774 3760 118
2581 5968 87
3761 5644 90
556 921 102
1041 4223 81
5324 2376 92
2587 3132 91
4246 5994 116
3422 6133 116
3258 2565 106
5396 1072 112
1235 2028 96
1744 6178 111
2944 3357 96
3530 1284 94
455 4296 87
449 3745 94
1646 2510 113
3655 5384 105
2253 1778 107
1191 2066 102
6227 3243 92
5937 3020 80
5851 5730 111
3072 4813 116
4775 2335 96
1711 5878 82
6011 1016 96
3417 2388 87
3069 3925 87
1311 5619 98
5598 4587 113
6107 6142 89
6055 4577 115
6262 969 85
921 1194 112
2008 923 93
6017 4318 89
4745 3639 80
1785 6096 110
5072 5847 80
5113 4753 97
2498 370 114
5068 1361 119
778 5514 80
1658 5537 91
1866 4951 115
4263 1876 101
1065 967 91
1602 3852 112
2863 621 86
2881 3790 116
599 688 116
1352 6225 116
3255 1713 96
2903 2787 105
4896 2266 96
599 4974 117
1161 6047 120
3412 2048 95
456 809 118
165 4805 111
705 2187 85
632 3869 80
1065 5679 107
1995 6130 99
4286 1596 85
401 5809 108
2600 3652 116
5383 55 106
3486 728 118
5368 438 83
398 2833 107
3943 4835 81
4770 5345 120
791 1053 104
4124 3334 118
4997 1555 83
1560 5202 103
531 222 83
842 1164 116
563 5454 82
1562 2701 120
3130 432 109
4112 5139 95
5758 2391 83
3612 1223 101
5639 5469 114
2916 563 115
4836 3988 119
3623 5513 118
266 656 85
4526 2998 82
2082 1086 109
1034 1711 85
6034 2210 116
204 3094 99
2816 4963 83
3386 5466 98
2421 337 103
333 2500 119
2255 4267 113
176 2194 101
38 3394 110
1649 3836 99
6225 5227 89
4867 2375 120
5296 166 103
2656 4974 120
3050 5309 112
4661 4324 84
2530 5863 102
3770 2672 104
894 3384 97
1721 18 120
6244 5356 100
4096 1281 120
5099 3019 104
2906 4083 109
5817 4383 101
2348 266 104
3833 1084 97
5770 2143 81
611 1242 97
61 4563 83
2117 5592 80
1413 1949 116
5133 4993 97
5493 5336 102
946 1936 83
1832 5490 91
2384 6214 107
5176 2453 97
638 1362 105
4160 2245 109
5547 1985 101
4419 1644 99
922 809 116
5955 2407 112
4699 5385 81
4656 4137 106
6057 5193 100
3633 4961 120
4078 5803 108
1013 5519 106
2649 3294 99
4333 5650 98
3497 837 93
1547 5404 114
1463 3179 85
5009 4000 117
5914 90 89
5606 333 92
5497 6083 94
4650 4425 105
2821 3485 104
274 3539 102
1107 4167 80
151 2723 85
3471 2611 104
3596 3810 89
3953 2846 96
3455 3612 86
2641 5677 81
2840 1516 84
3298 245 106
3706 210 89
3386 1013 80
1612 1504 96
3513 693 110
4031 2058 116
5917 4612 113
4284 4665 107
1737 34 86
5110 934 115
927 3233 86
6153 3484 80
5822 3301 103
5814 4173 88
770 252 93
3492 401 106
882 3726 103
5331 4334 88
1566 4690 90
1036 1417 83
5176 2559 112
3993 1760 102
4789 5275 117
4257 1864 112
5064 800 98
945 5797 96
980 3232 116
1007 4082 118
4370 2775 84
6039 2984 105
6297 1062 91
3991 4769 86
496 1430 119
127 536 87
854 4346 92
2244 2534 86
1827 4983 105
3013 3806 119
2774 2671 112
5564 1940 100
549 568 85
2306 5126 85
3498 414 82
6096 4397 82
1791 1691 104
2955 4841 100
2113 1249 117
361 5716 93
1835 3364 101
2193 2798 114
5547 5994 109
4474 5746 120
2100 5441 117
5427 5051 94
2577 2836 98
811 724 106
2434 5149 81
2857 933 104
5838 4794 83
5356 2296 104
4916 1745 90
5383 4907 95
4493 860 95
5286 5660 90
1522 3399 82
124 1791 109
2238 5508 120
4981 3836 101
1426 4543 104
4720 450 107
1110 2718 84
2228 6131 83
4165 4495 112
5197 2889 106
2638 4909 113
146 5304 102
4616 1806 110
5536 4060 117
6024 5927 93
2468 4333 100
4151 233 98
654 519 100
2280 3354 98
1246 1591 99
3096 353 85
4655 1466 112
4259 22 100
4924 3736 95
3165 6132 105
314 137 106
463 1132 119
2553 2526 109
2057 62 102
3854 2476 92
5566 896 110
519 1537 98
3049 4066 103
3286 3132 97
6218 3441 118
731 4619 88
1618 6174 97
3802 4706 98
6284 1591 105
1586 4890 88
5585 2831 99
1446 3288 101
5101 4643 91
6195 4830 88
5781 3980 80
1082 5677 113
2864 3834 94
2291 255 97
2699 4497 115
2380 3861 95
5941 1428 117
1692 2158 84
3783 1211 102
1581 2738 86
990 5250 106
1139 1295 90
871 2983 93
3267 5000 120
3330 5440 99
5991 4182 92
3686 4444 118
5547 4055 109
815 6209 83
4722 6235 118
4450 785 87
740 893 119
5867 5456 81
344 5667 85
3118 5962 101
352 907 115
314 3645 88
657 3828 92
1634 6208 104
4372 326 103
5725 2255 96
371 1587 92
3126 5779 101
125 5453 102
77 4619 80
2172 6152 109
3 5460 106
3044 5484 82
4943 5525 85
5799 2045 118
1071 3396 108
5269 1625 117
3599 1803 99
188 3347 98
3130 728 94
5657 4999 97
4560 5039 120
3625 5194 118
182 1597 81
1085 3685 119
6285 6112 93
2479 4724 94
5093 5990 88
371 1297 90
5097 3867 85
4320 43 109
1623 3344 90
2385 4184 102
5046 3854 82
1253 103 113
5571 6102 85
6221 2423 107
52 4102 111
139 3702 99
4677 3350 105
1076 3415 106
2034 2202 104
351 1174 120
1173 4334 88
1350 3285 118
3490 1320 90
729 5253 115
821 4162 91
1290 2982 112
4642 4058 104
36 378 94
6254 5297 91
5575 4141 106
44 1964 118
2117 5064 108
5847 3463 97
1622 4321 93
826 5369 111
4564 3106 98
3219 1963 116
4194 4681 109
4686 2647 82
334 1097 83
5495 2693 111
1964 2873 112
4013 59 91
2441 2477 80
4305 5897 98
3382 6000 101
2000 1547 84
3829 3645 82
3428 952 113
5200 5563 96
2493 5954 83
1218 5906 120
5124 1883 101
1386 4811 102
2768 3143 107
2367 4886 91
3876 5703 80
2052 394 97
4973 5906 92
849 4014 85
1595 1880 86
307 554 87
2814 1968 118
5320 224 89
2384 385 82
2361 4007 102
1882 3899 81
1323 502 88
891 1599 119
4521 4151 112
2401 71 112
4782 1983 120
4347 843 102
312 3639 87
1545 5667 94
1778 375 93
6246 2177 97
4057 124 97
965 2260 113
5730 1810 119
6272 1547 96
5354 3457 83
4748 108 111
1347 1180 105
1981 1368 108
5082 5727 81
5904 2626 101
4993 3448 97
6180 2557 91
182 1131 113
2378 5801 112
2641 3245 93
2013 1632 108
5136 5427 96
3854 458 91
3024 4332 119
4313 3175 88
2597 5056 97
6145 6190 98
4341 47 109
5351 3285 103
1641 4050 101
422 1307 119
1082 3670 100
2930 4216 93
5449 5057 87
3967 1122 84
376 2769 107
2238 375 120
1676 751 81
5963 1974 83
4985 170 98
3830 442 80
1079 866 86
5194 6232 102
4585 2907 98
2137 5599 113
951 463 105
2874 6002 109
78 3546 90
6206 554 94
59 5960 101
4179 5179 92
2558 1963 105
2795 5849 105
4250 595 99
3745 4499 101
6199 1439 96
6055 4225 88
877 1691 97
5996 4063 118
3534 4015 92
3679 3259 94
2469 2958 113
4221 5945 97
5202 994 92
3572 3871 100
4260 3735 116
685 4090 114
1671 2235 93
5865 2297 97
5190 953 118
5313 259 114
404 3861 107
4453 4233 92
3665 4237 105
983 2044 114
2008 3013 118
4718 5825 105
1811 2634 105
4509 4627 86
4104 3130 113
5069 4105 104
131 5857 118
2016 2221 102
2662 254 85
1816 1203 91
5061 1431 520
3672 370 88
1615 736 110
2089 799 109
992 1180 110
4505 78 103
2313 1312 115
1984 460 82
4240 528 116
2301 519 105
1278 1343 90
1116 1363 120
1608 250 119
3161 361 84
3658 1184 110
4266 285 85
1244 1059 119
548 751 100
3315 783 86
3841 500 113
4535 475 107
3771 183 83
3249 824 102
2566 191 105
1911 297 99
863 668 90
4285 1306 117
1369 310 114
1726 571 87
797 379 85
916 604 116
4609 426 100
4558 1072 100
642 352 87
3442 88 103
893 1409 120
2413 812 113
3180 578 89
1703 1175 80
3897 656 109
961 851 107
4104 693 111
2430 229 86
573 410 92
4416 497 105
1042 1151 109
1780 526 120
3867 41 119
878 1008 115
1637 1309 92
3209 367 81
4334 931 114
2059 914 109
833 1079 99
271 241 101
1495 1151 95
1241 186 89
3198 137 108
3960 59 86
2817 480 94
4317 389 81
5020 1188 109
2659 1327 85
4188 1050 81
3955 638 105
2397 813 100
3349 447 99
3548 563 113
4817 466 92
282 1196 102
860 208 112
1879 539 102
743 1191 113
776 1072 119
3544 1239 97
1963 71 109
453 556 81
1070 609 80
2671 1251 107
4352 1163 109
1531 1421 88
336 1166 98
835 890 96
603 1286 81
3698 772 115
2836 1265 89
4844 320 116
1825 1075 115
2172 104 89
301 880 116
1367 1268 88
578 173 118
2256 56 101
751 1341 115
361 941 98
2471 1163 105
3716 767 91
1043 128 112
2096 1373 114
3375 1077 113
3015 710 114
4670 452 120
4984 995 104
921 349 85
845 53 116
3170 1303 107
883 838 97
388 386 117
4956 315 106
246 159 103
2124 1408 88
4805 217 85
3731 280 85
198 1306 118
1603 1176 84
1317 997 95
680 81 82
1918 76 81
3166 276 90
3188 1177 112
2977 947 100
3420 558 113
471 959 100
1240 212 105
3334 650 109
2774 341 112
257 1327 115
1297 37 117
1518 275 100
1730 962 117
2280 1121 91
1478 767 85
2504 112 81
2426 520 114
1786 647 113
2479 1014 84
2409 1060 82
2682 692 93
3985 674 109
1133 859 93
2812 783 103
3166 416 82
1361 140 118
2631 21 97
2038 1027 101
3445 176 88
2090 1273 104
19 225 117
2644 495 103
2871 1097 85
4172 1015 109
3803 1171 108
749 476 84
4347 622 105
4135 842 100
1055 1309 119
2840 749 116
4952 1349 105
411 1420 92
4299 240 100
1320 1331 81
542 242 87
1920 436 112
4355 1297 93
1882 721 108
3992 1339 95
907 1166 87
1537 695 87
1146 572 105
3749 468 108
3704 755 105
1811 882 120
2380 463 118
686 1188 96
3556 1145 97
1822 286 89
2619 934 106
4819 344 100
4690 1021 85
431 112 98
1669 1336 92
4479 279 91
3563 1335 108
751 192 98
1799 138 90
2853 1414 92
3453 823 98
1666 104 93
4082 217 98
740 988 115
1649 1086 117
642 228 118
1650 102 107
4213 281 88
326 951 114
438 1268 109
2162 1320 86
3951 603 107
2233 510 106
5000 1102 85
4110 662 85
2019 1185 87
3898 1216 105
3031 407 89
4583 748 115
1111 381 96
1585 1381 112
2832 651 84
885 623 103
2793 1339 113
301 220 97
1545 1267 100
517 12 99
4850 95 116
2201 293 105
95 1264 111
1404 773 120
4836 238 92
3067 764 97
2376 1125 96
806 540 94
2898 971 82
4353 275 97
4198 154 109
4919 573 93
2683 854 106
231 464 120
3796 262 120
2523 46 119
1811 929 100
4933 600 91
239 844 94
2533 769 105
3242 1027 109
2531 51 104
2522 706 82
779 357 113
4611 648 111
3336 2 118
2043 1278 116
1457 280 92
1423 1249 117
1093 1157 84
4535 59 88
4905 353 118
1955 776 101
3167 233 90
1427 1275 97
4599 1349 119
4192 1383 94
1181 153 92
4674 197 110
2230 536 104
1402 770 81
3399 1132 82
4519 856 80
2507 726 110
3998 1394 84
330 23 102
581 25 112
2432 193 105
1466 164 108
545 244 95
1732 818 90
1920 653 105
4379 866 114
717 1106 113
738 1084 104
467 1066 106
556 976 80
1067 542 84
2692 822 99
2722 1081 115
2891 1185 101
2678 17 117
3444 742 91
593 321 107
549 147 116
1641 131 113
3470 833 100
2180 1155 114
2800 705 108
4485 1304 86
520 862 86
2678 644 101
471 312 82
1217 497 94
2805 1336 82
2740 467 103
2082 61 87
610 1142 84
187 923 80
1918 284 97
802 741 102
681 609 113
4966 78 112
1812 1235 82
2642 1396 90
594 862 82
3523 731 88
648 379 95
3219 971 106
2318 137 111
1276 395 104
2694 728 88
47 484 88
3818 272 101
2227 1398 88
1608 595 106
4710 1120 101
87 314 119
3534 642 116
4822 974 82
3599 1043 112
711 255 118
4311 1161 102
2097 1161 90
3917 486 110
2730 98 115
3906 352 110
511 859 109
1502 734 105
1542 323 93
4068 1022 106
3694 964 80
234 155 107
1323 425 87
4286 474 113
837 1394 107
1367 444 89
3198 983 95
1324 832 90
3943 457 90
3286 1201 117
4062 813 119
878 533 94
607 279 92
1718 241 97
2173 554 115
2775 1170 114
4414 1288 113
3194 238 106
3461 608 108
2856 494 91
4441 815 80
2595 934 96
1263 336 83
2790 959 84
3389 1310 98
4752 1371 108
2020 486 90
4078 386 91
4727 591 113
2285 1053 110
2768 96 117
1217 208 99
911 803 105
4295 991 94
3611 442 100
86 412 119
2049 498 116
4411 1384 89
4987 229 85
100 1196 109
3411 283 88
1427 1259 106
429 385 89
3712 100 81
2786 686 115
4735 1041 90
1220 719 105
4095 521 103
3908 599 84
4059 229 94
1089 1091 89
1527 1373 93
4567 1173 81
4040 337 80
714 201 84
3281 174 100
4413 507 96
3310 640 108
996 1375 115
3497 980 92
3674 942 88
3126 756 90
4411 675 92
932 955 107
2194 832 117
4591 728 109
513 237 85
4681 422 88
2263 843 96
3635 761 81
3714 183 98
2933 925 103
2253 801 80
2431 97 90
564 460 88
2854 249 106
1587 691 120
1388 1100 110
3331 750 103
465 477 84
2467 1384 88
2166 487 115
5037 1172 109
3565 1327 111
3295 1176 100
192 469 116
5056 1163 103
103 888 88
1463 1224 109
1644 1220 115
1123 203 108
3593 936 110
4440 984 111
2971 496 91
2827 1308 102
2713 1070 97
3940 171 113
4572 335 95
9 1242 98
3664 1127 81
51 582 81
4482 670 116
819 454 81
3380 277 99
1836 116 111
2952 1418 117
3584 39 111
2761 458 98
4183 1128 102
215 985 116
3907 88 88
1405 517 92
630 795 120
2366 858 112
1618 347 116
4117 188 116
2340 104 118
1679 1274 113
787 1293 120
694 939 80
979 1158 115
3799 768 103
1023 731 98
1994 1341 106
956 950 80
1828 924 113
458 365 89
790 1113 120
3105 1165 107
2220 1404 106
2448 257 86
4403 975 82
804 626 88
2790 1431 113
3562 611 114
4908 402 102
3816 819 97
4569 1127 114
161 146 116
4622 1064 120
1385 1292 88
4944 1424 93
4705 829 106
1035 1017 119
1624 641 83
835 382 84
2548 303 90
4649 749 87
378 1430 87
2341 1255 91
3405 57 81
4822 1425 106
4894 636 87
3289 596 107
4210 1079 106
2913 683 98
1429 1390 100
5018 1414 119
3166 973 94
2238 604 107
4392 452 83
2568 590 106
274 993 119
67 1037 100
3944 943 99
253 662 105
245 1275 117
919 910 89
2680 1230 114
2856 215 115
3981 629 89
489 900 109
3342 800 112
2782 107 112
505 565 109
4201 641 82
1507 1321 102
1071 324 86
3646 290 93
696 1264 97
2637 857 86
4270 4 114
1726 1005 104
4586 633 106
2647 435 83
410 1039 90
3896 126 112
1697 834 102
3037 59 109
4011 1166 98
255 1083 114
4068 719 119
2942 931 117
4913 902 81
676 932 86
3201 715 101
259 134 80
7066 1770 781
837 226 100
1773 178 96
3330 600 114
435 375 80
4025 796 116
2966 653 83
3428 1408 84
3151 588 115
445 1220 94
1400 1024 115
5676 982 110
1104 461 99
4936 298 119
344 833 92
3022 550 99
2619 800 82
5568 737 83
3197 1763 88
3527 1667 115
1435 20 102
6695 362 83
5071 885 119
1092 830 87
649 434 100
296 21 107
4399 330 100
3355 101 97
2130 1073 86
253 1239 87
4401 834 108
1856 704 118
448 685 109
4490 605 89
4116 1177 96
544 207 83
4025 247 108
4187 844 93
6005 1207 84
4425 984 108
5551 333 97
1354 1309 89
5734 268 106
2821 1762 108
3470 1272 88
3010 212 103
2763 1152 111
1960 479 80
4239 523 99
171 621 100
7001 1662 114
7063 493 108
2424 554 81
702 192 113
1039 1569 120
982 583 103
2069 1257 91
6109 1007 99
2924 950 108
3919 1577 86
3020 1682 87
1244 31 99
1997 767 118
4282 219 96
2920 231 93
577 3 109
108 1173 116
5205 502 112
2720 1229 104
4180 1390 100
2738 1375 120
6961 669 110
2182 171 80
4021 55 82
5981 915 83
3421 311 116
6072 799 93
6837 948 80
5741 34 96
3595 1626 91
6822 1671 104
2144 721 107
2527 1580 119
1535 657 88
1720 151 89
1644 1724 110
552 702 113
1436 51 115
2698 1023 101
4056 747 113
5998 1025 102
2528 234 107
2262 1506 87
683 583 104
3893 1047 86
3036 591 104
191 994 90
1084 1153 116
1307 150 86
6266 190 92
541 1097 118
1364 650 97
3302 637 91
5133 510 85
4571 888 89
3586 1309 85
5434 333 87
172 1485 84
999 1673 80
5032 1736 114
934 1747 101
6809 339 117
6185 1365 93
4719 1343 92
3575 1366 103
5394 1440 84
194 761 119
6269 1431 100
1365 57 117
5662 1394 108
2087 928 109
4236 1106 108
839 1759 112
4360 1055 105
45 693 108
2956 1690 120
613 707 96
5789 721 91
1484 926 93
2321 173 85
2557 457 113
6708 894 95
5507 639 119
4075 1308 93
4001 1277 95
322 1248 88
2856 529 87
5844 531 91
6071 892 96
6869 1544 103
6173 685 81
1055 50 106
3436 88 91
4930 736 104
6322 173 117
2783 610 104
3366 1430 120
4221 1482 88
6577 250 110
1098 1115 96
6034 1532 113
1012 1267 99
3461 293 102
3007 882 86
1618 1393 89
5493 1308 111
5686 641 110
3526 1296 93
4186 1572 120
1162 205 104
1700 1441 94
4823 726 111
4454 1472 109
4913 54 119
4561 133 105
2088 753 108
4644 1275 110
557 762 81
4986 590 90
914 1615 92
5355 247 97
1873 537 89
473 1179 103
4204 1383 93
6145 1373 100
504 543 117
1408 1233 88
6384 1549 105
6672 118 82
4065 566 86
3394 1288 94
3563 1730 88
3286 84 85
2690 1452 94
2794 137 82
5452 1109 96
3225 519 117
1905 276 82
3597 447 104
4328 26 96
3811 300 114
6259 215 113
1350 1213 117
1814 1650 83
515 500 104
6230 1558 102
4077 202 108
1287 1726 100
4710 531 84
4448 290 106
1389 732 91
3707 968 105
3303 1043 85
5211 534 90
4678 1549 106
1351 1489 107
1626 554 109
5925 832 110
4060 1413 113
259 563 114
2819 787 80
7006 489 100
932 695 114
2234 1587 81
3983 550 101
1715 860 115
2301 1402 110
5474 1515 113
6305 305 89
5539 1045 116
3385 461 114
938 297 117
555 1648 108
2430 844 100
5259 1491 84
2944 1353 94
3508 1629 82
3705 688 113
5423 953 92
562 784 110
6546 851 85
5689 875 92
938 1399 87
3823 1655 95
3119 1203 93
4674 304 102
1156 549 120
1275 1487 91
3949 694 102
2336 722 117
6808 1029 92
3569 1618 119
387 280 113
257 640 114
5775 83 92
5020 1701 118
26 823 112
6022 8 85
811 1397 92
3138 1432 102
6987 1630 86
2535 742 116
5152 1383 101
6340 139 91
3491 768 104
5944 218 95
1362 1669 110
1552 1376 89
5625 668 105
2483 57 98
4962 190 94
5278 1601 113
6370 1523 116
122 1588 102
4617 304 111
4087 1022 93
3494 119 89
1453 652 90
1974 1725 94
5099 741 92
4987 1445 80
3863 9 99
3926 323 92
1164 286 80
3443 1342 83
3696 659 85
5364 534 110
4473 1328 96
2885 1586 109
4493 962 97
5963 6 81
1462 640 94
6521 1507 111
135 1167 87
2726 1624 110
1457 252 88
157 51 87
516 704 96
2473 1055 90
1635 1077 102
2239 1101 113
2475 757 113
4350 505 119
4806 801 82
5203 207 109
2438 1317 113
1020 396 99
1281 421 120
3737 420 105
3706 843 119
2626 112 89
6949 1292 99
3350 832 82
1079 77 108
5567 1217 106
2055 591 120
2538 1100 119
6901 1326 98
2705 841 81
1552 645 113
1197 1009 98
6795 1182 113
5943 1464 89
2559 1178 91
2278 202 115
5478 1721 105
6134 835 110
3888 495 100
5367 1123 94
2213 42 92
3883 649 119
3714 284 83
4781 779 82
3493 1479 102
3442 421 111
6560 1227 94
4370 1 101
5710 517 105
3623 99 98
279 1673 114
1211 877 81
855 1286 89
3900 1751 98
360 800 118
516 1437 84
5341 338 85
6928 240 111
4707 817 99
411 805 119
1281 117 100
4797 147 119
4990 740 89
7040 52 118
1608 1478 111
2245 1053 114
4429 235 83
5747 327 108
3769 1168 82
1126 1682 109
1738 734 111
834 447 106
6116 203 93
5195 481 100
6767 1057 81
4732 1689 109
744 1149 81
4816 1484 87
1957 433 117
6131 613 96
3228 341 83
6442 1311 94
1842 1764 111
2900 855 107
854 1759 118
6713 1518 118
776 476 103
5969 1562 83
1889 17 119
4950 37 98
6676 1498 107
2355 1406 94
4478 960 119
4003 619 117
1094 65 113
2592 1585 100
2897 685 90
5178 1069 110
4164 783 118
770 645 119
4513 1174 99
3151 1005 106
5020 880 120
3907 1704 106
6887 1203 102
689 500 99
6297 621 85
627 1078 118
903 725 80
1548 1168 83
460 442 89
850 114 101
4564 1749 84
741 520 82
5825 1686 104
2271 1180 101
1924 504 81
3775 852 92
5711 1573 113
592 1415 107
7009 794 118
254 1402 106
1411 973 107
5281 877 91
5133 72 82
5677 1241 119
3210 1540 110
5667 1541 88
6207 997 91
460 180 107
4380 947 118
4578 504 90
2345 997 108
3384 412 109
5820 1749 117
108 738 109
3905 196 88
5026 1450 92
3328 1097 109
5756 1213 97
911 528 114
342 849 119
5168 637 92
5526 1141 105
4737 1077 104
2662 1227 92
6040 1135 111
483 1494 103
4750 447 94
5927 665 102
6956 47 94
4108 454 88
3173 1507 111
2272 615 100
4583 1608 119
953 445 85
3985 985 88
3105 1351 110
4194 1025 93
4185 1288 91
1533 1755 119
6389 512 89
6150 218 82
4185 713 90
5935 148 98
2128 999 99
132 1529 107
326 1516 97
5766 1234 91
5709 459 96
2479 1539 106
3192 1387 99
173 238 112
4195 486 115
1257 429 90
198 1153 96
917 670 87
3756 1530 120
4387 1161 89
5742 241 80
2851 344 94
2303 1338 81
4075 742 109
5708 944 85
1332 797 102
3547 67 85
120 23 100
6158 142 119
6174 413 80
2564 1536 91
5306 599 99
3067 576 97
5420 1214 101
5105 1453 117
2571 323 108
1360 907 84
5216 150 98
3050 680 114
3292 1097 110
322 1038 119
2013 1094 110
6754 1657 105
6822 584 80
2330 591 99
2495 1554 93
1468 406 83
6075 142 95
6970 410 115
122 898 116
2456 331 112
1227 622 88
3745 873 117
5711 954 90
2099 972 118
541 1455 89
1954 843 82
454 1532 109
4800 1192 98
5742 410 92
4265 1460 94
36 620 105
2761 94 82
4017 604 115
6905 1060 88
592 982 82
1063 532 114
3831 802 87
425 392 106
6089 1017 107
6741 1256 106
3706 1351 113
5158 7 110
1038 1661 112
1720 1112 96
1823 1760 101
985 178 80
14 1117 110
3781 409 119
4279 1027 93
1986 1071 85
3820 1061 93
869 882 117
508 1515 120
1373 1237 98
4078 647 90
5006 662 119
5031 876 117
7044 29 91
1657 1084 86
3996 17 106
358 331 81
3032 1178 117
4643 1475 96
3833 88 85
6203 1406 87
5159 987 90
826 1591 88
3660 1401 91
3142 1670 90
6323 851 108
5352 1227 93
4290 482 82
125 1446 111
1566 1021 118
3750 1098 103
1981 123 87
6736 213 85
2723 1187 118
832 239 98
2350 654 101
5632 1686 110
1525 1024 95
4694 263 81
2850 137 82
4639 98 85
6129 1521 81
5301 676 111
4441 991 115
6366 393 89
4011 289 108
3707 1056 117
848 1350 114
6304 487 107
1204 1065 85
1062 1307 114
908 1426 118
1746 1636 89
3660 518 81
2778 718 81
4139 1427 85
539 1635 81
847 986 99
1637 1288 110
4280 881 106
6771 1460 96
5483 622 103
6773 16 92
2018 805 114
2008 428 114
4034 814 110
1385 1371 106
86 1654 117
4537 758 107
6103 931 82
1441 68 81
1797 1189 118
983 1078 92
6866 721 96
4428 1678 107
5520 243 98
1137 537 103
594 888 118
451 195 84
676 1053 112
1968 1159 88
5210 1699 113
5596 1368 81
2113 819 113
3073 1711 81
4042 838 94
755 280 105
3188 547 87
2849 1653 95
6247 977 106
3107 1071 116
655 31 115
675 597 84
1681 802 107
1177 620 111
2560 1627 105
1875 253 98
2022 376 93
2506 125 109
3894 749 116
3174 1338 92
6906 720 91
2609 86 111
5054 1714 111
1061 1652 112
2692 1083 100
905 989 85
5149 607 114
5914 974 102
2266 1238 99
6521 1488 111
4115 221 117
2100 445 81
269 1603 102
1678 493 91
2865 1531 89
4681 311 119
1810 614 101
845 1102 110
38 1270 82
1223 1373 119
422 1583 116
5625 690 113
5487 1186 115
2607 765 100
4769 149 97
6521 1366 85
6080 114 87
5531 1570 101
3416 888 108
429 337 113
2842 943 116
6994 352 120
554 1340 114
2195 604 120
4374 205 82
3287 1266 114
4902 997 96
1777 618 88
6799 1077 97
5836 1403 101
5804 1763 85
3995 1527 87
1342 1642 94
6406 449 107
5616 742 102
273 1309 102
3213 114 89
6909 1463 104
6270 1299 87
6787 1174 89
3369 1613 94
1333 919 120
4294 600 89
3019 512 84
1444 1757 91
1280 336 83
759 54 111
4673 1405 117
94 768 100
5493 1406 118
3995 402 83
2853 765 91
2190 1180 116
4156 945 100
5176 1223 113
4045 1727 95
3525 1264 111
663 726 97
3577 316 97
3722 178 89
3801 1023 88
2820 660 89
5722 369 91
4736 1141 93
5483 41 116
3416 208 112
2575 568 110
3247 1383 102
2065 555 106
6303 1244 106
6466 956 114
2632 943 120
3700 366 88
1512 1769 108
3436 1717 108
5082 1154 116
6654 1286 102
5379 379 113
6799 262 81
220 583 99
4067 56 111
5569 1686 104
2093 210 114
3241 437 120
4129 1644 116
2160 101 101
6430 1586 85
6452 1584 117
6752 1443 94
5216 1299 112
6117 1261 111
3950 404 120
5047 1051 95
2688 1156 111
4535 1320 83
2187 958 108
5070 1577 87
6449 1003 102
3922 442 113
5296 306 80
6827 126 99
750 1072 114
1376 435 84
6052 655 113
3566 691 118
2416 1447 115
3310 1243 82
2874 1707 85
4707 558 84
1163 225 80
5640 662 100
5664 319 111
1937 1434 117
327 1272 89
5661 1302 96
3956 387 80
3277 1111 95
2780 1016 96
4416 259 97
5360 1666 117
2042 744 84
2363 1179 90
3842 417 85
1502 510 102
4792 1244 100
403 904 98
6999 1019 84
3509 533 100
17 1709 110
1584 152 110
6353 313 102
2950 1443 83
5762 1765 82
411 1505 114
6352 726 102
894 373 103
6612 339 100
1856 599 104
4862 1374 85
1486 630 94
6954 1611 94
3865 102 117
903 402 116
6756 74 96
7024 318 99
4621 371 80
140 1696 80
829 1018 114
2113 487 93
3997 1615 86
2101 516 112
1428 599 101
6763 1757 91
1679 1702 105
260 273 116
2386 856 116
3219 1151 91
3202 594 118
9168 5249 240
1775 179 106
3549 2940 81
2383 1897 89
2981 4450 119
2271 5005 119
2994 5221 120
3119 864 101
4913 2327 114
424 1727 112
6491 3236 109
3467 4072 108
2719 4315 113
8139 4595 96
8008 4430 112
2555 4075 87
7246 1609 89
8391 943 91
4487 1262 118
3963 3531 81
9153 2785 99
3846 317 92
1438 4763 102
3032 729 90
3518 3294 113
791 5049 85
2889 1724 116
2958 4979 103
6395 679 97
8306 2357 111
5137 190 90
9026 375 98
2900 2833 86
6044 1716 91
97 3220 101
7184 1971 99
4480 2001 92
2448 4119 110
7390 121 110
1689 1403 84
1911 682 82
5867 3575 91
2512 5017 100
3020 811 104
6420 4762 106
5464 2127 94
1043 763 81
1425 1300 99
2898 5218 101
491 4590 117
7510 4002 89
3226 1207 82
3849 4393 95
4547 2732 103
5574 4563 110
1845 4559 110
6091 4620 109
1919 168 92
289 416 109
2038 1759 120
3226 1989 108
5208 3142 94
4880 1035 106
2504 2010 98
8923 1509 93
3927 1332 115
2752 2997 119
4093 4549 86
6079 164 80
3319 3600 92
8817 724 91
3659 1051 113
4776 3522 112
1847 205 101
6543 909 90
7253 1665 89
8219 1027 108
8308 4572 89
4433 2321 86
4965 2851 109
7622 3321 88
826 2868 96
2473 4770 86
8307 663 98
3661 3882 90
7458 3402 98
896 1869 100
750 1484 86
40 719 97
8476 1596 101
3060 1614 101
4512 3706 93
6462 3438 97
4057 963 102
4560 4642 120
5249 647 107
2578 3006 98
2771 336 118
6797 484 105
3426 1934 102
7967 774 84
261 2697 109
2634 4707 113
6163 1431 88
2605 3852 116
5044 1648 101
6487 1929 96
5281 4800 113
8046 855 91
1498 691 108
8071 1006 100
6053 4966 104
1649 1060 99
1061 4895 111
2437 2001 118
7790 3164 95
2772 4006 101
6325 5177 82
2874 4849 101
1076 2954 85
2199 3573 103
3720 1560 118
3205 172 115
1962 297 115
5515 5094 92
528 4566 116
6964 3719 105
6970 3162 99
5660 3292 116
3358 1173 116
1138 2300 111
4800 1642 84
7490 2249 100
2375 5147 81
7436 1944 114
1497 4442 82
5997 4936 116
8585 1878 107
1003 5232 83
6937 60 105
1783 3152 104
5985 750 106
7949 3365 116
7011 4159 87
5053 3515 113
4631 3910 82
8826 4156 104
449 4189 111
4394 3923 96
4710 909 95
1659 832 108
4421 5119 111
2507 3743 120
8984 2655 120
8594 2241 92
6686 1475 105
4087 716 98
6725 3469 96
2642 188 81
6968 2225 106
5105 628 106
3960 4892 119
2422 2822 105
6150 153 112
4557 4491 104
7685 3421 82
8529 4738 101
4623 1578 101
1214 559 82
4290 167 100
709 981 100
8645 467 89
8767 3229 100
2783 5020 109
6158 2714 110
2767 1024 88
3044 4841 105
587 3520 108
2405 583 109
4423 3933 83
5133 4453 107
4269 4958 90
2667 3383 98
8902 1516 104
5791 775 89
7621 651 86
8994 2821 114
4496 2342 86
478 2918 116
5340 909 110
9130 1205 110
7523 1104 116
4090 4796 116
192 641 91
2579 1029 89
3880 2820 106
4195 3984 108
3141 995 103
7841 395 85
8533 361 107
9096 2549 112
8979 908 112
5935 4763 94
3946 1488 97
3707 770 110
2413 1237 80
6974 4298 93
2951 2949 113
7595 218 111
2981 1954 90
5960 1160 88
7460 964 82
2657 1553 116
4752 3400 96
4337 2513 108
1180 1706 109
6968 4474 108
1367 598 97
7483 1511 114
570 1446 83
8631 3704 116
7219 625 110
3017 873 86
8629 806 82
7604 4337 110
7405 4960 101
2943 3035 86
8495 2695 102
772 142 93
5199 581 102
4227 1188 119
6639 1895 112
6453 221 99
5399 1666 113
4172 1460 112
482 3485 86
1749 4903 102
8230 3896 113
6344 312 106
3187 4383 105
1081 4314 102
4867 3060 280
1928 104 98
144 802 91
3813 1198 104
728 276 83
679 1304 118
1965 1968 80
2202 1955 93
4343 245 89
982 2610 84
365 1226 84
4536 2302 104
3748 2849 88
4298 292 110
4311 2438 98
2343 1029 93
3756 617 111
2202 48 87
3057 650 110
4688 1967 118
3110 1988 119
1678 709 98
4500 1007 119
199 2599 87
4636 452 83
2115 2999 91
1484 158 102
744 738 103
2775 441 99
699 396 87
1900 894 103
455 845 110
916 736 115
4221 2930 109
1651 1418 113
3085 920 117
2735 1514 108
2151 1236 90
3717 388 109
2084 2354 99
3617 2966 118
1202 546 98
3420 714 94
3555 1533 99
2133 225 109
2498 1561 107
4710 735 109
370 2031 86
171 2096 86
1942 945 114
1646 2354 107
3739 2176 120
3138 2368 99
3603 2187 97
1313 981 104
2509 570 87
3566 346 90
1149 2986 82
4700 1821 93
448 2561 97
4668 2979 80
2322 1598 87
2939 1801 103
1498 2051 100
757 62 80
3518 2291 82
2016 904 113
4393 920 100
1529 445 80
3190 287 109
3936 1515 89
3848 2323 120
1793 2842 100
4527 1397 99
3378 999 92
2395 1881 112
2239 1531 111
2910 1072 85
4762 1635 89
1570 2921 90
705 1595 109
711 1329 98
2668 2141 106
3001 386 98
1920 824 81
2806 1804 82
558 2237 84
3205 969 99
422 1714 103
1305 1581 111
2678 885 110
2382 1921 118
4754 2233 98
3753 1015 91
775 398 117
1077 2452 109
230 2611 117
2327 1133 111
3542 2049 117
3115 1635 107
1869 151 92
2847 431 119
3860 434 103
4335 2151 103
1711 1688 81
1183 1054 102
4643 645 91
268 2872 85
1630 866 93
2339 85 83
4653 2516 120
4298 2394 108
3083 2430 82
1022 1467 114
3128 1265 108
4810 167 81
1104 1280 81
4760 746 120
4219 2377 99
3704 1887 117
3595 828 107
2078 2609 88
2115 680 115
1196 1102 105
572 346 80
262 553 113
738 718 94
344 1983 98
3447 1662 116
1864 1359 107
185 257 114
1061 2192 119
2292 1983 115
664 2771 90
2660 675 92
2416 993 97
3074 318 114
3133 2644 89
1598 718 81
562 916 118
3997 1939 108
3889 2053 82
3810 1823 87
514 1072 99
3200 442 116
4102 2736 111
4612 619 108
3327 167 104
2655 6 95
3437 1841 116
2480 69 107
333 2993 114
542 887 99
3926 1471 103
996 2715 109
2840 727 116
4582 87 116
899 1798 80
4783 488 90
3791 2858 103
4263 834 101
1108 2918 85
3780 2260 92
1598 1663 92
1650 3054 97
3207 165 90
1004 2168 112
2555 286 106
563 2508 120
632 2477 97
4621 1920 98
742 297 96
997 2969 101
3088 1828 119
4464 2132 118
3682 2410 80
4861 2711 91
1454 602 105
4865 2340 80
82 1137 88
2313 1982 114
417 2377 117
4241 1174 80
4749 1918 105
3847 2280 103
2451 804 114
2251 2017 118
1162 2065 95
2241 2497 113
601 1501 112
814 1912 117
2395 36 116
882 2744 115
3561 402 119
1541 1635 96
3478 320 97
1362 202 109
1257 2613 81
112 140 94
1877 2488 86
1269 947 103
809 2489 88
3967 74 108
2083 1629 83
2766 2250 98
3071 2929 83
3225 1868 119
2707 2956 97
2921 1270 105
4069 1376 89
2656 623 93
3037 2870 83
3253 573 114
2999 1835 110
1734 1276 114
486 731 97
2177 2237 94
1702 392 91
3298 2233 108
1304 1665 98
2717 2220 86
2276 2569 90
2570 1791 113
3403 2644 90
4285 728 99
749 3012 99
231 2934 96
4398 2344 116
2800 2036 95
106 1233 90
448 71 106
1789 644 87
2393 467 102
4632 1766 108
1016 177 95
3861 1159 115
1227 309 118
344 1529 105
3064 2326 119
1820 283 116
509 2097 118
2176 1491 118
3951 1547 115
3548 1691 120
2792 2718 94
1753 2789 92
1039 91 120
3267 2170 101
2209 48 82
875 777 107
687 2683 108
236 689 86
161 1355 114
2200 567 108
1313 1054 92
911 1567 86
1900 2424 83
2381 1440 81
2407 612 87
53 872 88
2785 328 83
3862 872 108
3972 2937 87
3479 164 98
614 1838 111
4657 504 83
3985 1996 120
737 2452 100
4168 1718 94
1633 861 116
2637 105 111
3726 13 101
4737 2245 115
4183 1202 95
4700 1995 115
2594 1599 101
814 2838 98
1393 2626 103
1304 1463 86
3305 2975 120
3922 1927 105
8654 8924 702
6009 7801 85
1981 1660 108
6262 5559 99
1778 6909 88
7735 7174 120
1047 55 98
244 4380 107
2269 5115 101
5745 4420 85
542 2908 119
1332 4262 90
7658 4477 95
4088 2467 87
7461 4421 115
7551 1639 104
6524 4235 98
6564 2997 81
4478 3158 106
1076 7968 82
4783 1387 113
3087 4115 115
4415 3186 87
3942 7461 104
3910 5197 114
3182 8377 86
5241 5542 114
5265 7289 85
5726 1184 98
4391 8404 110
1278 1684 118
4524 4256 108
7838 3917 99
4202 2576 82
6178 541 110
3451 2424 95
1194 3306 113
3246 8042 91
352 6859 95
624 504 107
2442 3766 81
2098 4183 99
6394 5793 111
1257 3960 101
3965 8517 113
1159 8763 106
514 2120 94
4784 1179 102
2913 2267 110
1708 6079 82
7542 2897 120
4338 6063 113
5056 1924 89
257 620 88
8410 619 118
6503 8090 111
3393 8669 90
5820 1603 102
1529 6195 107
2781 1333 115
1742 2038 106
6092 3695 103
7012 1657 94
3811 7283 84
5935 8874 88
3637 4662 112
4060 4578 99
5937 4014 96
2740 4171 117
2976 8821 113
3432 7270 117
4279 7284 82
8104 3311 88
1018 6696 87
3556 2888 103
2844 4443 97
1333 8370 112
1454 1645 98
3210 4933 86
4198 2060 112
3055 843 103
7879 8174 117
7198 7618 83
8348 3512 102
4204 3517 114
2062 1055 114
6340 7128 99
2733 8391 119
46 5161 99
4289 1336 86
7936 2046 100
807 4884 116
7204 3192 96
5220 7791 81
4607 3478 99
8456 4388 90
7344 8081 89
5905 4023 86
406 5786 105
2369 4231 83
4554 8647 102
8547 698 85
7417 5579 106
2958 7698 90
5943 7851 106
6135 122 88
4961 1252 117
3848 4688 85
3081 5052 111
4537 3567 83
2205 1326 93
4408 7421 89
4302 7832 96
7094 5167 97
3981 4459 90
4975 4970 119
683 862 81
5222 201 101
7013 8072 111
5376 5758 92
494 4112 106
6433 194 118
4408 8858 113
4948 8226 115
705 5871 98
2314 647 83
5073 5052 90
2519 5800 119
1861 4230 101
3115 2598 104
6965 7469 88
192 6625 99
5406 4183 105
4370 3089 97
6826 1108 109
8135 7691 106
3363 2331 112
1691 5248 97
2695 1513 114
7217 4266 103
5751 5733 115
6968 8601 84
101 7693 101
884 1812 100
6810 95 114
5257 4793 113
1695 4088 119
1784 6889 85
3479 934 90
1000 3348 95
1168 4752 106
3622 5766 83
3663 1802 85
1959 5444 81
3829 263 98
4985 8359 88
2291 2539 108
1715 5369 90
4457 5434 100
5242 3025 103
3706 1897 107
759 2057 110
7842 6622 90
6488 3483 100
5945 8225 117
2768 1036 80
373 70 116
326 3415 91
3168 3290 120
3871 4092 96
771 921 103
5026 6400 115
6516 3087 94
1705 288 83
3695 8555 107
5722 4607 108
3637 870 85
5595 2786 108
2462 1687 105
5372 3383 99
3051 2072 114
3620 8187 101
6001 5487 80
4534 4064 113
6332 5194 96
7563 6491 99
5042 5929 90
5794 2874 83
6674 6861 89
4155 4695 98
8553 7507 91
7363 4676 113
5185 7417 111
3501 6990 102
914 5663 85
5711 8465 109
1895 5870 94
5658 4878 111
1473 6896 106
2631 2129 102
4767 5183 96
3919 8238 103
3369 2152 82
8146 3050 90
8134 4995 89
962 5317 83
5421 7437 105
1908 4602 96
6107 2518 87
5556 6729 96
1767 6911 86
314 1014 89
5947 8772 104
8245 4809 97
5180 7631 90
5227 1548 103
35 5157 112
1394 7520 101
3353 4597 87
6933 7807 84
7346 5888 120
2418 3599 94
1386 388 86
3279 6505 89
3869 7969 94
8374 1197 103
2786 575 106
6065 383 113
6924 6221 120
3301 2439 104
5475 138 107
7196 4231 111
1722 4218 118
4608 5545 113
625 7437 104
4824 7681 96
6587 7516 117
3449 1085 111
56 5824 106
5759 4636 89
7936 5019 87
1758 220 116
8270 2199 84
8538 4136 95
6987 1976 104
1481 5673 120
3881 3701 98
7084 4236 113
4470 6302 100
344 6712 99
2893 7073 90
794 7274 103
8333 4942 100
6088 5581 97
2089 996 119
308 590 91
6933 1545 100
4780 3905 93
6117 4878 85
3633 3139 108
3811 6817 93
8314 848 102
1413 6929 104
3623 3379 101
903 1423 102
1080 1452 92
3257 3647 93
7053 4642 103
338 4196 106
4267 5075 111
2027 3297 109
5087 3744 86
3796 4245 105
2350 5610 100
8533 5119 108
1530 8768 102
1021 4741 95
1550 6584 80
7768 5088 86
3389 2352 110
3176 80 97
68 5036 100
2406 137 95
3516 3709 113
3785 3516 109
6291 545 108
8630 496 98
6331 1848 98
2099 2682 90
2307 7558 118
4983 4617 83
7741 5655 80
5027 2423 95
4352 2692 88
8482 7998 107
6194 4345 90
5185 5448 106
4962 4451 116
8543 1057 118
6054 5651 118
3338 727 91
4171 527 85
892 457 101
3725 88 110
423 759 96
1050 6216 116
1046 159 88
7898 5663 96
2689 4456 113
3910 4931 110
1337 6226 94
1598 6162 93
6609 483 93
7753 3456 119
3905 5568 94
1808 3327 86
241 4450 110
2905 635 119
305 3 85
3820 610 119
5858 6891 91
7864 7519 99
2284 442 96
136 508 87
6371 3015 104
4228 2965 90
3695 5751 90
5634 7968 101
8493 52 117
4789 1979 101
2820 3375 117
6287 2366 107
4203 36 106
2165 7706 82
5862 1865 117
7918 2944 118
5506 8866 113
2499 394 94
4874 1069 90
250 1079 101
2548 3847 119
2866 2361 103
4198 8695 118
8479 4275 112
5769 8466 91
86 5724 91
915 6203 112
7981 6941 104
1164 1956 81
4564 4531 113
781 7521 84
3631 7245 97
3490 5578 85
317 7939 105
2337 1357 120
3625 1779 80
5517 1011 85
4152 4105 80
2880 686 120
6837 5416 100
5705 332 112
7430 5308 93
409 2140 105
95 4889 94
839 5336 104
1052 3707 84
1276 1246 102
5309 2863 120
5425 5866 91
6165 7141 85
6484 249 99
6462 4933 104
7244 2872 88
8283 1975 113
582 6048 92
8494 5207 98
4968 2904 93
1760 6656 118
7541 2155 96
1211 1172 97
6947 8382 98
6391 3443 105
3297 2497 92
6669 1414 80
3492 3632 97
4081 3900 95
971 4068 106
6029 3232 118
5722 975 87
5380 3883 80
5045 6311 112
5357 1903 99
1912 5545 90
1619 7590 98
6541 6170 86
3567 3131 107
4781 5345 108
30 8643 105
6584 2274 82
1414 4442 103
3579 6517 81
1428 3621 88
563 4574 104
3969 3888 83
3041 1778 82
4156 5271 116
1173 7777 90
879 1816 120
2668 253 85
3872 6923 99
1583 2022 105
1733 3068 81
1307 540 87
6707 4695 101
3436 6840 117
2648 3725 94
457 1966 110
1925 5394 86
7791 1775 96
7162 5344 107
4074 1772 82
611 1527 97
3491 7323 80
407 4703 90
5009 7527 100
3076 5026 89
4355 8923 115
3365 2516 95
7790 3859 115
3951 5324 109
5859 3657 89
7864 5542 96
8020 6682 115
5262 8680 113
1127 2628 107
6312 3313 106
7750 1105 111
4248 3212 89
4148 6548 110
5839 4063 119
740 3681 117
392 1062 87
582 7964 93
355 3493 89
753 3220 115
4536 8272 113
8380 2047 91
401 1146 100
5392 3119 110
4851 7354 92
1051 2157 98
8327 6255 111
2638 8546 93
1807 651 93
4366 4358 99
4119 2494 103
3437 5991 98
8137 5537 107
4372 3416 117
3095 3195 85
8456 7899 117
455 4786 92
6531 2192 98
7184 88 113
5495 790 110
4144 8255 91
4447 271 84
2553 3042 100
6444 4615 112
1405 76 103
4467 4979 93
8272 127 112
2010 3325 96
4875 4510 84
8037 3852 106
2974 30 95
165 5802 90
2099 567 86
6644 218 91
1271 3616 105
8600 8457 113
776 1641 105
595 465 111
1805 1764 92
5963 2894 80
616 202 89
5654 4943 103
3223 932 81
5752 8400 106
6754 5043 99
6773 6064 120
4145 49 86
6001 3993 100
1393 4476 114
2912 4626 105
8423 5105 100
4716 6066 97
4737 3192 87
161 5986 92
5503 704 106
2134 7435 87
4637 4526 120
39 6709 83
7244 7148 86
5305 132 82
6536 5660 107
1652 5882 113
5222 8573 105
1255 3820 109
7272 2063 115
6994 8610 104
6556 8342 95
6287 320 103
8306 887 98
3571 6423 116
528 250 88
5018 8395 90
7342 711 94
1484 2840 115
2318 4800 102
4754 0 112
4115 5449 98
4502 5939 109
4441 3470 100
3377 8669 100
6961 6356 112
313 6744 117
7587 3978 119
3597 5665 96
6073 2992 106
7138 906 83
7200 3572 113
1565 4984 116
183 2840 91
1620 1484 94
4235 5694 107
7306 2540 85
569 4750 92
3820 8768 101
5466 1244 105
8218 8018 102
7012 7929 100
1381 2740 110
3264 8727 98
3023 7429 85
6899 8658 98
494 8406 95
4702 7753 110
6865 1233 113
5175 973 109
3783 4689 115
6566 6152 114
1005 3757 95
2725 8390 86
1176 6588 107
8345 3662 95
2319 3045 113
5091 7720 111
187 5484 120
8045 128 96
6557 5408 120
8208 5288 93
6093 4487 118
4267 1535 80
8409 1898 88
7754 3400 99
4999 6978 118
8088 8229 92
2547 6086 95
5450 8003 88
4336 1048 111
5411 1245 119
1163 5590 82
4440 2799 118
6961 6831 83
8026 3295 99
3080 720 98
6703 1736 93
7406 3269 80
2416 4132 83
4983 2506 112
3368 4173 103
856 6301 100
8082 8153 94
7128 8431 106
7968 6565 105
1832 5124 96
8102 345 103
6437 1297 81
4830 7320 110
774 7604 94
6923 5029 92
3514 889 89
3567 4641 108
2024 5903 116
2221 3181 85
5955 6035 118
6983 7250 112
5208 3000 94
7797 2627 105
729 7933 91
2961 587 84
1215 3325 103
1445 5726 90
4105 4927 84
4021 8462 92
3662 4312 91
1564 4612 90
1179 574 97
8384 4319 102
4047 5275 88
2406 5666 117
5240 969 92
765 3090 105
3118 4508 87
4496 4172 120
2079 7732 105
286 4518 94
4871 7140 82
541 8880 88
2666 8839 106
1717 2298 117
3261 6097 80
58 2508 88
1398 7437 105
4762 4396 90
1343 2815 102
7463 5706 83
2240 4761 93
468 4773 86
5178 345 110
4673 8662 88
3847 4071 93
1873 6294 103
3146 193 82
5050 3505 93
4617 2602 104
4121 6342 104
8374 673 90
7187 6526 86
4105 5281 119
26 7826 84
4947 4405 83
686 5514 94
5480 323 95
12 6620 116
2310 5962 90
4501 7614 85
4093 2989 82
6273 662 109
6404 5805 102
6846 597 90
7635 1670 110
1288 3111 104
2523 3906 88
4860 2421 94
1291 444 109
2560 1896 101
3829 1364 82
667 1036 101
5324 3456 97
1409 8589 101
6476 1781 111
6142 3536 94
4950 4231 83
6424 7210 117
2925 5378 107
6936 7966 106
5111 7589 90
2596 6092 110
2611 8164 114
1788 7999 120
2286 5969 100
1653 604 113
1937 2052 110
5263 3293 113
5425 4820 109
3854 1402 106
8579 6614 90
1898 7169 97
6997 3282 88
4713 2323 87
6419 5829 119
856 6960 95
284 3765 102
1131 3691 102
6282 1934 102
4681 4827 112
279 4617 104
4819 3268 95
2023 7121 89
8518 5659 93
1641 1925 101
241 5998 105
6814 2174 118
7834 5276 118
1743 4985 81
3322 6066 111
321 5522 96
2394 3248 103
6177 5183 103
4812 970 113
8552 1555 117
6096 3119 597
2891 641 108
1976 260 82
5575 736 109
1242 1531 96
41 274 115
1525 868 113
2353 2190 106
5524 2452 107
1326 730 86
2694 840 113
6043 1803 86
3023 425 115
458 499 119
4750 1428 106
1526 1805 87
1177 2049 95
1137 1056 93
5225 2207 85
5668 631 110
5735 3081 91
1764 2081 99
5412 2358 92
2543 2291 113
1859 832 115
291 730 101
3970 1588 98
4631 800 84
3125 2992 90
2939 389 115
497 2352 111
3196 269 97
2531 510 92
114 1029 91
760 1479 97
5033 951 88
6087 837 96
3754 1805 100
2769 906 117
5705 2528 95
2194 1695 119
1268 305 116
1191 2314 83
427 1793 103
3931 1669 87
1802 395 109
1384 1202 111
76 1538 83
3758 2760 116
4122 2304 118
5139 3062 86
1059 119 86
3638 1296 120
5410 741 101
5157 2218 83
3026 1901 83
3533 1924 120
2224 2156 102
1365 2085 111
4143 2422 117
1573 1067 89
4593 1284 100
711 2023 103
783 961 104
47 1218 104
4617 1296 85
3562 1240 104
1407 2142 86
1230 2445 86
544 439 107
4693 1202 109
1518 49 89
887 2707 82
146 1628 98
2097 865 105
2517 1509 96
4583 309 94
1 511 107
2683 313 86
5412 1059 102
3877 1902 117
905 596 92
2147 1191 119
1258 35 100
650 1361 89
1118 210 81
446 2108 118
5061 2515 99
697 1566 98
3327 1311 106
2706 839 86
1086 2757 103
1628 2198 115
3660 554 104
772 34 101
4882 1198 103
3587 800 120
2489 1770 102
982 128 101
4725 1325 116
3845 1852 108
6094 821 105
3472 2692 84
5346 1081 117
5319 3048 83
4041 2276 86
3210 20 112
5236 2879 91
2348 545 119
1873 1766 94
5643 879 97
3883 2874 106
4991 860 87
4806 2817 119
4499 2668 90
5909 2179 107
4264 1732 103
753 1952 82
3010 1828 118
1032 843 98
3584 1429 110
6053 3098 117
2490 2946 86
1230 3079 114
1269 265 97
5043 1360 116
4473 1257 104
401 2444 117
3677 851 101
3794 314 99
4439 1910 89
5749 1980 90
2584 2025 90
4061 1234 97
1251 888 115
127 528 84
3284 2279 84
3395 448 114
1070 1788 112
5098 295 101
4193 1553 80
2030 1816 108
1814 2733 86
1812 2701 94
2233 1448 89
5121 2466 92
892 2683 91
2987 2367 107
3362 513 108
913 2617 99
2369 426 115
4073 863 97
4971 513 119
5592 2150 105
3866 1086 112
3272 243 103
1217 1293 110
665 525 95
1779 2036 88
2129 932 116
1588 1856 113
670 89 114
2768 1028 80
4925 1587 120
4849 909 114
3983 1364 120
820 3077 111
3274 526 101
923 407 112
1961 1242 103
1620 433 103
2983 2420 116
3815 2174 90
1147 1294 96
2434 1835 94
5698 1990 87
5296 2796 120
5213 1469 106
3905 2733 115
844 1328 110
4045 1729 94
1221 1810 114
106 2469 106
47 1350 105
753 1387 116
5880 3082 83
3380 2034 86
1118 689 109
342 57 109
1481 922 95
63 2667 107
1401 172 113
3243 33 83
2384 1774 116
4868 1328 108
971 1019 90
2495 799 106
5480 755 110
3334 1749 86
5682 1148 113
2177 976 109
4609 2551 115
1919 2747 82
5644 1009 107
1470 2463 88
637 2224 119
5665 1232 118
1618 1628 99
323 1360 116
4993 810 95
4284 2793 116
5325 1596 113
2965 1259 110
4325 566 91
2269 879 105
2419 519 98
2140 810 80
4342 223 99
130 119 119
3706 185 81
1038 1893 118
897 623 89
470 2693 119
391 1565 101
144 2989 114
1778 450 116
2374 2035 83
2291 2922 111
5350 503 105
5848 360 104
6006 2718 104
4518 1904 94
1135 1755 95
570 1377 95
5392 1538 85
5911 2083 96
910 2125 94
4941 277 106
1937 1686 106
2499 1975 84
3997 1834 96
3210 2130 94
5993 1337 99
4536 1276 99
1799 871 103
1421 2875 106
295 1870 102
1194 2316 90
2886 646 91
3338 1021 91
2622 645 92
4518 2563 104
33 2442 119
2192 2227 106
1758 940 120
671 1311 107
4450 1580 82
4257 1180 93
1670 869 117
3367 841 113
1596 77 108
3128 2539 100
2128 137 103
918 1779 106
5693 2495 84
3046 1584 96
5047 557 91
204 2579 91
1001 542 113
3233 1862 84
1371 1651 120
2374 2862 111
319 1540 85
4296 1453 97
4109 1555 89
85 265 113
1904 429 98
5772 121 103
3809 27 84
5599 764 120
2146 1656 100
1776 1067 105
5905 1172 98
2158 952 112
2145 1694 105
4823 398 108
2554 198 112
2461 1307 81
5521 2727 88
1866 309 117
250 254 113
737 1041 98
5014 778 80
4482 1731 116
4684 1486 109
2291 782 119
1700 276 115
5786 2972 93
2544 517 118
6069 2761 103
1068 2973 113
3720 794 109
4825 1984 96
3835 2011 100
1547 1382 100
4669 1682 90
830 2017 108
4794 281 113
2815 2598 111
148 697 94
2483 1661 95
3687 1839 102
2195 1910 119
4251 1281 117
4525 2412 106
4913 2766 81
1208 844 88
2113 2105 120
4416 2508 115
1566 1351 99
1182 1301 106
4528 2612 109
2733 1142 115
2936 2232 86
3176 405 105
1805 3113 116
2918 2564 101
5532 1495 118
1762 402 119
5187 1323 119
2851 2162 118
1212 1597 92
3932 319 80
3908 74 115
2364 2789 85
2776 1301 109
4017 2678 91
2617 1658 90
3192 1321 94
3841 1702 108
1466 314 115
3863 355 101
362 1454 84
2729 77 98
1579 3051 98
3529 1641 107
5491 2020 107
3337 94 87
2933 745 89
3380 172 105
3453 1366 113
67 701 81
5322 398 94
426 2579 90
1034 2932 120
4550 1800 93
93 1094 87
4496 836 91
1951 37 89
3904 2872 81
1026 834 110
1046 2392 99
5860 1596 100
3507 1432 106
2965 1838 119
2048 2590 86
2989 345 96
588 500 81
5652 958 105
5173 877 80
3247 1267 110
1999 2054 94
3630 239 94
1922 958 93
608 1140 80
4834 382 93
4245 908 120
4156 2776 104
5394 2373 94
3013 2385 90
5110 367 105
5713 1278 93
5555 491 99
3256 2771 102
3711 2010 106
5534 7 90
1066 417 82
6062 520 94
4052 3094 111
4405 1341 119
1455 2279 89
2261 167 120
43 1515 99
1909 1657 99
1827 2795 85
901 1696 111
4941 865 92
1695 125 91
344 2662 105
2652 1969 88
2927 1542 114
6013 1009 110
3983 2121 109
4593 643 94
283 863 92
1398 2658 82
3217 1720 114
3124 874 106
3533 1107 101
1136 2809 111
3383 1223 104
918 653 101
2926 2997 104
848 2616 92
497 2852 112
5914 1075 99
3531 2322 99
3423 1578 113
2889 2469 86
1634 927 113
3977 44 117
2501 44 98
1750 2931 91
288 622 116
2484 2838 112
5994 3031 104
3357 406 82
4750 543 88
3371 2864 93
4866 1503 94
1667 1426 103
25 1298 104
3 836 106
6027 1265 93
3312 1073 84
2250 164 120
3437 1921 98
5539 2345 109
5771 1922 86
1567 2281 104
1249 1911 104
2781 2082 93
5725 1042 103
681 1724 105
4224 2228 107
1833 2785 91
4597 1322 95
3000 2628 108
1357 1086 91
108 564 107
741 856 107
459 2727 98
666 865 84
1250 1544 119
742 1105 85
887 1556 95
2944 954 103
5791 137 97
471 1607 104
3326 2587 99
5173 484 96
2876 2909 83
4930 70 87
4514 2880 83
5693 370 92
5692 1459 118
4739 69 94
4439 1985 102
5740 2798 105
3081 1416 84
4217 2842 92
5810 1652 89
4599 481 102
233 3099 97
5987 1246 87
3423 196 89
518 2243 96
356 1810 89
3584 531 102
3350 2974 83
4510 1588 120
4253 220 97
544 2994 80
4657 1159 119
1476 91 96
1575 953 88
5366 3017 94
1038 2880 89
4481 1807 119
2535 2839 118
1723 1156 95
6033 206 114
5529 52 88
4545 1951 83
377 1306 86
1407 2803 114
5253 2103 115
1285 2048 90
5944 1067 96
3646 1457 107
1054 972 101
5606 1162 112
3530 184 95
3388 1745 89
3336 631 115
1759 1229 101
4105 2834 118
2439 287 96
5889 634 111
3323 2675 87
2876 1255 120
6066 1832 99
2857 1342 93
5066 1339 94
2396 2298 87
893 1079 91
2780 2836 80
3613 2585 117
4911 82 88
3971 844 86
4115 2429 112
1614 1339 109
5280 1638 110
722 78 120
5401 2904 82
2671 764 115
974 2406 89
2089 1268 106
1541 2188 111
1615 1023 110
4097 2988 99
3572 2014 89
460 2949 93
5616 1141 112
175 2947 85
1810 1673 120
242 403 87
735 1808 87
5605 632 116
711 1764 115
5143 881 103
2374 427 82
5477 416 104
3550 1484 83
3862 2963 114
2783 2201 112
4357 1594 109
1524 2895 88
3696 1395 105
2142 2813 85
6077 1734 86
898 527 114
2762 1837 105
402 523 90
3453 2596 84
936 2869 110
113 2216 87
6027 1341 111
2827 1505 114
5903 1081 105
529 359 106
2913 1657 104
5024 95 116
2376 2623 111
5587 849 81
921 2337 119
1173 676 109
1133 5 112
1969 2925 105
3100 1467 104
4843 2006 114
243 1514 115
2591 3025 118
554 2435 99
4379 452 105
1332 561 116
3630 1708 88
1043 1741 80
2476 648 103
3457 1031 114
738 1745 108
5631 2543 81
2487 2603 92
3005 1793 108
1397 2614 110
5770 1231 115
2554 2040 109
3237 1690 108
677 189 112
3550 2410 113
4191 2229 114
174 2940 118
2930 2995 120
3279 85 110
4130 2318 86
4089 2508 94
5552 2055 81
3797 2455 114
1136 2484 735
492 776 102
777 2130 109
831 339 98
1112 1281 106
583 2398 92
433 568 97
199 746 91
883 1854 92
283 961 80
346 789 99
45 2396 108
354 249 97
444 1063 96
86 534 83
442 1728 110
621 1063 89
475 2167 87
1077 1254 107
686 29 113
856 1144 94
280 2389 92
375 1282 101
545 108 117
246 417 114
984 881 114
169 2039 104
481 617 116
611 1248 86
889 1769 97
355 876 91
227 2301 92
1098 901 80
167 1954 84
42 1705 85
569 1762 118
529 1758 98
968 873 102
219 544 114
798 73 107
1011 508 89
986 79 90
292 1369 100
390 2000 114
974 2392 94
569 1666 91
973 1216 99
377 58 86
386 174 111
566 2181 107
743 1167 109
774 2257 111
852 1275 120
208 2031 82
1066 192 92
389 1490 92
587 95 99
125 2345 106
753 2397 87
110 2392 90
69 2238 112
204 461 105
1053 1601 82
93 1782 105
139 622 82
123 263 118
650 1771 103
442 2458 99
309 992 98
139 2364 106
567 457 109
720 2154 80
469 2433 97
1015 365 99
32 2391 92
572 1837 83
261 625 90
592 1104 96
829 1013 98
22 1697 97
586 1346 83
615 719 112
562 1106 109
1051 1411 87
1089 67 119
758 1974 93
514 293 102
382 1717 87
1102 2405 115
32 814 118
1098 1323 90
807 1867 94
553 1484 91
325 2119 102
560 1914 101
790 367 119
574 2254 88
18 216 97
513 4 97
419 1645 112
960 697 94
1036 1560 101
678 820 90
119 1937 89
692 1299 113
639 1480 104
695 925 106
726 481 112
860 449 117
635 30 102
51 161 104
822 1822 110
902 2365 117
333 1794 81
835 381 92
1058 574 119
634 181 97
663 178 80
78 510 104
951 1818 93
1026 1232 80
354 972 88
644 1944 109
62 936 117
820 1479 90
522 641 80
238 546 108
1088 325 105
552 766 105
1071 2383 95
658 1686 112
863 1308 81
1129 1533 108
142 155 88
546 1286 109
16 636 100
580 47 102
753 701 105
851 1184 91
856 2220 102
957 422 110
52 1592 81
31 1614 91
740 320 88
228 1445 88
58 43 96
1046 768 100
324 636 104
600 743 91
48 512 113
248 297 82
1113 2097 94
153 651 86
641 1069 89
906 83 102
919 1316 105
968 717 92
231 975 110
170 2190 98
99 1181 100
1057 2120 87
672 1363 110
1101 286 112
354 1236 100
1098 628 110
403 319 92
544 2207 81
313 2154 90
206 16 85
698 665 81
732 1002 88
227 1695 90
176 1925 101
1040 1499 111
475 12 88
963 1323 103
496 2190 91
235 1529 100
1009 1876 81
204 287 102
441 754 119
133 962 111
759 270 108
838 747 116
699 365 83
140 843 102
837 1651 82
91 42 102
460 56 88
278 624 98
92 1834 112
271 1734 96
12 110 120
456 1331 92
109 1383 82
864 1043 85
630 1344 95
789 1750 104
906 1050 106
431 825 105
1133 1583 89
239 234 113
488 2408 82
1070 1747 80
1025 319 115
1097 1539 119
14 631 117
339 783 109
580 1175 86
483 915 100
656 1906 101
904 1452 113
225 1578 110
844 1549 111
69 815 93
957 1131 93
891 1253 104
1091 593 117
850 2307 119
892 334 86
715 226 81
102 56 100
327 598 117
256 1620 80
652 451 117
822 1420 116
414 2329 82
513 2481 93
918 96 89
638 286 118
587 951 89
20 1124 114
730 408 118
999 1143 103
797 1683 104
848 2095 100
13 1244 95
155 1951 109
663 1358 107
325 2481 85
844 1760 100
1050 414 87
38 1695 83
638 445 104
317 117 114
406 286 109
632 363 111
980 920 110
648 2306 86
474 83 109
343 809 92
96 261 99
560 910 88
333 1307 109
853 1688 105
1113 676 108
880 2293 87
207 1324 108
731 2012 96
1020 303 87
157 170 108
473 2178 89
58 1701 117
112 445 84
1059 1589 90
682 259 114
1117 2081 106
1127 1650 113
37 908 108
263 43 113
361 315 119
238 921 89
1073 2292 96
834 1245 114
670 2227 80
904 231 116
243 1067 115
823 1725 118
939 988 108
143 2030 95
40 1841 81
536 1197 93
1107 1033 97
243 207 91
256 1203 94
1034 997 105
1096 2014 105
1034 1595 106
1021 699 81
358 1298 116
621 1031 91
774 1806 115
657 217 111
775 1731 87
586 1764 80
419 1815 105
605 1170 96
507 902 119
1024 647 96
459 1168 95
586 830 88
430 125 99
431 1756 119
351 1847 90
473 1546 112
89 1603 105
365 1693 87
183 1572 99
867 1082 96
531 957 116
684 2055 95
500 1315 91
309 2013 102
537 314 102
709 647 96
853 2227 84
679 1634 87
1086 1652 118
340 1673 91
414 282 97
94 2026 97
856 1062 112
1106 596 90
1034 758 88
385 326 96
734 888 84
813 1233 95
264 1643 104
275 1055 118
1073 1524 106
421 10 95
680 2154 95
716 2404 80
30 1087 97
916 521 103
865 1897 94
672 1665 108
723 1807 118
149 913 82
653 1646 113
1079 1661 94
609 1637 94
1078 1433 90
98 2191 106
1094 1523 93
663 1829 117
43 2269 119
1117 284 110
725 1515 99
971 1937 104
936 2383 114
191 467 111
677 1721 109
248 2456 102
329 1605 108
1072 2082 117
83 1557 86
1042 1432 84
175 893 114
356 119 109
599 1083 115
401 502 112
466 2484 91
1016 2358 87
98 1004 110
964 2298 92
788 700 108
773 395 93
855 1175 104
199 1638 117
554 1325 99
130 231 107
998 771 115
226 1365 97
711 1268 88
531 530 115
930 1814 108
387 1684 94
739 920 96
508 1517 110
113 2222 109
920 70 107
1066 33 105
507 651 101
16 2483 108
398 256 113
689 2158 116
346 1046 120
178 1728 93
168 826 87
34 1136 97
900 122 103
917 1983 84
962 1281 80
165 1058 92
777 448 80
769 894 102
546 1748 117
331 1479 101
22 2008 84
150 1046 92
229 1439 92
369 640 115
537 48 105
217 295 99
674 872 88
102 1753 87
118 1878 118
983 415 119
628 1353 110
725 1540 110
235 926 84
719 1429 81
1011 638 119
115 1610 81
706 1094 106
669 1998 114
791 836 92
364 969 86
1078 199 99
776 724 104
677 1050 120
66 1027 85
76 1954 80
601 863 101
784 878 96
1122 368 103
596 181 100
105 1243 99
1002 852 112
824 255 112
966 2129 89
723 653 107
761 91 112
776 594 119
369 1452 106
904 2458 104
403 1368 102
767 829 113
1129 1123 117
84 79 80
139 1309 120
118 373 105
973 1252 120
694 729 90
960 1420 80
1054 356 86
467 408 93
996 1324 89
91 92 88
1062 1870 119
1134 354 86
212 2183 82
1044 53 109
736 330 100
223 2074 85
1039 1320 82
273 2301 85
717 1157 80
662 1263 116
644 1562 107
472 575 97
723 1483 88
206 1492 94
542 254 111
102 450 107
802 126 109
476 1670 91
152 1441 117
711 2051 84
986 1007 95
492 1900 104
515 108 95
50 2127 92
178 809 81
265 1481 96
961 665 91
851 671 110
300 612 101
541 354 90
851 1946 95
271 2403 103
677 1389 86
934 588 104
436 771 108
1044 1866 86
96 434 108
1017 1821 95
35 1775 85
150 106 89
384 907 117
14 568 84
1083 1867 81
52 969 89
410 1935 99
46 569 95
411 534 116
483 34 86
528 2367 92
850 703 94
835 318 106
987 280 106
239 67 92
18 2156 95
1087 1619 106
54 895 109
128 319 103
805 1980 118
787 2118 114
1135 1166 111
337 1350 109
355 2138 103
847 1725 91
205 743 86
747 249 93
566 2289 84
490 510 119
93 1516 105
194 2328 98
724 715 103
298 606 113
624 1372 102
225 662 109
452 1324 85
323 2053 83
889 2099 82
333 1860 97
970 1595 108
346 579 113
422 1723 109
974 2049 114
334 1325 96
436 1572 119
261 1811 89
1073 821 95
517 1594 89
238 257 115
153 1625 106
1058 106 120
406 287 97
255 1974 106
40 260 88
825 1778 101
402 640 93
407 970 119
533 613 111
751 710 92
515 138 98
437 789 96
40 573 83
47 2268 96
424 1132 116
134 2051 106
148 681 119
253 225 108
555 981 85
974 2352 91
359 2021 108
910 1277 92
71 184 95
720 2384 87
815 1041 111
390 117 110
327 66 99
53 111 91
615 2007 110
729 1348 104
866 1680 83
169 1858 87
248 505 88
770 2450 111
370 2313 98
882 1961 118
297 754 82
350 706 105
379 1053 96
850 879 88
1067 2468 108
600 1309 105
411 1067 107
752 1509 81
720 2179 87
1011 616 99
197 679 118
1092 1294 108
74 1727 107
193 477 105
527 856 94
50 1486 85
139 2385 97
553 1368 84
991 69 87
596 1376 110
391 1525 114
558 155 93
964 275 97
152 655 101
152 752 86
857 1812 100
483 2231 97
231 429 81
350 184 89
800 1398 105
324 1200 117
664 1201 112
346 2052 94
1084 1054 102
526 1316 103
851 1049 120
589 2358 109
946 1197 82
689 794 106
343 884 101
577 938 115
481 2310 90
1076 285 89
321 1398 114
205 1141 88
916 2446 100
761 1919 93
662 534 113
90 811 118
125 1356 81
158 1945 117
1053 1786 83
259 1210 99
790 2313 88
501 1539 102
878 1443 81
348 891 88
280 1517 81
57 780 120
1057 173 94
778 2310 119
326 1089 91
702 2338 95
482 2271 103
650 1546 88
922 1005 109
807 202 101
162 1964 106
261 935 90
1008 1695 84
314 296 88
1003 589 98
179 2040 84
258 2117 96
1134 154 102
1008 879 82
38 619 80
317 1418 117
798 2018 99
943 2013 103
31 1458 105
554 2259 90
959 181 114
929 2375 100
498 1176 116
629 534 94
682 789 118
195 592 99
859 1408 93
1093 2024 99
823 664 110
428 280 88
2 1637 94
922 1765 84
878 1000 99
378 1098 117
385 225 91
413 830 114
70 732 102
435 2049 107
10 2191 97
541 231 91
195 373 96
1005 149 81
1073 1674 88
44 304 108
944 2250 109
486 2090 99
1039 1958 119
234 745 110
983 1308 82
364 860 85
559 584 83
147 190 99
92 2405 103
1075 1231 99
676 580 92
967 871 96
852 211 107
297 135 111
1098 1300 113
291 453 110
328 2476 98
504 367 111
827 475 105
139 411 113
826 666 103
281 2032 119
635 17 113
486 1961 101
300 232 82
267 152 120
800 1834 114
347 450 81
1114 2111 94
779 526 88
216 86 116
949 2341 107
600 359 91
374 2375 85
848 354 103
555 1442 120
919 2085 83
39 1828 109
772 352 83
797 1901 113
689 147 93
103 910 85
1083 63 80
656 977 91
956 1182 85
786 426 117
730 504 101
207 1612 98
689 188 104
1115 938 99
797 1985 82
1134 1152 118
803 131 103
734 921 99
787 1934 86
271 2022 117
820 273 94
7907 979 955
4109 150 109
5273 876 89
6098 942 117
6638 557 111
2575 756 112
4463 20 108
2234 627 80
206 502 92
2229 691 85
5527 128 90
5398 74 93
2982 850 120
3752 907 94
4668 864 96
6016 331 80
33 418 92
569 383 115
2845 565 110
7630 257 85
782 57 87
5011 728 87
3864 392 81
6020 152 107
3885 588 85
3913 198 98
5161 655 99
1050 813 114
7432 57 87
643 137 87
5794 610 106
7496 917 87
6837 544 99
3883 958 115
6133 386 115
7053 968 118
4887 623 109
564 446 88
5839 712 108
7653 79 103
2411 798 81
4850 39 93
3910 64 114
7726 402 92
4090 446 101
7059 20 113
1693 596 113
4537 136 105
2304 880 96
2482 250 102
1455 923 90
6718 160 82
1784 633 118
4213 336 100
2466 705 117
6097 810 119
3769 399 96
3128 763 82
3005 181 104
1110 245 92
6999 938 85
4973 335 93
3509 441 81
3170 582 94
7358 188 92
6053 465 114
5635 877 110
4172 389 112
6058 67 107
6965 142 110
5977 692 86
287 683 119
4905 894 100
6153 815 94
3910 238 88
1697 941 113
621 93 94
5975 670 95
3219 565 86
2523 919 114
5502 864 82
1335 912 94
3184 418 101
7810 863 83
102 9 118
5094 707 93
1755 94 82
3646 575 89
3405 297 99
6793 397 94
3087 338 87
2364 936 94
3508 194 105
7072 366 98
1176 811 105
2606 297 113
2029 643 92
3948 332 94
925 722 81
5122 24 93
6822 107 119
1116 181 104
6366 964 93
1016 103 103
218 221 101
1314 869 89
312 328 93
2117 462 93
3211 419 93
4112 736 92
6550 241 96
742 815 96
709 166 113
1777 648 95
173 410 96
937 27 91
829 507 87
3666 403 91
1338 916 96
1625 892 112
2326 92 85
7293 953 95
1391 147 111
1416 737 116
6404 684 83
6341 105 102
1560 607 99
2762 541 116
819 519 107
7898 605 95
591 44 82
4888 379 90
6011 976 93
3611 845 109
4734 88 106
1651 319 108
6200 496 105
241 176 94
1616 105 87
3203 798 118
5432 84 116
67 377 96
1821 444 86
1390 566 110
6598 134 115
7371 544 90
1686 216 93
4124 27 112
4446 697 120
6698 822 105
1564 17 109
7830 784 85
1654 162 83
7199 529 103
6524 255 105
1410 561 83
2432 790 86
528 852 95
7028 194 83
7708 659 116
3970 532 101
5657 93 119
4393 168 95
4994 674 86
3481 813 116
1758 172 99
6320 61 119
1113 766 101
1613 335 120
443 839 115
4085 238 87
6846 104 107
3016 4 106
6555 379 94
4769 100 85
5863 753 116
1621 604 83
1373 927 97
206 655 84
1259 847 90
1139 124 88
5761 186 82
4657 195 91
991 651 83
6379 52 108
91 638 92
1271 246 87
714 584 96
4218 166 81
407 735 85
4873 430 117
350 514 115
911 440 111
7617 36 111
945 553 90
4460 802 109
5748 16 86
3799 64 88
153 558 89
2022 724 83
5219 762 115
5116 412 109
4155 386 113
2256 25 105
627 534 96
6416 133 92
237 471 102
5712 826 91
5363 271 80
5496 457 109
5342 504 117
5358 205 95
210 588 119
911 409 82
4536 697 102
846 311 86
3855 1 81
1053 877 119
2491 656 108
1963 549 101
1692 173 97
7196 38 85
79 161 111
1201 243 92
2978 569 92
6132 187 99
6170 575 111
5438 775 114
6808 807 119
5012 911 105
860 952 113
3926 546 92
4600 5 94
554 962 112
5207 249 114
6631 916 93
3953 368 82
1154 511 115
5441 924 106
1826 325 101
6230 793 102
4190 530 90
5421 165 101
2072 531 101
2937 265 98
733 354 98
6042 288 113
3705 402 90
5620 271 120
1454 884 84
4629 406 102
7562 569 115
7256 754 118
6870 469 90
7413 135 89
3976 502 114
6148 841 104
2612 892 106
3390 686 95
803 296 86
1681 807 93
156 480 111
2358 929 101
3301 304 80
7022 907 102
5831 253 88
657 907 109
5308 438 106
2754 576 120
6438 441 92
6707 772 92
4473 41 109
2131 904 115
4550 446 98
5896 264 80
5047 333 85
4854 814 94
842 61 81
4574 739 91
6210 124 82
3349 160 110
5165 896 115
1165 167 100
7232 627 117
3844 191 91
1842 12 88
571 311 91
7229 382 89
2351 34 107
789 157 92
2098 275 91
3517 721 94
2227 140 83
3792 227 109
4939 303 87
2594 713 106
980 453 81
1666 869 97
2136 541 101
299 291 106
5902 443 91
1243 455 105
6913 374 89
1625 735 109
475 589 106
2401 281 102
3346 113 102
3969 324 85
1380 149 97
3110 869 114
5317 274 103
7569 54 82
2718 217 80
7022 642 91
4974 280 94
4002 220 104
1407 978 116
6414 891 90
4846 345 92
6438 904 117
6565 192 111
6673 252 97
4049 233 99
310 712 96
2106 510 98
3967 396 105
2862 182 84
46 250 102
3694 547 82
1556 234 88
4541 366 82
3564 886 94
5205 348 81
2434 549 90
2907 890 81
3042 622 102
80 280 117
6033 279 85
3568 898 112
6339 355 87
4774 520 99
5486 520 103
650 126 106
6192 611 98
5358 30 93
778 873 115
4244 448 111
5175 676 117
7513 580 117
472 198 112
3322 85 86
1920 971 104
2589 137 82
5970 251 99
3263 264 93
5907 882 118
1683 673 101
1757 571 112
6944 388 113
7777 850 86
6843 421 103
3231 40 106
667 715 103
5335 796 87
2540 293 107
1498 364 84
186 732 102
731 827 109
1360 124 119
4561 176 114
122 965 113
2473 96 92
6870 556 114
3128 441 104
4010 489 115
3050 349 107
2043 311 99
1688 976 114
5425 347 91
866 322 103
257 249 109
1788 245 107
182 732 120
7871 863 98
6310 364 101
7024 677 100
5250 417 112
895 686 99
5708 784 116
1087 656 117
5016 511 91
2067 498 95
3701 859 110
6705 188 116
7207 426 107
6883 368 100
7577 820 105
679 962 88
3850 521 117
6218 910 100
7454 291 114
1833 304 118
7055 838 96
1634 740 114
3887 285 105
5363 848 113
2484 526 103
7358 49 99
3224 812 89
5836 261 91
6090 673 103
138 422 103
7345 677 104
4985 724 106
3715 613 81
2647 830 93
5850 836 98
141 689 106
6644 835 119
628 674 95
5278 192 89
7635 751 80
3738 387 120
6980 389 96
4947 704 109
4134 620 108
6029 397 90
2477 375 116
1653 810 85
569 112 103
6194 88 117
4229 826 111
3870 663 88
5114 487 106
3591 831 88
4948 665 114
5521 582 110
7408 442 118
4217 442 97
6037 893 83
5129 572 82
5950 715 92
6262 687 82
1644 953 85
7784 463 99
7579 116 90
3769 388 87
2207 658 102
4464 682 98
2771 777 83
5389 474 87
6680 662 118
422 749 114
2799 848 85
7104 470 107
6196 708 113
5901 906 80
5769 221 96
6260 336 84
5333 976 89
3261 847 102
4609 375 120
254 618 84
1281 500 107
2567 717 95
3631 166 103
7532 74 87
853 23 120
4404 109 115
5105 505 88
3413 391 86
1023 109 102
2171 488 83
447 326 119
7266 972 95
1532 727 112
7602 341 111
6526 587 106
4475 785 97
2489 283 111
4728 278 92
6417 188 104
7510 471 115
3400 463 84
2371 559 95
227 707 106
7436 610 99
1818 199 96
3476 595 82
3826 4 93
292 597 118
1303 492 85
2556 99 105
1042 157 90
2396 850 110
818 127 107
147 929 115
4709 231 107
6351 302 83
146 922 100
964 28 81
5049 682 115
4059 468 95
5860 345 91
532 316 120
203 66 118
2697 248 119
2490 939 101
4807 605 120
539 279 110
2797 517 110
5399 838 95
4038 324 102
6000 174 89
5659 220 108
900 257 114
3020 658 108
1734 408 102
4570 295 113
5287 389 101
1810 456 119
4117 43 109
7779 902 97
7639 303 111
7669 418 109
2412 700 82
362 876 102
3211 548 99
1573 82 116
2178 212 118
4651 532 107
6575 936 103
61 268 108
3140 937 108
4112 837 94
523 48 82
5717 260 112
3692 951 87
3269 92 103
157 766 104
6340 868 81
5857 894 104
7756 324 86
1866 235 88
1382 379 88
4399 927 119
1703 872 91
2244 219 116
7743 417 87
6348 780 95
219 239 103
3519 691 98
1000 765 118
55 888 92
5638 87 105
1776 72 90
626 583 100
7204 498 86
2952 0 80
3490 362 91
6629 778 90
4560 659 107
430 979 106
2203 580 111
3036 73 80
1535 23 94
7903 627 90
2593 698 97
7870 668 102
1536 245 111
4054 214 93
5759 787 102
4347 58 82
5436 234 109
844 764 95
2334 825 98
4112 453 115
6774 295 87
4454 852 113
4628 342 120
3711 57 82
129 457 99
2471 924 114
2946 608 94
7234 533 88
919 189 98
1460 270 103
3868 563 111
5150 223 107
6569 329 114
1663 287 83
6061 650 110
6511 3 97
6883 210 112
6540 671 107
3860 608 83
979 638 120
7509 930 101
5825 869 116
7355 680 87
7772 71 89
2450 32 114
2569 121 112
5426 419 97
7817 34 92
2033 642 114
468 507 102
630 884 98
4220 820 110
249 642 111
310 646 106
3835 185 87
3979 647 114
2526 357 109
973 137 99
155 469 98
4569 629 93
2453 668 80
4138 729 109
3293 274 97
812 366 107
6959 184 120
6774 928 106
945 927 97
3052 770 84
6453 359 118
1010 816 88
7780 61 120
5187 517 95
5190 664 88
5961 703 95
1383 734 102
5521 943 104
6158 52 101
4410 514 90
831 302 109
1902 870 120
4658 309 106
7689 800 85
1056 190 117
2062 673 88
1361 884 92
4104 225 85
6734 533 87
41 732 83
1930 306 88
7565 207 92
2208 445 88
3511 354 83
6089 64 93
155 227 80
2744 758 109
5478 804 102
4130 70 80
3354 79 98
1086 554 109
4174 107 84
5132 384 89
6080 331 83
924 486 80
893 516 99
6459 219 91
184 194 108
949 159 83
5082 570 105
7893 945 86
664 787 87
4730 947 111
6683 668 86
3722 813 99
2854 628 98
338 748 110
722 23 111
7473 534 89
1443 514 80
6373 881 102
5864 15 92
897 758 86
2061 892 103
683 249 115
7118 310 96
860 632 113
1021 869 97
4680 878 80
5267 769 116
4595 69 111
5435 741 91
6175 943 85
4714 762 85
2559 32 97
121 7 110
516 611 96
3711 456 95
5683 57 106
330 757 99
2303 488 112
6332 733 96
1802 152 82
5180 247 105
7014 970 115
2586 341 95
386 5 94
3184 145 117
3405 741 116
3740 312 95
3550 2 81
733 943 118
6840 294 80
5944 147 87
7104 647 90
6822 491 82
4405 417 96
812 941 112
7482 202 118
3740 878 92
4515 592 90
7683 892 108
7578 152 80
5200 653 89
7198 837 106
1100 50 107
2927 503 111
1217 181 108
2052 942 108
5423 881 112
6894 404 101
6522 80 106
5391 280 103
602 291 81
130 483 114
6025 687 120
4117 269 83
1561 545 81
3208 957 84
687 5 95
841 27 109
6069 182 116
6238 297 94
374 490 114
5219 592 105
2753 259 104
2850 515 96
5415 857 111
7854 596 112
6651 201 92
2637 137 115
4354 962 94
5335 532 86
7666 18 116
6105 183 110
3482 743 107
6745 909 90
7169 884 98
1435 225 87
6174 551 102
7568 141 88
7875 243 110
21 830 88
7216 144 99
2591 576 85
5631 334 105
6127 323 89
1576 322 109
3509 637 89
1899 520 91
1003 201 93
6154 680 95
473 90 109
5387 811 104
2835 636 80
6847 7 100
1725 222 107
5423 208 119
3779 365 107
5866 176 86
5801 582 104
5334 104 115
5967 313 113
208 641 106
7725 43 96
4588 476 98
6234 650 82
5260 723 97
5473 694 92
2171 316 90
4607 486 101
1785 915 114
7551 912 88
6033 353 115
6107 242 115
7426 360 94
4657 299 96
4621 436 87
5011 613 94
5105 100 119
5659 501 96
2915 105 80
1252 773 90
5165 749 118
3695 175 113
7740 149 117
2141 153 111
7624 868 94
843 265 89
1523 698 91
1295 825 85
1127 191 96
128 389 92
4012 424 80
6667 774 86
1276 636 82
7493 549 97
5618 415 89
4460 953 85
2667 554 120
966 373 96
1992 14 110
6567 230 96
3289 557 114
5802 324 80
3792 933 111
2732 560 85
3857 760 92
2321 178 104
6087 318 102
94 375 100
2923 513 107
2851 362 85
4951 237 109
4146 273 86
3221 820 96
3145 598 100
4946 89 99
2826 970 106
2756 875 97
4554 636 114
4503 341 94
967 27 120
1843 630 120
7729 602 115
115 399 90
714 504 112
5250 50 114
4715 777 90
4266 370 94
3535 688 80
2163 816 95
1280 273 87
6018 686 117
1492 833 81
6868 691 82
3617 36 98
6071 37 104
4228 904 93
5276 892 115
2469 909 86
7685 396 115
1510 639 95
738 10 96
4089 543 113
1462 65 108
5953 541 82
3198 341 107
844 414 106
3963 706 82
208 350 100
3784 560 90
4423 268 102
1708 128 119
1030 770 107
2446 738 119
6253 620 108
5114 394 109
3358 615 97
7766 44 104
371 127 103
1841 616 81
6788 448 97
767 927 113
126 815 105
7323 244 102
1653 471 96
6650 63 118
5424 725 113
1864 918 92
5188 894 89
825 125 115
7776 339 93
3026 554 103
1361 392 119
2159 626 112
56 378 103
472 563 111
4653 122 119
6439 361 91
2512 304 113
7702 138 81
2062 72 102
6603 549 96
5333 296 98
730 369 89
341 600 100
7151 130 112
5316 413 116
1533 488 110
7273 608 104
87 36 93
3072 937 82
676 12 93
3486 343 94
4147 73 82
7326 731 92
7342 111 120
2423 608 104
1436 329 109
6374 923 96
7182 512 88
6459 42 91
7520 406 119
893 936 82
1996 944 104
1934 446 86
830 269 94
6022 123 118
7664 739 101
7891 942 114
5985 891 97
1753 239 107
1442 155 101
6037 430 120
1646 836 95
7387 17 95
1142 258 89
1739 17 115
5099 574 90
2417 169 98
1756 231 92
1775 273 108
4189 220 111
7655 29 102
4125 531 97
426 502 106
4032 73 109
266 804 118
58 876 103
3724 365 82
378 671 112
7025 385 115
6293 826 90
4966 692 106
4714 136 84
941 238 85
254 633 89
5570 304 91
2974 864 119
5389 335 105
