10
5674 8407 1
4007 4782 85
5003 1468 428
3868 211 116
4361 151 107
2770 46 88
413 1258 83
640 1199 84
395 1164 85
3098 1071 89
2623 501 87
4556 759 117
359 449 104
2777 1044 116
928 1272 83
477 185 108
952 1370 108
4235 419 106
2522 1398 91
2243 1415 112
851 561 96
130 207 90
1560 1302 87
4978 935 115
885 1120 120
19 179 87
535 489 81
1748 793 110
1892 454 95
2006 213 92
532 357 119
1318 429 95
2818 442 119
365 1336 84
2402 385 111
1441 563 103
71 245 98
827 680 89
3376 496 90
1475 290 93
520 570 94
69 534 92
172 1432 100
682 591 101
2184 515 105
2764 947 102
3773 1005 84
1604 1107 97
1651 882 113
4838 40 112
899 652 106
548 448 80
348 382 97
1738 734 84
1013 633 109
1677 56 104
1727 698 89
1858 245 119
740 1218 115
3973 944 100
844 787 117
2884 963 101
2582 978 109
2260 522 105
1341 125 101
3050 870 109
1828 827 94
2869 843 108
154 1048 109
1514 1304 116
740 748 87
4908 521 110
4298 1345 87
1076 865 105
2798 1236 94
3249 356 101
4249 744 116
3475 489 107
578 572 101
4061 1253 101
2025 806 83
2224 1261 85
3346 1325 88
3270 863 119
4580 385 88
2297 915 110
3008 356 119
1920 87 114
2663 1431 113
3673 1272 106
4726 128 104
1041 437 101
3780 1204 84
1281 1443 92
2272 1339 83
3536 199 120
1392 1014 102
2778 1098 107
226 251 100
3618 1186 84
1628 914 85
4334 1283 106
1663 221 113
3077 1231 104
2702 1312 81
769 455 111
321 210 85
715 1011 118
2146 110 98
4921 628 106
659 310 99
3406 1197 117
682 584 82
1496 194 106
3900 278 93
3680 1433 81
2266 907 93
3657 414 87
3824 743 102
4245 642 98
2228 927 95
1048 655 113
292 1222 106
603 890 102
1144 1086 89
2706 1332 118
1449 683 81
3961 1438 105
3250 403 115
181 1314 110
1474 923 111
4775 20 117
3965 693 116
2996 697 87
1331 236 116
3185 156 92
2314 231 118
1154 1006 93
1281 639 105
1687 1112 91
704 649 107
3095 547 94
3883 1304 110
744 813 117
4579 1357 116
1075 1116 113
1272 324 101
2450 119 116
4923 1387 93
1390 744 87
2078 1226 103
4989 966 80
4563 409 86
640 1012 90
4935 1443 84
1731 1189 92
4401 719 82
2351 904 112
747 916 102
4667 656 97
2308 1362 104
3734 1183 104
3637 1102 102
1592 598 98
2151 337 120
3167 786 120
497 1271 97
1192 205 107
3864 1362 96
4819 749 105
1622 1136 80
3933 1228 106
750 567 109
3688 1160 117
1155 1308 111
948 978 113
2547 1108 108
4964 998 113
144 1166 84
2648 280 90
1501 1272 111
3029 506 89
3403 394 108
4741 1307 101
686 1453 115
1453 144 101
3055 742 93
1856 314 93
3742 514 106
3171 1144 114
1356 1066 93
1030 15 114
3596 293 96
217 1305 110
1707 20 85
1725 1080 105
412 1273 81
1492 688 114
957 594 96
4090 314 98
1900 185 103
2665 1339 106
1479 834 83
3581 1118 94
4600 1460 118
1109 704 87
3472 1309 109
1680 1297 107
4035 538 113
4512 1254 94
3574 992 93
3767 61 82
4234 1033 110
302 153 100
3012 519 98
1883 1210 101
4495 554 86
3070 175 106
3260 371 103
4844 723 106
3599 1453 109
3779 1382 105
1801 5 103
4462 1089 85
3225 726 110
1043 404 80
356 247 90
2959 1063 99
3975 1095 109
4314 583 120
4583 959 102
2623 187 112
2384 540 95
2960 1085 86
3405 286 93
446 1201 114
3307 642 114
1726 52 105
595 315 96
2598 791 84
849 247 91
1654 280 82
575 1332 106
1397 185 118
1338 1262 109
1416 280 98
2172 994 83
4057 86 86
462 317 85
2428 333 103
3821 1086 94
1942 1126 117
4405 1020 100
1026 193 93
358 503 102
1895 914 101
1452 1232 88
932 505 98
1183 1250 88
4988 806 115
25 1359 88
1690 1031 119
2023 1004 87
3088 1431 81
4618 405 115
4543 581 96
1392 898 100
2230 1417 111
1677 1308 93
3366 787 105
607 570 91
3897 834 94
4447 1066 102
3911 349 104
4851 156 108
4827 1347 116
755 522 88
1036 846 117
3189 1059 109
4430 1168 92
2229 1204 93
3014 332 93
2200 536 114
4550 1346 80
331 1226 82
981 700 89
2159 1217 110
1785 229 114
1399 44 86
2447 288 98
2234 1096 98
4901 661 96
1285 1138 95
3384 821 84
1756 1350 82
3279 543 105
270 361 93
4090 1030 115
4116 72 104
3532 331 86
3749 782 97
3066 800 113
3915 83 102
1793 631 113
2349 665 81
3887 1401 82
2014 1387 89
3465 613 103
943 1453 103
3041 1386 104
1185 911 108
2198 662 107
4026 642 81
2441 253 104
3275 281 93
3704 724 115
4793 703 102
1655 987 97
1111 983 96
861 658 80
1297 1167 103
1469 1287 104
4451 56 104
1698 617 84
2435 1098 101
127 352 120
3299 871 110
1533 1231 98
3398 316 109
3862 1064 117
2168 18 118
4093 102 87
1808 469 97
2073 731 93
2930 884 81
789 837 112
1237 4 95
2513 1258 101
2367 861 108
4128 900 94
1846 259 108
996 346 82
4590 23 109
324 515 99
197 572 117
2129 788 101
1107 813 118
4620 1183 118
4448 1022 87
4789 745 86
1691 163 110
4137 302 113
2238 475 97
754 1118 89
4739 1409 91
2264 758 118
1419 1010 106
2359 407 116
3984 208 119
4958 292 104
3160 527 118
3955 373 80
826 978 110
3303 1064 120
2384 760 117
3104 915 101
1925 317 98
4639 838 91
3393 273 84
818 718 113
392 817 102
3274 1374 87
374 159 91
4460 1174 117
121 985 99
54 1071 120
2472 469 104
849 1077 111
3956 1106 109
3127 448 91
2935 944 107
1807 1402 90
4415 883 94
3127 1418 111
2687 67 104
1861 374 84
2901 471 107
381 1255 97
3158 81 120
4234 892 100
4931 1411 91
1671 148 112
4323 1034 84
4561 35 81
4068 1110 96
207 584 85
3000 583 84
3078 362 117
4440 766 103
2138 453 103
721 71 89
4929 1068 119
2507 1403 104
2021 1295 111
3969 424 86
2186 355 117
2334 686 114
1395 1071 80
425 1385 86
697 1196 89
2481 1437 101
1967 173 117
4898 1151 87
128 689 118
2611 922 99
2633 1390 111
2999 920 120
4186 1034 83
2451 757 111
4499 904 84
823 581 86
4597 58 97
4592 49 111
3570 267 117
3540 185 113
4191 598 82
3763 441 84
3509 1214 102
3152 456 101
3128 1403 104
1339 380 116
6351 7282 292
5787 5572 88
1635 5736 119
6241 4314 108
3491 1094 98
5198 896 88
898 1993 96
1856 1113 113
899 2695 84
627 2984 117
2083 2794 98
244 180 102
4449 1331 99
586 1431 104
1909 5601 95
2919 1927 103
785 5330 107
6010 3408 113
5390 1407 83
1179 5344 105
4144 6054 84
1826 173 101
5543 893 101
5254 4136 100
3993 7209 90
1282 6066 111
6069 6215 99
491 6483 120
4294 624 83
1509 3393 86
4553 5166 90
26 3549 101
5955 2565 82
6065 3310 95
1259 842 104
2154 6869 109
4314 4432 118
1250 1423 95
4803 4273 115
1572 3347 80
2698 6534 98
4531 5429 83
2200 6801 94
2067 6203 104
2138 3340 90
6045 4639 88
669 1704 92
5275 6899 81
2125 1494 86
4084 354 86
4633 6255 86
5367 2775 113
1542 4568 80
4624 7024 114
1638 784 80
2406 3736 100
5918 2163 81
1609 1198 117
2412 5453 84
1000 6982 112
1092 6471 90
5062 1173 90
2191 24 110
4372 3365 108
3605 6524 102
4871 3235 86
6230 2096 102
3565 710 93
4316 3358 97
944 1020 84
5902 1717 81
4247 280 97
3084 3580 109
3928 3227 111
4927 6005 97
5027 2712 81
4140 7152 110
1458 3161 89
493 4577 117
5170 5057 94
819 5257 97
5770 1013 106
2082 101 108
3673 3444 105
4580 2154 94
404 3220 96
3834 2287 113
4800 2996 106
4827 493 117
2529 1529 106
2560 2038 99
4449 5845 98
4697 4027 90
3091 1731 120
1719 6234 97
143 663 100
2684 2612 82
3619 6377 100
4156 4250 111
3988 1125 94
5395 4523 88
208 6885 102
746 1219 85
1567 54 80
1778 656 83
5786 2220 85
1006 74 118
1452 6859 113
2577 5905 85
590 1264 95
4332 5529 90
53 2306 103
1769 4021 91
5012 4200 105
3490 1195 117
4458 3591 117
3138 3010 100
4214 105 100
4924 5746 93
92 4660 89
1607 2033 105
5203 5221 92
1032 2754 103
319 2975 95
5243 3993 109
3733 747 86
667 3098 94
465 1413 98
3265 5828 117
2495 2063 118
5220 1709 119
4245 7146 110
2454 2386 81
5786 5391 113
448 206 105
548 3637 100
2850 1522 103
5457 3809 89
4765 2905 99
2678 4945 80
2639 2400 97
2923 592 102
4291 1012 113
684 4654 102
2537 3967 108
2888 4300 90
80 1955 88
2321 5026 82
2487 2796 91
6127 2768 107
3588 2046 107
1954 4291 118
5530 3541 96
4214 2359 107
2220 3119 118
731 3857 83
1908 1271 106
3859 2194 105
4771 546 82
19 742 106
2410 6239 85
1458 4292 117
2758 3097 119
5417 1523 84
1453 1103 93
5799 2137 96
5271 4883 84
448 1191 103
6053 3222 108
2102 1330 112
6325 2556 108
2248 3423 103
1520 1834 96
2720 3824 112
1690 3504 84
3711 3657 102
2714 909 114
2576 5823 110
4341 5366 110
1496 574 111
1917 6848 106
5014 6411 107
5705 5406 117
2585 4852 89
476 5978 83
4611 4084 88
5366 1940 80
714 4985 103
5930 431 119
2789 3808 113
2566 2699 84
5788 1203 96
224 1769 113
4581 792 87
987 2142 98
168 5356 96
5696 3553 106
3518 121 114
296 1069 113
3145 1205 111
468 3371 114
1312 1877 103
1342 4951 103
4348 7034 85
3435 863 106
3349 86 88
6056 1483 92
1046 1907 118
3924 2166 88
2691 5191 83
520 3168 114
3141 3205 102
2395 4693 93
3203 7238 120
4292 2397 94
2155 2148 83
5124 7253 93
3856 2527 104
2540 1341 101
903 1145 107
1495 1149 90
5620 683 109
173 4230 120
966 1790 90
4188 5485 116
990 3984 117
2299 6791 120
4506 1625 119
1111 456 108
3656 6980 110
5226 5208 113
1753 1355 100
5941 151 113
5127 4470 115
2703 1115 82
3736 4251 119
1271 2186 120
1955 1389 95
4373 3103 113
3256 5756 92
5791 4691 92
4954 1679 107
3810 4959 95
4337 5961 95
4249 6441 91
1439 2502 112
268 2913 115
3454 6642 93
5404 5831 107
4536 7230 109
3046 3088 116
2889 3616 92
6226 1839 80
2855 7158 107
5568 4933 106
5447 1636 84
3748 5521 89
5000 3632 105
2925 6442 97
4950 4377 114
1418 6759 104
667 5909 111
3511 2439 110
3702 6702 105
898 3237 112
3972 41 105
5440 7213 83
5813 45 113
3310 7236 115
5793 6188 86
5547 3445 82
3470 3460 87
4627 2375 81
2491 1051 116
4187 1780 105
100 3830 80
4143 2748 103
4929 1374 115
6090 3764 96
4843 7087 93
971 737 85
1648 5092 104
4685 1339 100
2167 142 92
5347 3329 109
4486 5829 82
2166 2451 84
616 7262 92
1074 1516 93
5288 3286 87
298 4718 92
4005 459 94
1953 7037 98
3842 6605 817
2017 3954 114
3161 4910 100
881 1030 110
2933 4232 113
1755 3339 111
2197 380 111
2471 1637 98
3359 5754 99
3136 1084 119
776 662 109
3794 4918 87
1920 3691 90
3514 944 107
3613 1014 118
3446 5552 91
1758 871 108
2649 1629 90
1962 964 89
3224 3193 114
1833 5418 80
1091 819 89
3381 6546 93
1490 5171 106
1229 2154 94
2337 1565 89
581 6162 105
2874 17 120
485 2720 92
1237 319 117
1786 6177 100
3605 5520 100
2925 2937 104
3634 2008 90
2064 5584 120
1251 3394 105
1165 448 87
1107 2008 80
3505 1406 108
3738 4558 81
1944 4764 101
2391 5241 82
2343 4574 112
644 5309 98
780 5652 92
854 1963 118
1723 3650 115
3733 2323 90
696 5869 85
3104 6104 84
1420 4346 117
1805 2433 83
294 1731 86
2302 664 120
2545 2151 110
2158 421 114
1257 1676 91
1252 1771 89
3640 6275 120
492 21 97
1888 914 114
2837 2641 90
2337 3870 118
393 1646 103
431 2598 84
1054 4809 88
813 5766 94
1876 392 99
2308 701 115
2071 421 105
913 2973 114
2079 2346 81
1627 1524 120
742 2477 90
304 4210 109
1398 235 111
3669 3850 107
76 3237 105
2646 666 106
1705 1814 118
713 856 85
1117 3612 120
567 4964 101
292 3107 96
31 3091 88
3352 2484 102
1031 5045 86
138 2580 108
1038 2183 90
424 566 117
2347 993 102
2528 3548 90
3471 4539 111
1098 1221 112
2948 5488 98
3628 260 91
2408 569 106
391 3160 109
2927 5465 114
1302 1423 114
1036 5283 102
1431 3133 116
1410 6342 114
3033 745 115
35 1974 104
994 3506 90
542 559 117
3797 1622 102
2350 5438 91
476 2410 108
1327 3941 99
3664 4240 108
2945 1404 107
1338 4161 120
1689 2677 100
777 3301 97
303 2372 100
1082 1504 80
2065 2323 91
1987 4226 81
255 347 87
591 5143 89
953 1193 84
1366 384 95
365 2501 94
225 1543 102
1887 4530 106
198 5323 81
3349 6327 83
1400 374 90
1771 4650 81
3144 125 94
1192 4943 100
2358 3171 88
1025 3219 80
2236 5857 100
1134 649 89
3640 5130 99
3245 653 88
2760 4587 85
982 1947 109
3480 5940 93
2785 1279 98
2368 3575 84
904 4029 93
648 3323 104
1166 3648 109
2329 4893 88
1647 2199 91
946 1766 84
548 2727 109
721 4908 96
1083 470 113
1999 1389 109
3060 3456 114
1944 4453 87
2324 1904 92
1097 3910 105
8 2923 104
266 1080 110
3672 4211 109
1522 3837 103
2612 2730 117
2332 14 114
2030 2542 110
2675 2641 101
2629 869 88
3637 4331 99
3286 5796 110
992 2666 103
465 4617 112
3738 1178 114
1364 2313 81
3553 1889 89
3713 2651 82
2119 233 116
1917 452 111
1097 1791 93
3031 268 94
1605 349 119
214 4098 92
2844 3178 116
1454 5181 117
897 4798 85
1915 1534 97
555 655 109
2728 4323 84
719 6265 103
2984 832 98
1062 4226 120
758 5992 109
2475 4381 86
221 5487 120
1751 417 81
356 4370 83
2506 1796 82
31 4092 110
2746 5074 115
1972 2038 92
1078 2732 93
1276 3 117
2263 2893 94
3641 4886 101
1677 447 119
703 640 96
3158 89 101
3192 1605 85
3593 1861 105
232 2185 86
397 4852 87
3388 3659 115
1542 4959 83
2730 317 111
1736 6549 95
2841 4089 111
3447 3643 94
3638 3546 99
3408 5412 109
1667 5857 95
2858 6208 105
3126 1307 96
217 85 90
873 1853 81
1641 6276 112
1836 3410 95
2588 1659 104
1811 1511 112
2463 2842 107
1050 1028 106
3247 2473 109
1445 6525 116
349 1122 86
1889 695 89
801 4762 88
2525 199 104
435 1247 96
1327 783 111
3661 5450 107
1070 380 87
3633 2730 94
1889 2997 100
1838 4145 96
3765 5348 86
640 4782 94
2035 512 101
582 1946 98
1719 3332 92
3445 2079 101
1538 928 112
1840 4220 113
936 3214 120
2818 2383 104
2782 3724 87
3018 3977 104
3522 263 99
2298 5045 110
2252 4686 98
198 4670 94
1607 4038 98
205 4322 120
280 1670 82
1941 2264 120
2182 2740 103
1388 6527 115
439 5718 113
3220 5735 99
389 1685 116
850 6487 103
974 5235 91
2900 5272 84
3837 4089 93
913 4082 103
3481 3763 99
528 1985 113
1807 2122 88
246 2621 101
3772 5061 87
3066 942 116
1736 3320 113
1847 314 102
2693 2341 80
191 3709 96
1967 3675 117
2152 2247 101
3262 5807 119
888 4177 101
3140 1689 106
1310 4887 81
1129 4095 105
1985 5073 120
205 2768 81
2444 3806 110
59 5584 90
2564 610 87
634 2306 83
2326 6258 82
397 1254 106
1878 2054 116
2079 353 114
2757 2533 109
684 870 107
3277 1757 84
3378 898 113
3832 911 84
2075 6117 108
2410 512 119
2607 3678 109
2932 4816 98
3129 30 118
1655 3319 113
3262 6288 115
1645 5527 89
1099 4258 117
284 2156 92
1906 1535 100
3232 3840 81
3310 3131 107
3163 3597 95
2413 1814 120
1417 4283 85
417 4047 112
1305 3347 120
3689 6463 117
3568 2925 114
2181 4106 89
1891 1964 86
3322 5984 97
3327 1199 120
1656 671 96
580 899 110
880 5946 84
1558 5443 113
2772 5179 120
3665 5658 114
38 1138 103
3812 1264 113
868 295 87
1809 5414 96
3535 5417 105
359 895 107
2640 1319 92
1067 5253 105
1779 4916 113
1997 5702 113
523 3912 99
16 3480 86
3316 2689 91
3792 2130 100
1129 2076 107
2300 753 90
3187 6062 91
1529 1813 114
512 1894 102
937 5616 102
2327 4028 88
2423 6318 94
9 5194 106
2876 5598 102
347 3670 82
523 5546 107
2351 5411 98
2638 2666 94
1361 1220 86
2982 2306 107
2941 476 85
1843 3254 117
798 5063 94
3612 599 90
1091 3191 99
2269 2910 82
1514 3224 85
991 4265 115
1867 2862 107
2696 3556 98
1427 575 98
2077 1610 99
1357 6428 104
427 3509 107
3064 46 84
361 1962 116
3679 527 88
985 2454 104
2003 2389 92
772 2239 101
2076 1832 87
2959 2782 94
1930 3888 120
3334 2867 119
1529 2233 87
3328 306 119
1795 1867 117
1994 565 114
1290 4728 88
1158 4959 103
166 1922 97
636 3038 105
398 6039 84
3585 1802 90
1679 2064 81
2159 818 96
2835 221 109
766 2583 90
3144 4326 102
2378 5442 90
1852 3051 116
770 4116 85
2867 3854 108
1273 1517 87
2440 5008 107
243 3192 98
1621 4983 99
613 5636 117
3823 42 105
2629 4243 99
428 1699 105
1925 4865 94
167 2737 96
3500 4342 109
173 168 105
3352 4016 116
2657 5227 115
1575 2469 111
1334 2559 105
255 1175 84
981 1588 95
693 4942 87
1591 2897 93
2295 1271 120
2904 6230 86
1837 4950 120
1493 3959 86
419 4447 89
2201 3984 114
1879 629 81
3251 2699 89
1685 4558 81
3094 4475 99
3379 1299 80
2072 2050 114
2623 49 98
647 219 100
3770 1466 96
1238 2417 113
3123 4984 84
3596 293 100
3265 3612 82
2211 3772 119
295 2226 106
25 4772 97
2037 5617 106
2385 6251 108
2781 5976 93
586 2479 109
2331 4252 110
1089 3997 82
1389 2055 94
2580 506 119
1048 4897 114
3820 4770 96
1591 1301 90
692 3343 105
1593 3772 106
31 5619 118
1596 637 97
1625 1942 96
2009 3923 108
266 4968 82
2353 6064 98
1298 1490 99
2147 4891 116
1656 4366 103
3723 5671 98
1215 6340 113
1061 3175 94
1901 2602 85
218 2767 119
2054 5672 101
3293 6084 95
955 4917 88
707 172 117
1285 2515 101
1395 6525 114
97 1664 115
1127 837 114
3292 486 109
2936 6114 88
3748 959 89
1983 4851 116
1645 674 103
124 4838 109
1162 1524 80
661 3565 92
235 2820 109
2702 5551 116
3311 4527 106
2836 5327 93
3812 2137 118
902 5426 112
64 3724 108
3390 3688 81
1337 4815 92
541 6020 120
747 3319 85
154 523 96
3778 351 105
3323 4810 107
1743 2541 104
412 4755 85
3784 4426 81
1806 6440 80
129 4052 114
723 4387 115
1827 4521 116
269 5499 99
2203 5534 110
2562 4565 80
811 2284 92
1657 3591 117
3472 2996 100
456 5489 112
1888 1263 86
992 4076 85
1029 5872 108
2871 6216 96
1800 2660 94
1687 5518 86
2955 1298 90
1499 1525 111
3838 422 97
1860 3220 112
2822 4468 87
780 2080 118
1471 4251 103
725 4896 117
3705 906 80
1063 6219 114
342 5185 111
3669 1373 85
2293 4758 89
3537 433 90
893 2731 82
445 886 98
337 2442 99
3371 1888 94
3842 813 108
701 8 111
1777 3133 109
749 3368 87
1853 2945 100
714 1563 83
2676 4025 116
1311 6077 118
3236 3778 109
565 176 91
1295 3543 118
1082 3548 102
1066 4007 98
3072 1115 100
860 4717 111
827 5369 104
3323 545 113
1825 246 88
585 5011 111
1446 2559 91
3464 6480 116
3360 3412 82
3516 1209 100
237 5623 85
988 6212 86
2610 6465 103
1201 4610 109
2965 2379 118
316 4094 100
1364 788 89
1134 4750 95
165 5428 95
279 1729 108
2421 5330 105
1570 4808 108
89 461 80
2648 1471 118
3048 5284 88
2723 5867 91
3196 2216 117
2247 3091 102
1131 2689 97
3229 6126 89
503 257 94
2877 40 99
778 4159 108
3745 1326 118
25 853 97
1716 670 85
1291 4825 98
733 3124 88
1396 3109 86
2262 2566 110
2139 5149 86
2033 4837 84
1185 1254 110
277 1990 99
2391 5509 96
1743 3497 104
2597 1325 119
2581 3792 84
3189 5987 82
822 4249 109
436 2225 95
3366 5947 98
824 2752 107
2064 1837 92
137 2071 97
2930 1326 114
796 3446 110
1907 791 97
928 3345 110
1609 2494 103
2459 6207 107
381 5356 113
1706 4573 96
3238 560 92
570 3037 87
3519 5128 94
2564 4314 82
1166 6327 92
2284 3713 80
2721 1838 84
1915 5771 105
1980 2026 86
2807 2684 117
3699 1537 115
3585 2339 89
928 6100 103
509 2527 119
3110 2519 85
1699 3180 100
3623 1033 88
1633 5844 120
497 4216 91
3408 5493 118
717 216 107
517 4841 108
1684 3446 110
3497 5532 107
3506 3823 93
3598 5725 82
3135 2969 80
865 5528 80
2249 5776 97
2209 4360 90
1428 4307 117
622 2097 113
44 529 103
1043 6594 97
2575 1279 89
190 6291 84
1858 4517 119
468 2261 120
100 3883 87
2879 2125 84
321 4313 110
1915 3231 89
2198 3744 112
1465 5254 96
465 376 113
246 52 105
411 1164 81
2172 5484 107
658 6093 105
198 3572 82
1824 3668 96
2857 2911 112
1653 4815 113
3796 3123 85
2456 5606 95
244 4058 110
2822 997 95
782 4187 95
2399 3020 92
77 5453 106
1520 4801 89
3210 1981 80
3485 6538 93
1690 1261 101
1560 5977 109
1312 244 114
2256 3184 85
241 4552 98
2629 3082 118
2746 4594 90
3576 5344 80
1957 1017 107
1932 915 83
2399 3002 88
3516 605 118
395 131 102
1933 6005 115
2364 5739 107
2066 6279 115
1485 1657 88
68 148 112
1295 4854 92
1778 4234 89
466 1289 115
2006 1414 119
2959 588 109
708 3732 96
2716 1789 98
192 2818 82
3229 5270 112
2329 1042 118
1309 6252 103
2905 5406 110
317 2677 86
3220 1312 83
2892 1339 81
141 440 83
1214 3335 115
631 695 82
357 2523 82
350 3758 111
2181 6222 99
2375 959 95
3098 1356 115
1202 463 93
25 6240 90
1062 2645 113
292 3101 104
1364 527 88
3290 5936 106
1087 3278 84
1974 2912 103
3233 2128 89
165 4110 92
1746 3807 114
3588 2241 100
1918 5996 118
1338 5609 80
1826 5622 101
3036 5874 105
2278 3631 94
1101 4676 117
458 6088 101
1448 4812 118
2464 1767 97
3262 2227 115
3132 3752 97
3026 4094 114
1151 4946 107
2922 4654 112
2403 6092 117
2031 5040 105
254 3486 85
2869 1955 108
1058 4723 106
1971 5846 83
1488 2573 96
792 102 88
336 4231 91
1088 5022 99
920 1095 90
3004 5327 104
3593 3701 93
2951 3133 115
1900 2388 81
253 4052 88
2066 2892 84
172 6433 87
1798 2277 108
1975 5515 91
1658 5302 98
2037 1099 87
3464 2240 89
650 53 81
755 3920 100
1444 4729 95
574 1769 80
248 1265 83
1635 1997 96
2123 3182 111
3338 5080 103
3466 1282 92
3545 1757 105
3335 3303 86
1768 6572 90
728 4412 100
104 3906 114
730 645 98
3578 5237 89
1502 5415 116
2158 2076 85
2727 2668 105
803 6589 82
3015 764 110
2113 5316 92
2933 6602 91
4 2085 82
1678 2473 111
1822 4603 108
3668 1942 93
2318 2207 110
1552 5445 90
1674 2581 83
3600 1680 81
1439 1383 97
966 3683 80
2499 2203 94
2464 3351 102
3536 1634 82
225 5549 112
748 3440 105
1030 826 113
864 4359 94
190 5458 88
2616 4931 107
1946 2347 120
1149 4876 95
3120 4906 97
5328 7984 32
4701 5716 108
2724 493 90
1835 2226 81
557 6221 87
1780 2777 81
1683 5912 86
291 7429 92
2208 2304 85
1794 4313 81
4040 5196 104
82 464 109
4843 1975 97
5146 6365 80
2853 1480 117
4406 5175 95
5258 7683 116
1767 1415 94
3313 4381 99
4880 2259 93
1618 5394 116
1969 4735 84
1393 1670 108
1938 5282 113
759 6405 112
3565 3571 98
284 2252 89
3150 1664 92
1228 720 109
3979 3765 99
5091 1994 108
515 5623 98
2964 3657 104
6704 2562 412
1474 698 104
4436 822 120
468 2327 90
5134 1362 103
1979 1068 112
2409 604 110
1391 2543 111
3863 2087 119
6560 1257 105
4843 2228 117
742 1050 90
1855 1230 97
3838 2550 115
1760 1044 117
666 58 105
1959 1494 118
4976 1845 89
2912 854 111
1127 1832 105
3871 619 96
1510 2077 116
6008 2257 84
4167 2275 102
2514 730 103
158 907 118
2352 16 95
5504 562 120
2434 690 98
22 767 93
4975 917 116
2163 1163 94
6241 1905 119
5323 343 88
4105 238 109
4121 426 89
534 624 97
3650 1050 104
6451 1670 118
1786 2484 115
178 2293 93
58 1241 103
2690 539 81
1768 1185 81
246 1743 102
2053 2345 112
3324 896 97
3692 842 87
3585 2469 83
3202 1150 88
5226 1485 113
3924 2428 80
4545 268 106
5751 1572 96
609 1588 107
5908 2367 86
2546 2159 103
5503 1663 115
6231 1847 87
5537 1958 109
2359 1257 115
1736 133 84
3427 1829 115
4261 622 86
5684 2104 83
5377 1069 102
5111 1804 107
2450 838 84
208 341 95
5361 2169 80
854 2481 116
5932 1640 110
2525 773 120
374 978 120
1034 1370 110
272 268 88
1275 378 86
998 275 89
5999 744 85
1633 1051 116
2749 2049 82
2038 26 113
3048 265 89
2739 166 109
2850 990 87
3640 1906 111
2627 2562 87
2163 111 88
6639 1278 103
3549 814 115
5568 323 89
2715 2414 115
5113 1638 107
1037 1474 100
2402 207 107
1697 722 94
289 407 108
5049 1191 95
4413 1289 103
4808 792 85
5630 1555 108
459 1423 80
4894 1476 84
2416 1823 87
4218 2228 103
3644 1697 82
2872 259 114
13 1378 88
5943 2389 110
4982 758 105
3426 1933 96
908 1326 86
3876 573 112
1509 1013 108
3164 599 94
4633 2559 97
1502 2243 85
3008 492 120
4642 138 104
4561 1065 82
2670 1252 98
1913 1706 107
2747 1635 98
6670 1472 88
3260 2129 95
1090 2032 80
4586 410 116
843 1542 94
1643 2301 88
974 143 90
780 1688 105
4822 1968 81
4429 2139 118
3799 1963 86
134 1302 90
5789 2445 81
1106 594 111
3660 1531 107
6302 1985 116
163 1431 97
5082 353 97
2613 1544 82
5168 126 102
1892 1733 90
1168 433 116
1566 1902 97
5950 856 117
941 1619 101
4296 2518 105
423 537 109
3257 2447 111
4514 1968 81
5603 2170 116
2951 374 116
1205 2368 92
926 1113 115
65 1866 100
6447 1172 92
5545 208 80
3538 2220 109
3756 1957 111
6047 1953 109
2901 1317 97
4188 626 80
127 1014 80
368 2284 96
2654 382 115
3686 2338 97
3476 2115 82
1607 643 94
5933 2073 109
3529 1434 81
2498 1622 101
979 859 114
3183 1233 85
4861 1944 110
338 398 94
4256 140 95
4616 1508 90
798 1686 89
4101 1715 116
1304 2056 113
3536 2425 96
44 1180 100
172 502 119
4404 1108 81
2404 1206 98
1623 1370 119
5065 1587 116
3692 1655 107
1848 1387 112
4061 1863 106
1662 1832 117
1082 412 83
399 1149 106
3801 2049 86
1004 1263 119
2607 2457 105
5741 1353 84
6029 303 96
1006 2276 108
2274 1778 109
4128 163 105
4655 1910 80
5995 319 100
4878 1618 90
6106 904 111
6315 501 82
5856 2393 114
6362 1244 108
6071 360 81
2048 1491 98
4489 1335 97
4998 1510 94
399 1052 81
3998 1608 102
2632 445 115
5458 530 106
2147 1307 93
5498 140 119
4217 2526 96
156 2332 98
5980 1150 89
3297 1562 120
3315 2217 103
4022 1597 112
3309 40 105
724 2437 104
1491 789 114
4229 463 87
760 615 115
256 1889 106
83 625 107
2918 7 117
1275 10 84
6148 2345 80
5747 765 101
380 1529 120
4213 2473 87
5579 2145 109
3855 2156 109
2323 1595 93
1086 2446 85
6167 739 88
1134 1361 97
1857 2065 112
3932 953 112
791 91 91
522 564 88
1440 1866 94
971 794 109
3947 511 95
1643 1839 99
6074 1976 94
171 2375 91
2036 1466 108
6554 884 115
5163 797 110
4760 411 108
1603 1530 89
5209 554 114
3365 984 83
3864 792 91
2040 1814 101
5087 2429 86
4402 123 116
4760 1240 116
2358 637 113
5656 1549 115
1011 430 98
4456 670 96
4904 1885 83
1608 2056 120
3598 1069 117
836 435 102
6370 1766 84
1170 1722 101
1467 1679 106
1424 2185 109
3830 27 84
6198 1476 101
263 1223 83
5649 1351 81
6166 1971 120
4707 1753 99
300 2396 105
2688 1704 82
2480 1696 103
2024 1326 80
679 1559 109
451 2208 87
3309 43 99
420 2019 119
3969 2037 104
4733 835 110
1653 992 114
5093 543 118
3085 1811 99
2147 2472 105
3917 2441 81
6163 1952 91
3083 1192 98
3647 827 105
6446 1837 104
1463 1389 80
2214 659 119
2625 450 94
4695 193 87
805 1385 90
2908 440 80
2035 584 84
5554 1861 115
1026 178 81
3062 1310 97
2382 1639 103
4109 961 113
219 1521 120
4066 2401 92
1540 1448 81
788 2342 85
1506 1756 90
2244 1774 103
3460 150 104
1151 1870 110
253 1656 119
5437 2112 108
751 1343 112
404 2321 102
581 1229 110
3364 1657 81
5087 1307 95
4218 2123 111
4245 646 93
5809 2033 95
350 1688 105
4800 1718 115
5281 44 118
1268 274 91
3295 824 114
6056 859 96
1759 2376 113
699 2020 101
5539 1870 119
5008 1791 119
167 292 105
409 834 106
2966 2230 117
70 1487 106
5053 2353 118
5708 1274 82
656 443 93
3402 2553 111
5912 984 107
4375 809 90
339 1861 88
5214 1080 117
2480 1919 104
4875 1826 106
5221 1256 111
2535 68 89
520 1999 90
3618 1395 110
5412 926 118
1803 701 94
3902 1378 93
1576 1288 104
2347 524 119
1925 1021 96
3291 1425 87
3027 2407 93
5929 1442 90
1156 428 90
4559 989 84
5673 2324 96
5244 958 92
2653 754 104
6396 2012 103
4438 1990 99
135 311 101
1492 1029 92
6556 1381 108
2417 1331 113
4964 438 112
1849 898 115
1497 972 120
3681 1164 119
2481 588 90
3149 956 107
651 1734 102
4457 1715 93
1191 1162 118
3970 736 85
3004 410 97
6590 2223 115
1948 22 91
4794 721 116
4917 2355 80
5029 1786 96
2086 90 88
1195 1966 111
914 186 119
6660 1877 90
4927 1175 92
2931 204 108
5512 1899 114
961 1398 108
756 1905 101
4043 1667 114
4151 2267 112
3310 2416 92
4005 1567 109
3766 612 112
5047 1911 83
8453 7821 317
3822 6444 80
1385 645 96
4628 3535 88
4864 5091 103
2977 144 110
7872 7564 90
299 5805 86
5524 3893 111
1740 7411 96
7996 6089 113
3889 3074 115
6495 5091 120
1462 6071 88
576 5858 82
1621 1729 90
1707 110 103
4672 2374 116
877 6476 82
2089 4810 113
1063 394 106
5654 4755 107
1833 2336 120
486 1994 90
5888 6404 101
3815 3276 87
8451 5141 85
6475 1294 108
2722 6092 82
2129 4788 109
2187 7775 119
5779 2353 81
1915 886 95
7180 7403 113
5236 188 94
5067 7566 115
3458 2558 106
8039 1320 102
4333 265 110
7980 706 89
6436 5555 87
5486 6416 111
7602 6546 90
5303 5560 113
1450 3528 100
3138 81 114
6577 678 108
391 5442 101
2328 2639 109
4604 5279 106
6188 1996 94
6066 1376 81
2404 2496 91
4381 2691 83
2496 246 106
5446 6127 98
3677 3638 92
4882 6287 103
1175 5833 108
7496 4725 110
1133 3535 99
8241 2719 87
7456 1100 95
4708 4845 86
1592 4084 97
4754 5753 87
4171 2225 85
705 6879 90
1696 3787 87
6914 115 85
2046 3403 98
1950 6695 107
4609 4121 86
7327 7365 115
7683 7610 103
5905 4029 107
809 3095 84
4360 2085 101
3746 7153 107
1515 7534 114
4363 4225 95
2563 5500 102
1553 2672 117
523 2455 87
6614 2506 97
535 6175 119
6892 4550 98
6647 6410 98
4069 4589 91
1126 2335 98
4559 536 96
6733 6104 108
4979 1588 95
7164 6800 83
3419 2250 105
737 5298 101
5093 5656 113
7781 407 99
174 248 87
6671 3524 108
5471 3642 117
5299 5131 84
3895 6702 99
6729 976 97
6599 4911 116
4257 3397 84
1788 3968 101
2174 1271 83
2080 1132 96
6249 6690 100
918 4284 116
5719 2676 112
314 4126 100
6990 7157 89
4066 1057 86
2672 0 84
6284 7692 120
6780 311 95
7917 4717 115
4549 867 97
5893 183 113
7388 4245 114
5567 3820 118
7536 341 103
6397 7775 116
5411 7485 112
5306 3395 80
676 5779 90
4074 508 91
3947 6607 94
2183 1089 91
8449 2824 107
4627 231 89
6964 7362 96
3337 1282 115
5071 491 84
6654 102 114
4647 3554 106
5231 3647 110
6424 7786 118
3696 1605 97
5901 5058 83
711 5232 113
3679 330 96
2092 5584 119
2772 462 94
5006 5579 118
4342 4881 82
178 5523 115
4297 2489 100
4897 1336 99
6466 3794 120
8313 2877 102
144 152 98
7689 5962 110
7918 1263 91
7952 1998 89
4425 4471 109
7316 5923 97
6525 3062 111
28 6560 81
705 7082 103
6037 5893 115
6308 5549 111
4748 7590 111
3273 700 82
5568 158 112
7684 1245 92
5711 3401 114
5968 435 97
6464 4122 86
2370 1615 81
5998 3902 107
5959 6899 90
3719 7430 110
7671 225 105
1888 6523 117
1970 2732 115
513 2275 111
482 1426 108
5941 3833 114
8322 232 94
2539 5691 81
6452 2208 106
5587 781 87
2115 858 99
5509 7197 103
6917 3980 103
422 171 88
3790 3313 111
7982 1829 106
3876 7232 104
3305 6603 109
4173 6806 113
6077 7156 87
5734 3055 90
5919 930 90
5876 545 88
5306 5061 111
6776 3255 110
851 7556 99
5400 5499 103
7250 2044 102
5420 2759 114
1799 1353 103
5044 7275 100
58 401 88
917 4201 111
683 1452 84
5808 3637 84
5345 882 84
2922 2182 120
8261 2921 80
1562 2565 82
1432 651 115
106 5742 103
5024 578 109
8209 3259 94
564 590 114
4595 529 109
7163 1368 105
4375 1264 120
2767 6071 104
3135 1099 115
6631 1999 107
5370 6572 91
454 2467 98
1639 7091 117
1745 5635 110
2349 3209 83
1602 1987 99
7698 5686 101
2203 7816 99
8293 1078 94
3663 1059 94
6648 1720 106
8037 256 112
7323 2666 110
1086 10 100
5147 3940 85
7265 4505 84
2507 5789 116
2091 7350 102
1254 2459 119
4353 1890 100
8183 2389 95
140 5151 109
6794 1612 115
3715 3632 102
3547 1550 90
4561 4808 81
2038 6304 104
5928 85 96
1978 3337 117
3065 2653 105
396 4247 99
974 2533 86
5581 4469 82
3772 4234 88
6867 1391 92
6812 5306 106
6917 3040 99
7346 314 109
4704 5367 119
179 6797 105
5948 4433 108
823 6946 110
7650 3052 93
4500 3811 84
4487 4718 88
6634 49 109
321 1479 97
7494 7377 112
6413 2757 114
415 4816 117
7260 2317 100
3956 6044 101
5008 3324 104
1561 4848 99
6207 1128 111
2300 7470 105
421 6249 110
3392 4922 94
7714 7197 108
2854 6746 92
42 1380 95
6648 6359 84
1755 2643 108
5161 6755 106
6852 2227 83
5941 6917 96
3566 861 119
2749 3912 103
225 3632 88
632 2993 87
4146 1663 100
338 5179 96
6286 313 104
6615 5633 110
3644 6757 101
1459 6201 84
6419 3028 80
5009 565 116
7073 1384 109
6636 2787 82
8321 7392 100
26 6458 97
5174 3606 95
7118 7233 87
3964 7032 98
6568 5821 105
4949 1006 109
706 4720 95
3431 7624 100
3667 5263 91
1491 1675 103
2842 771 116
3295 4305 105
5124 6940 96
2510 3387 86
2928 1235 92
3273 6697 87
50 4005 86
4084 214 80
3383 525 116
3633 4994 107
4550 1367 98
3111 1187 103
486 5407 94
822 6177 116
265 6852 104
2836 3422 105
724 6013 108
2927 4718 82
3963 3001 115
1538 1169 80
709 6743 111
1505 6660 84
2950 247 88
1420 4364 93
1537 6150 90
2587 3592 85
2415 4020 94
4996 3593 80
610 6022 107
1814 3251 83
4808 3873 115
1591 3736 100
1583 376 110
1327 6062 107
3772 546 118
4895 4587 99
4979 2987 111
251 3282 108
4990 4585 95
549 2154 118
60 4435 104
356 29 86
3361 467 109
3382 5295 97
1312 3161 115
1136 5527 102
4497 2594 100
959 331 113
4101 2014 115
3179 2402 107
548 5330 119
3895 3729 101
1185 1786 86
3422 6846 118
433 5424 95
2702 3433 120
4684 709 110
3030 5677 85
1223 2145 94
3964 6296 88
1628 766 106
3534 4279 103
4777 930 112
1676 2002 95
3447 2988 106
4546 3110 89
2861 117 103
2180 5896 107
1919 1936 105
282 4068 84
1795 4161 117
922 5007 97
3007 946 88
1836 5153 81
5029 2071 84
1209 1632 80
2970 4097 90
4 6121 103
627 5802 91
377 2328 117
4231 1783 106
4152 16 99
1718 6604 90
441 5120 82
3589 2872 97
2028 4276 111
887 6404 115
663 4054 104
3498 6054 114
2899 4446 113
39 1577 93
4080 5601 108
908 3684 118
1592 6720 88
183 4663 82
3050 3905 104
1273 826 92
3319 5523 110
2262 2230 90
9133 6402 821
8249 2836 111
8411 1397 103
3804 4536 113
7519 6216 117
5723 5519 103
5061 6236 120
155 3952 112
1054 5137 108
5721 3145 107
746 5500 107
4291 5152 115
8729 3090 87
4025 2930 95
969 973 101
6420 2976 106
1084 2175 94
6458 4994 94
6762 5769 120
2905 5039 94
7187 3504 97
67 265 98
3829 126 96
221 2221 92
1172 4217 120
8264 1312 98
8005 4594 114
4291 5492 99
692 4923 92
638 742 113
3575 1075 106
5545 5951 115
1760 124 101
4074 2859 102
2541 4135 110
4659 2929 92
8756 1224 80
6400 2113 82
2235 1398 116
131 2979 96
3886 4783 90
363 2447 111
2693 2884 112
6306 5402 113
4562 3828 86
4158 3798 81
7896 2858 114
963 5951 106
2627 88 93
8641 2014 85
1492 3677 103
544 2737 100
5280 2337 90
8740 409 84
467 3849 97
4242 553 120
5520 5252 107
5943 4994 86
1223 4902 114
1717 3297 114
3083 2146 110
8654 4241 94
8509 280 93
7603 893 114
6799 6015 90
6563 5258 100
4159 1630 107
4412 2895 112
1881 1937 91
7029 5550 90
4740 3914 95
3940 5404 116
4877 4899 87
1163 5385 81
434 5731 81
1005 746 96
7572 2569 110
1265 224 85
7738 975 97
2685 522 119
3035 416 84
7130 3992 89
2937 1717 106
270 2187 110
6856 1048 109
4192 5716 117
1731 148 114
657 1241 94
6106 5594 113
1947 2992 92
6835 5177 89
6306 635 82
8152 4980 106
7255 1230 117
821 5402 88
6735 844 83
3547 1474 111
1604 106 112
466 2333 120
6176 4318 80
4974 4597 102
5522 2698 114
1179 6270 91
3662 5329 116
113 2625 102
1598 2803 84
7726 5367 107
6461 812 87
827 6321 103
233 6266 120
7782 5193 113
1342 751 117
3364 4146 87
736 1512 81
2908 921 85
8087 2514 81
1219 5832 116
5165 4037 100
7134 4315 118
7410 2245 105
2357 3389 91
788 3800 113
4786 5710 109
8138 5810 92
8615 6092 104
2006 3168 110
600 716 102
3779 180 84
9010 1865 86
358 4862 95
7747 5508 90
6513 2175 102
7563 2374 109
8112 4237 95
384 3249 96
4402 6074 97
3091 2012 106
549 132 104
3465 4641 108
6222 4671 86
1187 566 85
1936 4422 90
8149 5452 120
287 3552 106
5405 717 87
7602 5391 102
4029 5184 84
8941 4339 113
2331 3990 110
2182 3269 104
7429 4179 89
4438 5089 117
3569 2188 102
1085 1874 93
2499 5506 100
3065 6397 114
7342 2232 98
7358 6157 113
899 5557 80
7801 3248 120
8168 461 107
2720 5245 113
4234 2730 100
3989 2729 100
776 3821 101
4682 5487 116
1852 6238 84
1232 967 115
2814 6110 116
134 4576 99
1570 5873 102
3082 2715 106
6670 4625 94
3235 249 87
1790 3406 81
8366 2251 100
3125 2676 87
5608 2611 117
7407 5815 98
6459 1114 81
5312 468 111
2188 5364 101
7660 415 101
5141 1306 114
486 5294 90
8455 2106 116
9083 2288 105
7791 2014 95
4463 640 81
6347 6001 88
3703 130 95
2761 5156 81
5576 1584 108
6456 47 110
1008 4254 98
1923 4324 87
3592 3122 107
6338 6370 91
3848 299 102
6014 5357 99
324 19 85
5708 2146 111
8504 3695 99
1846 3785 118
3416 4991 91
743 3906 87
7259 5640 89
8287 3529 119
366 475 86
3272 5284 108
5099 0 87
3079 3981 97
4137 2039 116
4348 1812 85
2509 2393 84
5347 2943 113
684 3710 119
586 2505 91
3126 406 113
2890 175 84
3299 2468 91
5398 95 80
7595 450 88
3915 1565 95
6528 3662 91
7203 4906 92
3867 3988 98
5640 5290 88
1648 3438 96
4071 4255 102
4434 4802 114
139 3131 117
4941 607 109
5994 2847 84
1813 2004 103
2934 4655 85
626 3540 99
9096 2283 92
3169 3330 117
6519 689 84
7643 2022 92
6983 2440 118
2145 590 118
50 4863 108
5106 2607 108
2212 2261 86
955 1818 87
3177 756 90
2321 3256 107
2471 1348 99
6800 6316 83
4286 4616 110
660 3161 85
1554 5501 111
7760 4117 108
5748 6013 103
958 5627 118
64 700 90
424 3970 94
1012 3947 107
5242 4861 94
957 1110 109
2042 3745 115
3827 2459 87
3086 388 98
3684 1894 86
4797 24 114
1238 6231 102
986 4729 90
210 431 83
2872 2754 89
4860 6039 96
1844 2925 96
8096 2589 105
1495 696 83
4400 2072 92
2644 2798 98
5187 249 111
3210 4741 109
2817 366 110
8058 1599 110
4206 5095 112
4226 1839 84
4681 607 97
8880 6391 94
2345 3206 96
8311 4620 85
2869 6228 90
3744 6167 82
49 2856 100
409 1945 107
121 5005 87
5827 4409 102
1997 2002 94
262 1128 94
8994 763 110
4526 2932 81
1511 3432 98
4298 6241 112
1765 3756 110
2844 4289 93
8096 2353 115
8782 3070 82
2036 4946 88
4667 5700 118
4972 1706 117
2990 56 120
2099 3704 92
1334 2427 94
4160 318 107
2317 1053 107
11 2297 93
6795 2558 107
722 2773 107
7008 4426 83
4719 6172 110
3183 4848 89
5921 4411 106
4597 4148 89
8853 1415 109
1502 5225 118
7137 2963 103
4499 2281 82
962 2993 94
2845 2434 96
6006 4547 98
6822 3244 90
2314 3930 116
1501 1011 96
1674 5475 111
144 1494 106
4569 4515 103
202 1285 113
7945 836 95
5412 834 119
2834 1788 88
5780 6216 113
8339 5453 108
2780 516 104
6932 1644 96
3012 3133 112
8045 5963 86
4018 643 120
3532 5743 82
3241 5564 112
1488 2137 83
4795 4631 85
92 5051 89
1719 3218 104
2651 5710 91
4664 4923 108
1434 4887 96
8988 1748 83
4675 5688 91
4321 1664 117
341 2598 93
530 4121 82
2420 3804 99
4015 3614 108
7692 696 90
7424 5609 81
5841 1410 100
6746 366 95
976 717 104
2590 5268 109
9070 1931 94
8243 548 117
5203 364 84
5295 844 103
3165 5448 110
2466 4146 104
4093 3211 83
5176 4236 108
5069 3810 100
1523 2890 87
2981 2545 109
5016 2644 86
2541 6313 105
3990 6038 117
3568 179 90
5394 3111 102
4692 1896 95
2425 166 85
2542 761 107
4134 1588 94
8247 3163 93
6083 1145 115
8376 4728 99
7908 2924 82
7832 5088 120
1330 1070 113
293 2574 117
2081 3355 88
1220 4860 106
462 5990 86
3163 376 97
6058 2754 100
6035 1979 96
7319 1099 82
4019 3520 84
7830 4920 89
1286 1493 84
5899 5327 85
4989 4411 97
6344 2737 81
5250 5053 119
8271 1557 100
4756 3923 97
4377 6292 114
5321 245 114
1942 1533 91
926 131 99
1638 1562 108
7286 2912 119
6091 3094 88
3632 1574 94
7512 4703 104
2307 2856 117
9109 6140 91
6594 3878 107
7627 4289 94
3649 5506 97
3261 5777 120
7013 4680 105
6300 6246 110
5086 2598 98
4999 4018 106
5447 572 119
3916 2049 80
7662 418 98
3783 5173 93
3988 719 116
2644 3022 114
1674 1566 90
344 2812 88
8538 6134 94
696 3864 83
93 6275 109
8503 6262 99
1447 1695 119
8820 1640 90
8 2669 89
5218 4941 103
2559 662 88
2539 1195 81
1662 5597 97
5971 2853 93
4393 2716 95
700 5152 90
1948 6103 106
5274 2330 107
4337 1685 82
3226 2681 88
7569 368 116
4959 5338 111
2238 4189 96
5683 6066 90
386 5396 81
6013 1417 88
960 5531 94
8763 4239 111
489 3544 98
745 1937 111
2976 1189 86
169 4343 112
8139 6011 113
4316 1221 82
1734 2104 89
8665 5631 118
7685 3 95
1323 1801 98
2442 4046 98
7285 2193 103
5248 5472 110
7563 931 82
2603 1661 115
6709 5706 102
2435 4240 100
8842 3691 81
4638 3144 86
4721 2400 117
7229 2458 82
3200 475 88
621 3920 115
5203 3052 90
5875 882 103
1948 2455 108
2951 338 120
8606 3770 103
135 2830 102
2146 6134 89
3678 1762 105
6820 5835 88
8940 5688 107
3282 4318 100
4911 4913 104
6212 122 91
2493 5645 105
9012 2390 86
3154 5240 83
2843 720 97
6136 4078 110
3901 1628 109
4919 3520 96
3950 6147 82
1591 3071 81
4976 5659 104
1538 4510 91
883 4418 119
342 2625 86
5177 5748 108
3275 3121 92
4797 4323 118
1581 955 119
4058 1392 112
6179 4287 87
6243 125 105
8236 5159 117
6216 620 105
3200 2331 100
4317 3456 89
4484 5459 101
8215 4868 81
2187 4014 109
2005 275 87
795 1635 81
5534 4566 92
1514 1134 91
488 6213 115
7916 4366 120
343 1972 90
4382 1333 116
4114 5859 97
3908 1020 84
1008 25 112
6754 5269 81
4304 903 87
3425 4469 119
501 1228 105
4025 2669 115
219 2040 104
7335 3492 89
319 2798 115
3106 825 102
366 3488 90
8204 6002 89
2135 469 91
983 1377 119
5993 619 97
2040 5741 98
5913 6373 99
921 2225 114
1643 687 94
723 10 89
8527 739 87
551 2916 112
6221 4290 108
1586 2076 109
3606 235 81
8838 1865 103
5349 1310 106
1962 690 94
840 6392 100
8716 2525 90
3216 1936 117
7620 4315 105
3014 2232 117
4351 1060 104
3839 6383 91
8505 5378 110
3201 474 109
634 1641 81
1037 1715 104
6124 1373 118
4772 5972 81
2265 1393 109
6100 2382 80
7869 4576 104
6302 1606 93
352 171 84
6719 5918 86
7198 2785 104
2457 679 114
7651 2044 117
6378 573 91
6208 5495 93
7332 4247 109
3246 387 110
3396 5926 110
61 2338 89
4705 220 83
3327 1219 100
2559 2278 103
8918 6211 88
1945 828 82
1595 233 88
4813 287 82
4803 4936 110
5584 4861 93
2342 2422 93
2556 3090 116
1726 3288 88
1785 3650 110
613 6162 106
3873 2004 120
4402 5953 89
407 5727 98
1176 1473 92
5217 986 99
6613 1625 82
7242 4782 119
3920 4884 115
983 2283 101
6837 5947 89
6201 317 104
684 5121 110
7361 3832 99
3970 3533 91
7366 3139 119
2830 3983 108
5884 2213 81
6762 3860 115
5100 5158 113
4023 2526 114
5787 876 110
7443 3038 116
6485 1191 113
3809 4316 95
3861 516 96
3182 4858 112
985 4182 80
3889 5243 97
1766 4050 99
217 2363 108
5480 312 119
1289 1749 117
1729 5558 82
8020 254 96
62 3471 105
963 6178 99
3705 539 94
8348 6136 110
4856 4176 103
2593 5409 115
3831 4920 91
3705 2367 107
5825 2895 109
9046 4042 87
5473 4534 114
7104 2376 92
3912 4596 92
8366 2791 82
5027 2170 88
2411 4018 92
5198 3674 95
4860 6278 102
4208 1421 110
3064 4060 81
700 4406 107
3786 6167 110
8670 1414 110
2698 2750 103
118 1399 105
1542 1066 97
3515 2833 115
710 2141 96
3159 952 101
402 5920 100
957 5549 88
2143 4668 113
275 1406 101
1272 3470 90
6696 3541 90
1951 5899 113
6661 2097 94
4360 5184 104
8275 1854 102
4072 4502 96
4880 2663 87
118 3620 88
2330 2904 87
5112 4901 102
5236 5851 112
6265 2838 92
6094 2332 115
4018 4038 80
3031 3635 81
467 1467 117
640 1583 99
4545 590 102
2084 3104 116
5439 557 98
7110 4346 84
4645 4142 93
6146 1515 113
8988 3458 116
3627 1421 92
6941 3184 103
4213 5365 104
9000 1156 82
1973 5636 88
691 2762 109
4911 2520 112
6215 4088 118
191 3583 98
9108 4038 101
3588 5976 97
8485 481 102
4008 1391 97
2659 1540 109
6711 1820 101
4319 561 90
6228 426 101
5233 2952 97
3587 5870 114
6984 4487 105
2473 4823 95
949 4097 112
2936 5410 93
6037 615 100
8342 1040 92
4020 409 89
807 4449 85
1786 2959 114
4173 1208 89
4705 4102 98
8099 3920 89
3500 3185 109
3000 45 104
6017 5572 80
8983 764 120
4178 4199 91
4044 4149 83
6607 3417 81
5307 798 104
164 868 94
8038 3421 108
6902 4701 96
8685 6141 119
7678 5261 104
588 3870 102
3073 830 87
532 4105 99
2754 3800 104
965 3987 99
8806 701 105
7396 4972 86
3121 182 106
1481 1538 86
7553 2574 99
1511 743 93
922 4743 99
8544 4122 90
5994 3281 109
5391 4909 103
5094 2471 120
4278 5679 86
5279 791 114
740 3896 108
1756 5128 113
1104 197 117
8145 615 85
4989 5092 96
3744 3154 104
498 110 118
2147 908 117
127 3818 83
8488 3017 108
19 5566 111
5221 257 113
715 300 88
2594 1460 113
2658 154 103
8676 11 106
8123 1238 101
1426 5122 114
653 2523 94
5907 4847 110
1540 5956 94
1158 809 83
2325 1265 99
5167 941 120
4858 242 89
3304 4128 88
9018 3614 82
3706 1332 95
4575 1925 104
641 230 90
9097 5013 107
3154 6390 103
7629 4671 94
2286 30 106
2484 3118 97
1538 2494 106
5636 2242 81
3879 1181 111
5553 5666 95
496 3906 90
8271 739 95
278 3347 87
7396 4375 80
8060 2552 81
3623 4087 82
5033 3016 86
5156 2893 111
5915 3584 90
592 2303 94
1102 3268 114
1871 3935 93
6519 1645 95
7516 174 93
2048 5191 109
5233 2560 115
7647 6027 84
2772 240 92
891 6171 88
578 5610 81
2767 518 88
1678 3712 105
5281 754 80
6829 344 89
5605 1148 98
7464 4573 878
192 225 83
1332 657 80
6713 3814 83
278 3932 102
7115 2232 88
5021 1372 103
7051 1252 111
2478 69 80
1366 390 102
5767 624 102
679 2339 90
104 4573 80
5808 1307 83
3682 1216 115
926 2246 96
3290 1027 96
2811 2053 100
2509 3980 85
1392 4093 90
5070 3572 85
1502 3476 106
1466 4568 82
346 4294 86
1090 2861 109
7389 1446 103
1318 4387 108
1289 3083 81
5110 143 117
3584 1335 85
1197 1137 105
6397 370 96
7268 554 94
5751 576 91
3723 2225 97
5455 2023 94
815 49 107
1890 950 105
3126 2974 109
6171 14 99
7158 298 105
5420 2805 101
2279 4157 91
4777 1628 106
3105 4174 96
1870 3421 84
136 2384 106
3657 1210 112
3641 3500 92
4060 1861 105
4962 3504 88
5744 1576 95
1722 3856 108
2277 2853 86
4086 2288 98
1902 4459 90
5131 3543 96
4364 3896 120
742 1732 110
7229 3313 109
1306 524 106
6621 2809 80
7319 555 118
6427 500 92
4763 3099 110
455 2582 99
2149 95 92
6105 2488 102
2631 1573 119
330 1850 120
2658 1185 120
644 221 81
219 3869 109
1836 279 114
3629 2613 99
5483 1452 93
3739 200 117
6459 4533 81
1680 684 90
6419 801 94
207 1638 81
5982 3472 84
1275 3685 83
5255 3808 112
2256 3920 80
5119 2170 100
2703 2112 116
892 198 97
6826 177 111
2265 4070 107
4942 841 81
4857 761 97
3845 1149 81
3190 346 99
3183 1332 111
4715 1251 104
7443 3024 98
2957 652 104
1894 1189 110
4905 4377 99
7420 984 112
4218 2613 103
1205 3773 81
2116 12 83
4228 2129 82
3873 858 103
764 440 111
4875 4035 100
3166 3480 82
4208 3466 93
1531 4551 80
3309 1121 94
3852 626 112
2040 2082 93
878 2131 85
908 231 99
6960 4127 94
4991 2348 94
2881 3450 113
2992 4427 104
4214 3597 99
597 2064 84
3391 258 112
2443 1235 99
2306 522 106
5323 4067 120
162 805 120
2471 2615 99
3098 1042 116
5183 667 82
4514 620 93
3409 304 106
2044 457 120
4605 3648 115
1936 962 82
792 3461 87
3463 4102 116
3486 4260 87
6986 928 120
1230 4227 101
129 3267 81
4690 4095 110
7208 2551 96
5564 2130 115
6245 2035 101
6279 2104 99
6566 1360 104
5204 2607 104
36 3138 90
2705 4037 90
2487 2562 88
3679 231 99
1839 476 114
1998 4115 97
63 2690 89
3203 1599 97
2947 3839 89
2690 3204 87
4834 3963 83
1472 700 112
2212 1829 101
4713 247 116
3670 3742 83
2281 2957 111
6627 461 85
37 2022 93
1579 4274 88
2368 3107 84
1598 2228 88
325 4198 99
4918 879 118
5606 1726 120
5494 2333 102
4232 805 116
3213 47 93
2587 2154 114
6822 3744 109
4369 2694 116
2866 4233 99
4062 2426 99
207 1658 118
359 1469 108
19 2611 80
2292 4072 95
2895 3489 109
1476 2808 106
1407 1289 118
346 1311 88
1757 2300 81
6996 369 108
5314 1250 109
2796 4445 106
3543 3368 80
611 82 98
58 4097 86
1294 3924 99
2812 1189 81
725 2855 110
2444 2362 106
2731 3570 112
4251 551 108
4244 526 118
794 3513 103
2477 2579 83
371 172 108
447 1432 81
765 3083 103
3835 3952 96
3665 3091 100
1302 3075 91
3736 1052 85
3643 3600 90
5547 939 116
4642 752 86
2855 613 112
380 1084 96
1754 401 118
4251 3016 98
7239 1765 115
7324 2357 91
1032 3694 97
1766 3223 107
2766 1408 100
1880 4356 89
6145 27 91
6707 3255 102
1409 894 94
5537 4219 84
2203 4202 117
3630 4098 94
1656 606 101
2889 4012 117
2409 2497 111
2544 3887 107
6238 238 106
2769 3956 83
777 3723 86
4262 4319 97
2990 2479 96
6044 2572 98
7175 2872 101
3557 2540 80
6122 2255 83
1756 4242 113
2606 529 91
4045 81 88
2818 410 106
5872 2953 111
3853 3479 110
6651 1284 115
756 1023 109
6842 2420 108
4818 2636 120
26 3117 115
2283 2459 107
2577 3022 114
1905 781 107
2640 3768 107
95 578 118
2628 1303 88
4873 136 120
5350 1110 119
666 4384 83
6060 2703 112
635 3306 82
3494 4374 116
7137 351 108
5752 4054 83
3346 4423 111
4242 642 96
2019 458 104
3607 2071 112
2745 2268 106
869 4272 92
3635 2648 81
7339 1912 88
426 3523 120
371 1126 102
3128 2771 97
699 3685 108
4161 3079 117
1935 2622 92
3306 3205 114
3106 208 93
5632 3433 99
1552 2524 97
4167 2426 103
6396 4471 112
2496 1838 112
6468 1764 80
4244 39 82
6244 3560 89
2275 1543 81
7077 3450 113
3204 4533 82
1096 853 100
5441 3674 91
3177 544 109
2233 3589 95
1082 2843 120
5202 1905 95
612 4178 111
3029 2244 84
6408 1047 108
1373 3666 108
3945 3126 81
2737 1200 85
3135 1345 100
3986 1412 100
11 715 92
5121 3895 89
1770 3293 113
2501 1163 89
1035 2959 115
135 2894 109
6898 27 85
3559 1791 86
2852 3579 100
3538 2336 103
6296 368 92
1655 1869 100
4968 4353 103
3719 327 112
964 602 116
3800 3976 97
6732 2789 119
3655 288 90
1457 2605 90
2495 3753 108
2071 3996 107
6413 134 112
1569 4392 80
3573 920 111
2742 1665 84
6403 91 92
5798 281 102
678 4265 90
2582 1672 89
6549 1046 113
3765 652 83
530 1456 113
3180 658 99
784 2233 83
2514 903 108
640 4402 104
3086 2868 88
7175 2664 120
4453 4133 94
4991 3860 103
6283 2818 116
2746 144 97
3651 2861 99
1277 4247 82
4240 1169 117
7440 2085 103
333 2861 90
1495 3532 108
3916 424 89
4889 3037 101
3326 2067 90
6368 9 117
6696 3525 95
5537 1124 96
5459 2319 87
6550 3692 101
158 3940 89
7342 726 115
6972 417 110
6434 1469 85
7158 4047 99
5743 3410 83
6770 3539 118
188 1564 87
1013 3240 104
966 4558 88
1870 3900 97
257 1377 110
5413 2238 85
4253 1601 100
6419 4408 91
232 365 93
3859 1760 109
3517 3701 120
6219 4164 90
251 3410 112
2751 4030 120
7315 3295 105
6634 1997 109
5345 4503 84
781 4208 84
431 2796 89
542 857 85
3325 3585 110
1009 968 104
4519 4318 95
1384 2742 85
1582 1593 95
1903 952 110
6631 3982 100
6965 3536 96
6482 2718 113
7144 2310 113
5491 708 112
7152 268 83
4077 1689 120
2510 3583 119
2610 1679 103
600 3562 97
3713 4424 95
2265 1028 107
1884 708 98
4715 3656 84
3734 2371 99
2165 2402 119
2782 4070 95
3218 4002 85
2322 2325 108
3367 2704 83
5199 3029 118
6326 2092 100
526 4080 96
4066 1853 89
5573 4058 112
2438 454 88
6880 1390 110
4485 4303 99
6195 2490 102
1130 578 102
263 264 83
471 2925 89
3168 2796 100
3373 3180 92
3891 2686 92
5514 1484 117
4327 2492 117
2317 1168 95
3435 3155 88
126 287 99
6592 2625 102
6234 924 116
2906 2468 102
5958 3837 94
4340 577 113
2392 1131 92
4746 3195 114
2000 324 83
7223 3710 90
5180 1959 96
6976 2595 120
5878 3824 110
7071 4522 101
7377 678 112
5082 3822 103
3962 1346 115
956 595 118
4367 3776 89
5539 1085 84
6960 1029 91
2598 226 115
1919 3990 108
6823 3566 94
3320 3766 113
7249 1 108
3471 404 85
6586 3077 104
3432 2161 120
3653 357 88
4974 3870 81
4530 3185 119
4183 2330 104
6085 3455 107
1560 3032 97
2051 3612 109
42 1612 86
1789 2889 104
4516 2435 87
476 521 106
3807 2236 105
892 2008 80
4100 558 81
3622 2955 106
1186 1117 120
1901 704 91
669 3885 99
3134 511 92
1064 4258 104
1013 3727 95
6416 629 118
1391 568 117
5575 3085 118
3169 2452 100
6289 798 95
5240 3009 96
2615 863 82
334 3762 107
1813 3022 94
390 409 115
3545 3429 82
4054 2287 98
3281 958 81
2102 4194 96
3901 2373 110
4013 1732 106
1442 3072 85
2754 3196 98
3968 3662 88
3457 1344 82
6540 4296 103
1514 1731 87
5148 3101 120
4538 3679 91
2 1433 93
7268 1525 105
6593 2103 83
2276 137 88
4409 2146 111
2948 1374 112
164 4240 80
6271 1082 97
5066 549 111
7190 4019 92
3119 1930 100
1989 3035 110
5515 1963 120
4895 3548 85
2577 483 104
6788 2372 91
6801 415 114
7101 2054 82
2523 2940 82
4423 1380 85
6905 2009 118
105 3746 105
549 4206 87
5973 344 95
1817 1740 119
5267 519 113
4258 3394 120
3210 3700 102
3023 4467 85
5660 279 106
4878 618 80
4262 2717 89
939 3081 89
452 1957 92
3950 4467 97
5030 254 102
234 2887 101
2518 460 95
4828 2249 88
3351 85 85
6474 4539 80
313 4355 110
2610 1241 96
3082 1508 84
352 1175 92
6549 3108 118
1251 150 93
2657 98 90
5393 3193 114
5674 1794 83
2684 2990 81
1575 975 101
6781 1653 117
2597 776 106
2505 1378 81
6561 607 92
5392 3419 97
2676 1910 117
6753 1106 95
300 512 86
5475 972 107
3352 811 100
4790 3609 85
466 2266 89
3893 34 109
4595 2714 93
1506 4467 88
6958 401 88
400 89 98
3240 763 91
1683 470 102
6850 3591 95
2431 1315 101
3226 1523 116
694 261 98
5485 67 98
4336 2296 91
690 911 98
7086 1691 84
6887 461 91
5854 2786 117
662 2021 92
6576 620 88
2268 1749 84
4977 2368 105
6662 2337 95
1988 1639 118
1401 15 98
508 203 95
4941 2435 108
5111 237 104
2664 1794 85
3767 3511 119
1711 2449 116
2151 3832 85
6602 3897 104
4761 3486 101
2826 141 113
6086 1427 105
1127 4087 89
2602 1729 111
794 2000 103
1431 3820 94
5437 2985 111
221 2325 81
2621 179 87
1711 2053 114
4897 4322 114
6068 1064 113
5252 1300 112
6167 1267 94
478 85 104
5384 1954 100
5642 684 83
2907 3586 103
2457 898 109
5576 832 106
6577 57 112
4139 2496 109
6625 2887 115
111 23 107
4093 4193 109
3588 4296 101
4135 4178 83
3456 3758 118
2139 1035 80
5890 1100 92
4375 788 81
3302 3943 112
3880 2940 105
6516 137 104
2569 3766 90
4032 9 101
78 2181 113
1134 2398 91
827 1798 92
1876 4408 99
2072 614 96
3627 2922 116
6960 1177 100
2373 2639 114
6761 764 120
6614 1591 89
6076 3920 112
4652 2573 90
5013 3516 120
5920 2989 118
6391 2852 88
1398 821 102
5837 1332 108
849 2688 81
416 4399 85
4431 1598 116
1573 2591 89
4627 3886 109
5584 3886 82
98 3563 80
1979 603 87
7131 1029 116
4725 1337 97
5652 1675 120
3113 2476 104
6384 3879 105
583 3626 90
6808 4205 116
3183 2117 114
792 507 119
1575 2069 86
1265 1262 90
887 3251 109
80 4567 112
308 1495 112
5762 1733 104
7164 3237 117
6207 2784 103
2171 1696 96
1980 1804 90
2573 4234 92
2738 1397 113
6257 1736 108
2600 1811 81
962 4207 99
228 3682 98
2603 3475 95
5144 3506 119
3675 1569 85
4691 1902 103
7452 1303 81
2027 472 111
319 3413 94
2844 2066 107
1781 2475 81
3971 2959 104
2386 144 100
393 3860 106
4784 3698 97
4693 170 92
5226 2409 118
3347 3679 98
1072 1937 117
3194 923 88
6142 1074 118
5289 1930 97
94 2834 101
6721 230 85
5603 1728 91
1107 2372 105
1436 4440 81
7020 3568 82
2415 3588 87
2715 4522 119
3795 2662 95
3129 4302 83
4765 1197 98
46 4353 85
3792 2868 120
2348 367 84
412 2201 97
1727 1305 95
6839 4054 94
105 3707 80
3820 120 101
6219 1566 90
2715 1884 83
7172 963 106
6766 2122 104
6735 2748 115
4870 4352 101
4228 4549 114
4335 3459 93
1005 4129 118
7011 2617 113
7217 637 113
7367 3248 84
6747 1418 100
6115 1514 96
5605 3288 83
65 2012 85
787 4434 120
986 3313 108
1383 1003 115
3113 962 90
504 593 107
705 2008 89
986 1420 110
6895 587 110
3529 230 80
1816 4507 89
2518 455 86
7399 3446 110
3893 552 111
4585 1057 93
5443 4465 110
143 2473 82
3525 2686 95
6610 3322 120
2724 3263 104
2129 1001 87
3594 281 104
3781 2474 107
1950 2996 109
3688 2388 104
5493 3702 105
1160 4504 89
5984 4414 94
3115 3848 80
2156 3434 105
5712 2670 103
1883 1868 89
656 513 119
1080 2058 85
3521 950 88
4960 1578 106
1887 4273 112
2222 3857 91
775 1816 91
4915 288 107
13 2058 83
2302 222 97
2998 1178 112
1058 3512 89
4867 4395 100
5901 3491 93
4398 616 108
5863 2616 105
5654 2969 117
3457 667 95
292 4400 108
3963 500 104
1599 3300 87
3020 3841 120
3634 687 103
1360 1232 102
2007 688 104
7432 1647 112
6934 2670 113
1823 2400 100
4259 158 116
1075 49 92
3638 1053 101
4500 2424 111
3050 1025 120
6963 212 110
5296 1410 117
3786 3551 99
6632 3348 103
2192 1930 102
289 4467 100
761 4476 102
924 514 91
7118 4569 114
7220 1637 118
2663 4565 113
1561 4349 80
6856 2639 120
1699 3051 102
3228 1304 120
4055 4550 119
3977 4127 112
4379 2733 120
2393 3050 90
2020 2701 103
706 4151 84
303 1957 99
4679 1429 116
1413 398 95
381 3769 98
682 513 88
3832 1403 92
1222 4143 88
2528 4024 116
7121 979 101
5326 4039 105
3018 1065 114
661 4339 80
6502 2686 111
3947 3468 119
4789 1872 98
2040 794 103
2173 4360 93
1693 4110 86
7440 553 80
4716 1018 116
3366 2423 110
7162 3901 86
3610 1990 106
2791 480 112
593 623 85
157 122 101
281 806 102
5988 3117 99
3188 2011 104
5402 2852 114
5088 2993 112
5855 1906 96
4162 438 90
1603 1459 117
2872 3351 110
6143 1055 90
1659 2932 115
534 2016 85
912 1206 86
7023 3742 96
2213 3276 105
5710 4570 85
5549 4018 89
1754 4322 105
885 1195 116
