3757
4694 20
9584 65
3444 11
14829 84
15781 20
7843 52
10527 17
5356 71
5583 66
2728 46
19690 84
7889 78
13599 92
11596 85
6003 3
1895 99
11765 5
6189 39
433 84
6644 37
18148 62
11322 30
6360 11
6578 74
16943 52
9881 88
114 58
3819 54
12514 4
4291 99
9187 10
4066 19
7611 58
15357 90
2532 37
11755 80
10410 69
18555 58
12038 2
4586 12
8271 37
1087 91
13771 32
1851 89
13433 28
2359 85
4746 83
14384 59
16810 2
443 50
10229 66
3219 45
6803 88
8461 66
5420 71
10789 11
16947 81
4313 3
16603 62
9912 55
19534 64
18001 33
2742 42
10414 67
9052 96
6313 52
5631 83
1403 8
6919 69
6399 46
11519 50
11453 3
167 12
836 68
6539 52
10786 66
6701 78
11551 33
12675 63
9552 31
2055 73
5844 51
2486 55
1534 94
8353 62
812 48
6502 55
5081 66
1097 61
15502 59
3370 65
1800 20
4020 41
4732 68
2674 6
19007 20
11539 65
536 68
8809 71
11076 2
11311 56
6461 86
3350 25
2416 62
15488 65
11511 39
18284 47
555 89
5808 92
12816 15
8144 86
3028 49
5813 76
18207 81
16539 72
16962 13
11698 10
11531 4
1835 86
9180 90
4325 29
15760 72
16492 32
6426 55
6691 76
11856 45
3003 72
18591 75
6381 45
14683 32
11876 16
1106 13
8032 86
15015 100
5772 12
10564 99
9392 27
13619 47
19 72
6294 84
11942 37
6526 94
8320 17
11874 32
7460 18
7182 61
22 15
10552 40
9480 14
7147 76
2900 36
3998 80
4936 3
6433 47
7702 9
1582 15
9329 59
15170 23
8967 26
9130 38
8745 37
6471 62
18377 71
3967 74
5392 95
6782 91
15469 42
14661 69
16097 71
9219 84
12276 34
1341 1
17387 61
4264 55
19154 30
11476 85
17712 87
6523 97
10087 2
5152 37
10722 1
8508 98
1930 97
1787 51
2787 17
5248 99
5477 26
14213 4
7240 100
1679 42
1941 72
19616 75
12245 52
12678 53
523 50
114 35
484 40
463 12
2963 63
77 80
10884 95
11585 27
6070 18
13357 35
3211 33
8707 96
2616 55
11420 58
10777 23
13479 79
16797 37
7226 80
8064 20
9742 77
10404 78
11058 66
3780 59
13549 64
16745 30
1988 11
2330 90
2374 26
4977 96
9765 94
4451 90
11144 86
2103 43
9374 30
14263 88
8716 65
17830 7
11113 89
372 37
10131 34
1688 66
15679 98
7108 35
11316 67
12378 35
14691 21
10013 83
8913 78
16937 34
6854 91
10530 29
6407 77
433 66
3817 44
2604 95
16297 26
9619 85
19449 39
7717 70
9434 84
19573 100
3401 57
4270 31
11050 92
2803 61
17371 78
3577 95
9999 40
17942 90
15322 3
85 96
5486 19
3034 65
10675 54
12454 33
7291 67
10411 34
10752 61
2276 38
2719 18
5861 95
10501 16
10761 10
17919 10
11093 37
16175 14
2854 79
14835 22
16317 4
16790 76
14969 34
13604 38
10722 71
18301 74
6747 8
17833 82
6169 29
5995 44
16980 66
11801 72
5157 13
1808 10
3997 13
7185 5
17750 87
17098 16
9223 47
8216 13
2665 29
2587 79
5755 80
3360 4
7953 39
8246 78
5134 58
19716 5
7020 47
12661 26
19340 78
6769 35
12429 18
8310 94
9607 21
1893 66
5213 13
5276 40
5496 99
428 59
4533 57
6285 78
11321 19
5225 49
5190 55
18613 50
14987 50
904 37
9496 20
4546 47
914 39
9291 71
6308 15
12429 61
12474 45
13253 91
11092 98
6553 85
11581 85
11093 73
7169 5
1787 11
10244 12
919 33
4882 39
4567 82
8489 23
10459 92
8282 79
9700 31
733 38
4520 100
1442 35
130 82
7555 28
10405 8
19897 85
1953 16
12076 81
16302 74
18683 69
4419 91
10268 27
9455 55
12340 68
10492 77
7855 94
616 51
1722 93
8149 66
6359 88
2560 10
8943 34
3279 17
10499 82
15014 36
7203 31
12385 43
4614 48
6190 86
1305 3
7677 75
6195 5
19164 3
9349 78
18568 7
2774 44
13275 68
7153 81
12512 78
18264 36
13761 92
16446 57
13914 49
8015 46
9077 100
5157 52
6364 46
11521 30
8111 8
5661 54
14327 59
9705 46
11230 61
6004 74
10697 8
11053 74
10152 77
13672 7
4386 65
2193 89
20075 78
7335 7
6644 53
9450 98
9557 15
6508 7
10721 86
5288 8
6372 33
16532 13
1460 94
20049 59
2819 19
2951 56
4064 95
4252 12
1925 23
3359 12
8199 5
1417 9
11432 99
9355 35
215 26
3045 19
2198 20
8402 49
11000 69
6596 58
4063 75
5049 65
12682 20
14346 21
11524 71
7747 94
7996 88
9284 99
17643 100
10544 32
7628 1
12190 71
8397 23
5910 60
7053 40
188 8
9395 63
9701 19
4833 31
7645 90
1015 86
16635 39
289 36
9811 72
12998 14
680 4
19997 75
11787 23
12698 1
9800 68
12699 95
8200 49
5567 98
8383 20
2421 97
10211 100
4052 93
7777 17
11693 92
15695 71
16096 6
19831 47
3824 54
11666 5
6716 43
9911 22
8060 34
5544 61
10258 85
9263 20
2207 32
3000 99
116 43
10693 49
10912 45
14650 41
13794 27
4022 43
3387 96
7017 51
12996 32
125 86
447 2
10551 20
12268 30
4433 97
546 30
17861 70
17434 17
1448 11
13961 62
12513 62
6617 30
6581 95
5055 64
13457 98
12555 12
8835 48
4798 54
11397 45
11204 28
371 13
3724 63
6460 3
12243 58
7870 66
11715 51
2786 22
11068 58
14734 22
9740 67
19314 50
2388 23
637 11
2876 90
12077 54
12866 8
125 81
17618 46
6432 88
2172 34
6640 64
7285 5
9738 5
2123 19
7107 33
5857 28
5748 18
5805 34
9710 36
6497 55
4245 37
16601 52
3313 69
10318 71
8000 54
11042 45
8947 71
16022 22
5057 38
18453 13
16957 24
9013 79
12287 16
9201 72
6434 68
12116 72
12635 87
17612 47
3817 33
15043 78
9168 97
5640 52
9901 44
15487 17
6153 47
4314 37
1096 7
4501 32
5755 90
5167 61
18129 37
830 77
14565 31
4648 34
14518 13
9407 83
11116 84
4360 74
8662 91
15603 11
8316 30
427 82
6043 49
2500 8
11344 93
7438 22
6009 95
3910 15
5481 3
15204 51
14960 68
3383 15
2683 53
3633 95
3820 39
3456 42
9451 52
5986 32
12215 39
2998 42
14310 49
18129 66
3180 48
4501 77
1256 37
12480 33
8858 80
1926 82
5784 10
3779 91
321 38
11137 89
3156 84
3392 36
6378 50
18220 47
5388 46
12779 69
9411 18
3154 99
3120 6
3249 4
1667 15
9581 98
7571 32
3280 71
2542 86
15135 8
5768 100
1364 1
7504 8
4788 9
15862 15
8197 68
15871 18
17830 94
20086 82
480 25
2885 25
8059 61
8147 99
4501 99
6261 72
1869 4
16673 10
4474 31
5839 93
17221 2
14655 85
17045 93
2826 44
18361 88
11452 13
10688 43
3632 20
11429 78
448 27
7973 37
8996 36
2766 92
10274 92
10841 59
8325 39
6713 2
11242 61
10458 71
5169 80
4632 20
4663 11
3475 70
11717 91
8620 2
3010 67
5464 11
12310 38
13769 96
11863 96
12133 8
3518 96
2231 67
451 8
3147 87
16426 30
8889 67
5045 27
7529 15
16567 49
3104 96
14555 45
4720 36
19509 93
15463 89
1630 6
8519 34
9316 74
12214 67
17666 5
16015 27
16911 49
5470 59
18232 82
1974 12
11658 95
5978 68
11685 83
7036 61
2868 99
5840 50
10654 80
8667 54
7416 63
7312 18
3136 27
10625 98
11106 82
16020 99
15093 100
10068 92
12325 81
7811 70
6384 10
9560 24
4246 10
299 75
2480 76
14792 43
6548 39
3180 42
3198 53
4758 41
5233 57
4280 3
19692 41
5510 44
10352 11
11408 3
6333 26
2987 32
1703 99
11526 69
8806 88
2537 41
1672 40
7590 45
4134 36
2269 54
9561 26
11760 100
8684 1
8436 22
6739 44
14556 74
9178 98
4329 10
10116 89
19033 79
11609 14
3763 48
19950 13
5479 74
17823 60
15511 99
3328 89
6552 93
11921 79
7237 9
11702 94
14632 71
8264 32
6332 88
13333 98
9953 69
651 91
3637 25
14408 97
4361 26
16209 49
10143 100
283 1
12095 35
11844 81
3975 78
11905 55
6301 95
19672 2
10238 85
9589 52
18737 11
3940 86
8471 63
5348 85
6171 68
9482 95
8043 40
18221 40
11175 84
9015 9
16690 99
3228 48
1635 21
9762 17
10839 81
16114 9
1799 22
9548 77
12954 47
4472 53
350 84
15616 61
4514 99
11138 32
9155 50
4308 76
9245 6
3413 9
9991 37
18218 61
9122 21
16808 35
8281 33
11025 6
17970 88
10271 65
3527 2
2867 13
1055 49
2616 94
3516 17
19023 57
6899 27
1481 29
7551 12
4540 81
16878 76
19735 58
11600 81
9705 22
136 26
12633 40
2021 63
7641 53
9969 26
17973 25
3975 79
12100 70
10638 13
836 54
10892 89
1552 67
4374 78
1935 56
7750 21
10094 73
10104 33
3189 79
7034 82
11456 17
2035 95
18735 15
15231 46
15796 33
14998 16
1455 10
18366 92
12479 41
3266 56
10026 59
19914 81
4360 47
6415 70
10384 43
19577 88
8784 83
9421 48
3239 38
8805 69
2311 67
8064 80
12531 50
3182 22
15562 96
8295 65
6712 53
13367 37
5102 99
1526 64
11510 6
10 87
7052 30
7257 35
4330 88
19042 81
2212 64
6542 78
7056 78
3679 58
7169 96
5446 21
4154 40
18510 74
7966 59
8917 67
555 64
19236 33
11686 69
9640 6
13488 79
12036 21
6133 52
8039 9
5180 82
2591 56
4095 73
11630 36
8778 45
10142 91
11215 85
10323 96
18657 67
12065 22
15778 53
6394 4
8978 43
19008 77
10183 95
11188 37
10974 5
15011 20
8492 31
2234 19
13240 43
8066 96
11114 46
8626 57
12700 85
11202 61
17894 2
6186 66
5880 70
625 81
18256 60
15644 86
12433 76
18245 31
7868 73
1388 69
9630 68
9251 78
1928 10
12903 57
16963 76
13872 1
9436 76
8365 23
3198 30
15448 42
4650 84
1966 73
11941 80
1838 12
10161 76
14123 83
14206 66
474 68
13304 48
7962 61
9406 78
1939 9
7402 98
18476 35
1676 53
900 15
16984 75
12101 46
8449 15
340 100
8666 20
13727 20
12198 42
8351 42
5052 6
7232 31
9973 87
7442 58
1504 2
2842 26
3798 49
4944 65
10048 77
16010 43
10125 73
10512 78
4459 85
7281 64
13004 84
16535 57
5129 90
2740 86
15056 89
14293 38
1881 18
1824 13
16095 19
19941 71
9649 2
9969 38
1585 28
8587 70
1791 22
2889 63
12810 4
18616 44
6726 53
2487 79
10141 15
3691 44
4029 51
18868 71
1421 46
15414 53
16609 33
18875 26
9429 74
15803 80
12696 21
9678 26
11849 62
298 15
1039 43
8024 21
4882 88
1840 57
1446 41
3247 9
10031 40
5895 47
2155 23
15761 100
3937 28
15608 25
1797 72
5033 56
14397 73
4936 94
14643 84
4108 84
8367 49
12107 28
2889 95
18515 25
18044 55
3197 30
10831 97
7450 46
17495 22
3693 32
7034 36
130 53
11522 74
161 14
4274 63
19630 36
3268 26
15025 57
15121 95
10825 85
1010 40
3778 25
7005 76
1791 14
11218 12
628 73
3987 45
7167 42
18456 85
11255 54
14940 77
1152 42
4459 67
3363 25
10133 55
5535 77
6371 59
1380 68
8239 27
7655 48
10630 6
4150 65
8785 31
6603 78
6761 50
419 71
9163 91
7209 89
18215 71
12592 82
7948 28
11210 87
15463 28
1982 4
17455 13
2171 51
2754 95
1804 35
10267 97
12684 9
2625 29
2459 67
2664 35
11704 33
7134 59
12238 34
6468 2
15013 29
1026 54
1375 23
2806 1
8905 91
3951 29
8327 55
2753 52
7915 16
3518 69
9225 57
11469 81
4514 19
8569 40
12220 57
3903 1
20082 78
3073 95
111 64
596 100
1862 60
7027 6
13312 13
990 72
8591 34
8647 72
2372 62
4195 35
19650 22
3553 72
4234 42
9112 88
10456 3
127 25
3503 72
10056 14
11826 51
1362 46
5946 2
5082 69
11911 99
18959 92
3397 88
351 7
8793 14
15100 67
249 57
797 61
3967 35
5222 45
6675 5
266 91
2206 11
3364 23
5468 97
489 27
10926 8
6682 33
3479 50
7105 10
2832 24
9908 27
6655 14
6249 86
19472 34
361 71
16990 2
3841 42
5834 88
15675 32
15759 51
5747 98
4883 79
11317 61
18687 4
4338 92
911 47
9302 70
19651 6
7653 68
11315 53
4362 38
6328 76
5985 21
811 54
7600 80
5217 59
6932 5
1527 3
10876 19
2005 23
10177 41
3197 35
5886 70
12602 68
7621 82
399 42
5015 72
9390 54
12332 46
4202 46
5380 4
7367 97
8244 5
14799 21
17879 74
11791 54
17763 77
10883 73
6649 17
3878 48
11941 70
8653 12
14278 47
7581 40
1227 42
6497 92
4231 56
17948 85
11885 62
1603 11
13818 79
10556 93
3287 91
6062 36
2507 91
9134 70
1414 14
6138 100
10775 28
4882 18
9380 69
8991 18
3412 72
12167 88
2549 40
13000 8
17000 42
18462 76
11093 48
19573 64
11405 58
8544 7
7734 96
11661 40
12250 63
10038 81
800 91
4222 42
3923 79
10239 81
8346 75
13113 8
2055 19
12712 88
17988 44
7959 57
4751 69
14643 7
4842 70
2502 59
3114 87
3787 100
10509 39
705 79
8504 55
7235 21
4805 70
14807 4
18368 57
15517 89
18904 47
4107 76
18923 95
2177 28
2622 24
19636 81
4589 26
2090 27
15778 50
502 5
3819 98
12772 2
13174 34
11851 83
6114 90
13604 85
9081 29
14328 12
16163 61
11019 76
18739 20
9623 91
9178 18
15331 91
9693 64
1528 25
13346 93
11323 38
19939 11
11682 61
7815 68
11110 62
4189 30
5715 50
13344 79
12794 34
10801 85
15488 32
8818 92
8632 31
8080 57
7894 2
14584 76
19724 85
11890 49
4947 79
2200 96
9457 79
2948 61
6750 100
3784 45
9179 63
7430 18
5961 48
1795 32
7068 31
9811 73
12088 97
9197 6
19324 41
8897 64
6302 44
2506 34
9658 81
6692 3
6694 72
2666 10
1445 33
12265 88
11161 72
18601 38
5408 88
1424 96
7620 64
592 93
8885 84
16182 43
8440 20
5892 58
7707 14
14757 72
10786 34
16573 11
18610 98
11992 35
4173 67
15589 98
3177 77
2530 77
9151 90
16344 67
4575 5
4205 11
10249 36
13563 99
11837 80
11835 88
2859 17
6105 73
3625 54
16036 98
17165 93
3742 19
4668 14
18097 37
4763 80
5277 45
7201 5
11573 61
4166 47
13515 42
9750 51
3049 74
15492 45
1448 38
9984 4
16871 91
10316 3
3262 30
3979 68
5681 100
11163 44
5923 31
2212 63
7054 87
11249 69
17909 91
16895 13
11643 92
9274 38
4062 2
504 68
14756 28
5196 44
10796 43
7448 41
8803 30
5836 80
13136 81
5110 35
14920 89
690 83
7879 70
15547 32
3113 68
6186 12
2199 83
18081 10
15425 26
4278 92
12086 94
18700 60
10929 22
15013 55
10868 70
10866 26
9725 73
8239 28
1373 91
18033 84
11659 71
1634 76
8275 15
14932 71
17448 5
11058 51
17042 66
5877 18
1000 46
10751 86
7236 95
4262 46
6575 73
5139 4
18079 13
1200 55
13733 1
12169 34
3682 56
8404 2
12223 25
9933 54
2240 37
2248 61
8511 36
13853 31
9792 5
7611 57
5932 2
9066 75
13889 90
7022 43
3907 97
9953 52
6623 80
13129 35
16752 10
1278 28
16144 65
3296 76
590 1
5900 65
12317 70
15219 27
16042 4
784 66
14277 56
6916 28
17309 37
6112 24
4274 15
8256 47
8098 59
9476 94
8348 27
4095 95
17688 85
17219 33
2859 42
11201 3
15555 27
21 96
1043 36
4661 28
6578 95
7621 73
18319 47
5295 88
1570 37
4182 2
18150 27
9649 63
7429 67
3842 2
18923 99
4558 13
3552 23
2232 46
10617 70
1320 13
12625 56
2363 48
8952 7
10737 61
142 16
6658 31
8407 13
4437 35
8574 97
18264 4
14097 3
16528 93
12187 79
9072 90
5294 21
15366 90
6524 36
12008 28
3643 50
10542 39
4787 100
13897 86
16725 60
15633 44
19945 93
5919 31
11551 99
10437 60
6083 88
18044 66
12336 39
17142 20
14850 90
6362 85
1140 53
2907 12
16787 1
8965 69
4271 94
14810 36
431 80
6401 4
3428 91
9574 41
15707 42
7559 6
12470 58
7047 34
14461 44
3976 87
1931 8
13779 79
2658 94
18504 7
1794 57
18545 1
57 50
2264 70
6036 67
6911 40
3989 41
2461 36
809 67
17838 44
2645 56
1996 31
8245 99
3159 17
14882 32
7503 60
9012 82
7934 7
8788 31
2380 42
2352 31
185 42
19829 17
10804 10
6971 74
11718 42
9766 23
13543 8
6232 89
6518 16
13115 99
4653 45
7265 88
14251 100
4251 22
9170 22
14473 46
4539 74
19298 73
19239 12
11734 74
16017 29
18777 81
12520 2
18859 67
6028 43
15382 83
9759 77
9534 13
516 70
14968 25
785 12
11037 94
7112 76
16836 51
10270 84
12565 49
2460 52
10630 66
1450 62
2991 42
6438 11
12415 76
670 28
10418 47
7525 20
1924 78
16768 72
12451 5
17619 33
19714 93
7668 68
8671 97
7902 36
1662 50
9174 63
24 72
4614 74
2733 6
6838 70
6259 67
349 99
6901 22
9721 24
618 99
5125 39
7916 80
8632 63
1002 75
11286 83
3906 44
5189 73
208 69
20001 3
673 72
681 68
10088 73
1710 30
4146 37
13757 86
6899 18
16467 5
1975 59
18859 98
7197 55
6101 75
19360 25
2568 25
8175 35
18745 10
10537 39
6226 13
6215 45
4017 17
18801 34
11125 70
11505 21
7806 12
5475 52
17474 28
16174 65
6106 72
308 45
5625 46
14791 88
9691 88
19680 47
5415 94
11152 23
6748 8
10777 99
17864 50
11342 87
15382 94
11968 13
12222 73
3639 84
6838 76
5118 88
1881 88
10353 2
1278 36
3119 4
19151 26
14995 62
11839 64
5831 86
18271 28
7359 81
17524 58
10702 35
4399 77
2234 14
11459 69
11982 78
5174 36
9327 67
9570 38
1713 17
8997 17
7274 71
13337 88
15073 52
10311 99
20062 55
4801 56
13661 46
11272 85
927 73
2600 47
6872 38
12552 65
15273 95
12284 19
8909 36
12856 75
1687 82
7751 97
2204 57
7927 56
8467 17
12786 21
15880 78
8587 96
10548 66
7899 80
11704 97
12300 15
8198 88
9716 13
3513 43
6985 33
1026 43
18775 18
16890 64
3657 18
1171 22
6498 28
53 67
3016 43
560 20
17208 50
3285 87
3515 18
10097 29
12095 7
17526 91
11214 18
17300 22
12195 23
15972 7
6014 33
13563 84
16082 66
2075 16
5118 16
5393 49
19966 20
11621 76
4129 39
19407 21
9119 90
2770 36
18798 55
6195 10
18926 96
14656 20
4415 41
19658 33
3435 65
8123 66
3492 38
296 83
2904 63
4354 68
7808 65
11017 25
417 36
17155 5
16541 58
10798 81
1632 98
861 12
1945 15
15337 54
13396 71
6985 29
5575 54
5366 76
2924 62
2324 70
14413 81
1799 17
17980 92
3337 60
19871 9
60 97
5920 36
3058 23
17667 54
5696 51
9910 72
18223 53
7184 10
14281 30
8802 13
14033 96
19658 33
17841 61
3119 23
4890 67
4991 80
7899 7
9149 62
20120 33
16470 83
5047 15
7097 66
13983 54
5159 9
35 5
6601 56
18387 88
158 63
8789 8
9995 64
10500 27
9500 41
9053 79
914 5
5814 89
11989 24
4151 24
3716 35
19613 19
17485 83
7506 47
14743 44
2076 67
11735 39
13994 63
2090 67
9161 80
11649 22
10459 32
13512 39
12522 13
11406 27
2982 40
15936 67
400 6
2807 28
15474 19
13861 40
2682 16
7763 23
6702 15
8013 28
516 34
10841 14
10454 43
3512 51
12443 23
5110 4
10734 48
11796 28
12768 73
13926 33
6762 4
16949 84
36 29
696 77
11929 74
770 20
19587 32
7498 38
9118 73
89 2
8547 80
7501 25
13045 84
9513 32
7668 17
19010 14
1008 7
1521 65
9906 96
9184 53
3537 68
18496 62
18913 24
3068 73
10574 68
2105 70
6417 76
11018 92
4773 4
11943 70
7068 38
20021 17
4638 20
7909 78
2958 14
9794 97
2546 51
8647 82
4231 60
25 31
564 28
537 74
7335 10
14293 69
2634 51
6581 11
7949 71
19941 48
15478 18
10503 99
3052 83
18053 55
16203 89
11404 57
1705 61
1862 81
14290 7
8942 47
2549 16
9506 78
14748 54
10977 1
10465 89
2656 42
325 99
11442 85
4456 71
10271 63
18422 40
3870 38
7907 18
455 53
3036 79
223 64
11769 64
17457 37
3252 98
9506 99
2433 37
797 64
15684 45
12455 99
9218 18
4021 87
7284 78
677 89
7067 25
6518 46
314 70
4937 45
11908 95
7085 93
19988 49
14290 74
4743 21
5468 68
6538 93
12559 17
4746 63
12735 21
2735 31
1096 19
3849 44
8803 45
10914 26
10681 58
8342 53
13884 87
7588 27
4274 76
3522 93
5932 9
7578 67
8056 96
18997 88
8317 20
1166 49
9161 83
6086 77
20070 100
6292 12
9816 80
9061 49
8838 90
16204 46
1105 28
17972 39
15464 100
9820 7
7485 35
17565 39
6244 69
8185 35
18717 45
9274 26
3524 90
9670 15
12109 66
20058 69
9370 98
6900 64
5898 70
12408 45
10423 51
13496 45
9197 78
6595 1
8067 10
5848 8
3078 81
9217 63
1571 87
5767 9
11969 16
12557 31
16110 3
15492 62
9580 51
19292 69
8438 65
7933 60
3657 50
10359 61
3714 54
18195 77
11025 80
19843 66
4754 60
8637 16
8566 43
5813 24
8283 94
1354 44
7839 30
1250 73
562 6
6623 89
3910 81
8020 45
4258 98
12947 70
5275 9
7668 13
19590 4
8786 49
3525 2
17083 8
13860 18
13564 62
1124 79
9176 85
19118 35
9850 20
2470 54
9512 47
6845 40
12452 67
3889 45
5052 54
11071 75
5932 40
5541 29
16210 11
8945 52
2330 24
12464 83
11482 43
4317 39
9294 61
1782 58
4956 28
19429 71
10339 35
17046 43
11895 39
7887 94
9013 9
13117 37
6113 32
3433 2
2395 57
11588 69
17128 82
3176 2
18501 76
3884 95
10070 92
8433 75
1977 63
11966 71
13453 25
9844 40
3411 23
1922 49
10144 41
8244 66
9995 75
10927 77
7788 73
5675 1
7340 8
5795 44
639 39
1676 33
17240 24
874 73
13106 3
14910 53
3850 44
5276 69
1934 40
2555 40
5294 44
2380 92
3379 97
7987 7
2616 95
4125 97
10815 44
2703 88
4394 76
5928 42
1897 35
12296 6
6669 46
3199 42
10619 6
11980 46
15606 53
426 41
11481 30
14787 56
17925 23
5415 91
2047 17
8613 76
14051 67
16111 77
9112 51
7188 94
12254 94
3464 62
15617 82
12572 34
6759 37
11658 68
4908 24
4174 8
5370 33
15800 73
14271 4
10048 62
18079 31
15385 58
3983 20
18441 77
10085 40
13431 32
4130 50
4396 52
11854 94
12359 21
2196 30
15639 88
19405 16
3626 35
19893 86
6152 5
12510 18
20071 46
8936 46
399 43
11504 19
4981 65
1606 28
18443 2
2502 34
6001 1
2067 38
4038 47
2968 90
2366 50
11745 83
4570 93
15242 38
11010 72
11635 69
6736 41
19253 21
169 91
6203 2
11412 58
17593 90
3681 15
1245 6
3432 98
1347 85
10012 97
787 50
6494 75
496 45
19218 88
48 33
6487 14
2740 24
5692 77
3741 30
1390 79
12096 46
16090 16
16884 63
10969 48
10986 54
9197 4
5760 13
6663 61
12076 87
7460 83
5563 85
17437 35
3261 89
12885 75
10810 4
2320 26
5393 10
18435 66
6080 40
17346 33
9947 5
12607 12
15809 34
8318 26
9868 30
3630 96
9289 74
3194 3
8656 100
10371 46
11540 22
6740 18
11130 5
3333 79
17066 7
6807 49
5631 62
12397 100
7744 10
10552 99
3218 93
10481 75
2984 56
8880 46
13117 92
19132 61
710 51
3041 67
6755 45
13575 75
5246 34
4863 25
2006 5
10656 64
11570 9
3702 78
15858 43
12541 12
11481 83
7630 20
10271 55
2239 5
8478 58
8238 49
11700 24
11058 17
11993 31
113 80
17429 33
19403 44
7575 71
9032 18
10030 9
1963 80
4728 19
1200 10
17910 63
2844 36
15288 52
17940 37
9199 31
7853 17
11146 72
5165 26
8767 31
10007 57
11429 67
6279 39
2606 67
3262 94
698 55
17661 27
10156 45
6190 32
9364 73
10966 62
9518 34
673 63
9617 6
10664 44
160 3
11487 66
4036 42
3803 18
19675 81
5469 51
15368 60
13098 47
3111 49
9757 9
17180 1
12571 17
9154 24
3638 23
12324 84
13450 69
7152 9
9906 12
17192 44
5819 30
10881 2
15025 54
17300 2
4984 3
1975 79
3140 29
5148 83
16268 56
4035 79
15507 42
11844 60
3912 33
11949 93
16210 78
4819 57
7783 12
15575 35
2888 87
8135 53
4342 94
3344 19
18636 34
13004 40
16592 97
14260 97
19681 8
6232 56
1060 1
3113 18
11032 96
4500 1
3310 58
7006 69
5143 46
9943 53
5401 44
3252 12
169 43
18117 61
9104 84
16254 59
16967 23
19146 33
4805 24
1405 37
2197 38
8709 64
10027 62
10186 46
20088 72
15198 49
13756 73
4082 51
2204 53
5641 68
3034 87
8301 37
5460 33
1537 87
16084 22
18987 54
5154 61
7925 73
8646 12
11627 98
12846 48
4037 55
18209 94
7652 52
10957 39
11622 21
3465 44
12857 19
15614 61
8139 18
4088 40
4224 25
2178 60
5581 25
8500 18
14529 7
11361 6
9792 89
1109 87
7180 15
9931 21
14354 22
9030 83
6395 16
7326 44
3166 93
4570 48
7834 94
5596 11
18061 84
10165 62
3714 43
8094 87
3435 36
6196 50
17746 92
14988 31
7949 69
11908 58
2202 90
5622 61
19540 22
1415 53
16736 57
12377 35
6865 22
12378 11
815 28
7746 74
9132 56
5224 21
10756 22
4201 14
9255 68
134 91
17614 23
47 72
12309 43
7132 48
19590 65
4129 99
1639 43
5117 66
16560 4
4827 35
5947 76
8904 23
14552 34
651 21
18170 57
8180 93
3862 52
10199 45
2365 37
7655 91
9103 87
12635 43
15083 54
6981 86
5357 99
18730 43
8881 58
5991 12
11496 8
6887 53
9608 12
6005 73
16834 96
2377 29
8603 84
10063 1
12487 79
1430 92
2142 68
12303 95
9011 31
5769 53
7952 36
9245 73
8118 40
318 20
9375 83
10007 34
13548 1
18350 83
17455 71
9815 58
15589 85
11821 76
1422 1
8962 42
7841 67
14985 29
11301 47
14636 17
42 86
5664 45
18294 84
19793 72
7958 25
11513 11
13358 84
8562 7
3689 32
9391 78
6423 69
11155 5
16668 94
4740 15
2088 63
11683 49
4755 49
2380 61
7589 69
13565 47
3112 17
13037 30
1179 49
3811 83
1188 70
17373 15
8646 28
8810 58
19289 21
11169 100
12056 27
5880 3
11019 91
17234 82
1686 60
18268 48
11274 13
18610 99
3906 59
6737 50
11796 1
16044 25
12549 1
354 37
3546 76
17111 15
10027 85
14084 9
9340 86
19086 27
12669 50
8983 54
1035 65
8559 90
19547 14
9419 37
12811 46
10563 51
2774 18
10531 1
11911 39
383 73
8239 19
3594 59
4606 35
9151 68
2908 66
7227 9
10565 49
13389 88
16510 77
19911 63
13729 81
18329 86
7377 5
4744 10
10414 77
3932 29
19238 82
791 35
585 21
18704 81
2919 10
17727 54
14241 24
15475 20
3759 22
4740 12
15450 65
18952 96
4141 31
4615 48
1900 11
2454 15
683 62
15266 19
15427 86
10765 27
8456 48
3683 52
826 40
14601 58
8379 19
6776 29
7964 16
4279 95
1618 68
5191 32
3597 50
698 79
11148 51
2436 87
3490 16
13484 74
626 85
4636 32
10846 59
7839 55
12349 81
9549 17
3127 32
11165 11
6362 19
7715 33
16661 84
3006 10
6602 8
11878 73
1357 24
17224 100
13735 97
786 16
18729 38
4495 74
15775 88
2778 12
4192 2
5907 43
7420 29
4113 23
3740 61
8701 43
11164 34
3364 11
16890 42
11938 35
1909 28
11297 22
2945 48
3687 19
4116 20
19762 75
1201 98
19932 7
4484 79
5149 35
12020 47
16697 58
14184 30
8395 24
11971 18
17636 78
5240 26
598 29
11550 51
9296 78
16030 64
19500 29
8364 16
16415 27
10204 15
9970 92
2460 28
3071 80
3018 98
1437 1
5417 24
6195 46
16408 74
2548 78
13849 89
9842 80
9995 10
9741 26
8863 67
8709 76
17412 89
6096 50
7907 78
9030 76
400 46
8566 25
5143 15
12320 66
13449 93
16392 36
3315 31
11252 36
17809 16
11899 46
10048 53
7452 69
16946 27
20012 25
7755 87
5224 30
12118 52
1124 4
8152 68
4766 74
7475 7
12501 67
7932 29
4094 63
8907 43
15646 30
6057 92
2751 66
20071 51
8519 94
393 67
7308 99
18973 62
7233 78
2851 47
12810 54
9906 44
4815 28
14313 87
16468 28
5919 59
11680 13
15196 25
7292 71
10762 59
7626 96
11243 52
10408 54
7244 93
5456 80
9848 100
12426 99
17518 64
13470 6
8506 64
744 71
19140 63
4364 28
12097 75
5756 1
11243 13
1474 32
16883 93
4631 43
1459 65
670 5
3213 31
4474 16
12444 70
19384 49
15679 38
19836 80
9146 61
14043 97
13377 92
231 51
18751 82
2828 61
8277 61
12443 27
1159 34
13730 9
4171 59
12393 53
9890 64
11970 97
7544 75
2873 24
4664 59
6884 42
12098 38
10213 62
928 69
17999 75
13203 13
705 8
9058 92
11318 77
2916 30
18969 75
12728 84
9268 91
7579 24
7340 10
12298 70
10450 79
10541 67
7068 81
11382 84
14080 90
15766 29
1408 73
2886 70
8859 20
6337 70
9443 53
6876 7
7912 94
759 25
4658 94
6196 74
15385 82
81 49
12343 40
5725 37
19553 55
9284 73
8753 47
11265 66
2682 46
5247 28
8894 71
992 44
390 98
1394 65
8947 77
3919 55
3577 57
8905 76
19574 11
3107 73
11033 9
8940 92
16535 36
5065 14
2784 24
4843 72
12087 94
19548 45
7811 28
245 26
11490 70
5520 32
489 72
1404 94
12110 15
2864 12
11575 21
1195 27
15833 91
3742 87
2372 49
6892 57
5905 29
9146 28
9759 31
17411 2
15810 97
9057 30
5009 85
9248 34
18304 79
17287 6
7318 53
7015 35
15137 40
16721 60
6015 49
9734 56
12453 60
2351 82
16747 20
1716 78
2592 22
10587 9
9572 86
2614 11
10906 80
3776 78
10719 67
16341 90
7572 24
3706 79
1492 41
5970 66
15492 20
2133 63
10407 65
19290 22
17651 62
8782 65
2469 58
6309 98
7674 68
530 54
7659 46
3038 56
3676 94
10370 90
2897 8
7200 97
6408 15
19246 35
3298 36
4621 26
3477 40
18132 30
18427 82
1469 19
3525 77
10982 64
7473 75
10551 83
11271 14
4512 78
7531 58
4335 85
8946 68
4386 62
11869 60
14673 97
455 57
8021 40
7541 29
6041 50
3314 51
3796 41
5567 29
3577 41
5002 25
2514 31
3939 95
7287 52
11370 8
12031 75
17959 62
9843 33
13489 60
1031 2
1417 67
6945 54
4007 72
15790 53
5846 44
3752 20
20032 46
10730 5
11592 20
7583 100
19354 81
6139 47
7297 93
7465 48
12002 41
2794 57
10256 60
5487 48
14810 42
1292 39
18411 21
1681 26
5457 73
18561 95
8437 24
11138 27
3086 38
19376 18
9184 33
11660 47
10422 36
8910 17
7346 33
1849 36
7142 73
600 41
16447 87
12138 55
791 51
3070 99
1041 64
10094 75
10530 79
6534 64
6227 91
17952 81
340 62
10675 98
7244 5
10600 6
17549 15
8903 5
19579 30
3917 25
2595 99
7167 47
4473 23
8676 13
1279 85
8371 1
2178 33
10956 96
16049 42
1999 83
18054 89
15278 34
14326 6
4441 44
15686 34
2748 3
12187 49
6225 12
7226 77
17460 92
10392 7
3282 8
1812 62
17272 18
5774 49
7563 30
8659 59
3470 84
15946 21
836 10
6319 44
3333 76
2882 78
8694 98
6295 2
13688 18
19632 82
10211 75
10930 99
7180 96
13332 97
4633 61
9334 89
17392 3
5398 85
9712 59
9003 99
4420 53
3339 4
904 49
4868 63
11417 49
8047 52
694 56
3587 34
5591 98
1643 48
3555 37
11132 43
10173 60
10679 29
7927 46
19861 36
6497 94
1567 66
4567 76
1986 91
8625 98
4860 43
19583 76
7754 14
8691 76
16570 74
2333 22
962 12
9691 11
4181 1
7721 1
18223 14
11792 15
10457 37
4323 96
10362 42
5034 97
3814 54
16602 98
4704 15
14409 74
2959 57
2147 84
4694 52
154 64
995 57
4384 86
9734 61
6458 15
20066 7
7548 61
10963 69
2102 62
10888 34
14791 56
19286 78
2292 51
3554 59
11958 26
3807 11
2581 79
8329 34
990 2
16017 25
13459 15
10259 79
4668 27
18550 51
5337 32
9227 38
9904 48
2053 2
3650 21
3184 87
13437 89
928 69
6963 71
12862 11
6091 16
4521 91
9783 56
740 61
6540 50
16138 96
9338 33
4552 2
3170 15
17840 79
16462 82
1228 58
13858 50
4876 31
5034 42
8898 45
949 74
4087 30
9228 96
1018 46
11680 93
414 9
17921 39
9654 75
3603 65
14079 34
9985 91
4686 35
13324 18
203 97
5217 78
5284 6
7379 46
6640 14
9520 83
10417 69
1657 54
16808 20
11349 51
7011 48
3267 10
4761 50
2934 83
30 26
4771 48
85 61
19982 20
18495 76
17597 49
15471 76
10121 51
2559 42
13544 67
3687 88
11872 17
3984 57
16962 94
4903 7
15764 56
18739 48
6735 23
8936 49
15819 95
11707 47
11485 31
17078 6
12237 50
6411 90
1925 69
8530 34
18185 40
10392 18
9770 4
10422 10
5137 20
1613 99
10462 98
9210 76
16154 17
5747 89
1997 44
11628 27
995 54
7984 48
7354 68
19472 8
5432 78
10352 24
20093 61
445 62
9940 40
2299 53
14982 66
2202 91
739 52
11253 52
93 76
313 20
10983 89
355 32
5153 7
18198 85
3387 41
10561 78
6153 53
10876 27
7571 36
16535 66
2375 23
10352 100
3956 85
10858 63
17038 54
18119 63
12993 99
11827 67
1418 67
15013 38
457 58
7524 65
12138 8
10242 94
7630 80
6885 1
10225 1
11709 42
18819 24
4602 59
9209 39
2747 95
12324 86
9928 88
2550 65
1126 33
4602 45
4816 43
2056 58
3727 17
5946 63
11376 66
6277 68
3164 42
5008 29
9932 91
1136 96
3878 17
18324 65
12361 47
12953 19
1536 32
15185 38
8467 86
3454 98
7322 79
12738 99
2097 17
13777 27
5058 98
6737 76
16291 19
396 58
1506 88
9311 7
8825 1
4571 54
9500 59
540 24
16622 78
13722 69
10443 85
7191 50
11648 19
6256 87
11160 93
17071 32
2930 16
2229 64
1943 100
415 5
11595 89
2546 61
19298 28
18706 48
17237 46
13304 7
8699 9
5308 1
6687 83
10443 92
8785 43
10690 50
6754 100
2183 57
5050 37
8509 71
12418 95
2424 38
6111 21
16203 38
10507 98
3070 24
8507 14
12185 56
16695 97
7959 90
13872 25
14044 34
11368 34
13930 44
6541 44
19437 1
325 11
7535 15
6512 46
9137 74
6558 50
4324 96
7524 28
9366 74
2902 62
16365 33
3138 10
123 8
8005 23
3730 74
15799 64
2967 78
14525 78
6565 61
17852 69
17656 92
15107 66
8770 7
19385 40
258 65
4311 21
8119 4
2046 98
13809 52
2441 21
3687 63
10465 97
11096 8
13329 79
8630 16
10910 88
15932 80
8085 55
15900 8
5858 97
12433 91
4323 98
8874 29
14654 82
1111 29
8077 91
800 67
1970 8
11900 13
5226 10
8202 20
38 63
2302 45
2428 1
10559 20
7916 11
7365 5
8915 62
14687 34
8105 53
10388 24
5140 73
18005 5
2771 56
2797 70
16112 44
17878 52
3474 76
9612 80
7187 2
18145 3
16973 91
18412 7
18488 23
9280 16
10934 59
8390 73
3909 88
367 7
6225 93
10539 42
3632 100
5146 93
4853 13
9217 69
8578 32
1692 17
3041 100
12834 57
8300 8
9448 74
10148 12
9018 68
11951 67
11685 67
1545 68
10732 47
3207 75
8511 95
11815 13
6983 76
2750 46
10200 25
17639 2
14823 94
18736 50
17343 10
3562 21
10098 53
3655 50
501 18
4259 24
15793 19
7298 7
6420 78
15211 17
10513 89
10735 9
14795 97
7536 22
4901 84
1810 31
351 30
7830 53
3720 24
13928 62
3633 64
3320 97
7111 16
484 18
17870 66
19560 20
11335 47
266 95
2421 35
1008 11
5571 73
7433 74
6654 11
15337 37
972 96
11732 66
8178 40
11134 88
2892 44
2566 39
12140 19
10285 18
5023 79
12240 63
15526 80
4929 13
15785 66
14959 51
16900 29
4541 32
12376 74
8728 38
9017 92
13534 24
2957 100
7647 11
14016 100
1429 99
6707 61
3792 6
14072 76
9382 73
10943 82
3333 43
9740 68
10121 22
7086 14
16170 35
6512 62
2546 93
3698 99
12285 89
11209 78
585 80
2796 29
5221 74
11219 35
18118 57
8429 67
14324 41
11850 80
7413 23
8887 24
7526 88
6500 67
13770 11
10723 43
5153 69
14167 21
8893 4
16510 99
13649 86
7790 8
3147 100
2075 79
8803 18
15143 16
10714 76
18009 67
1265 77
2481 23
8510 59
6088 54
10150 64
16387 69
3224 79
4970 46
3361 42
7777 80
3034 23
7575 67
10465 88
9534 37
12361 84
11133 93
7978 90
6079 85
9465 76
1187 5
12827 61
19153 98
1718 6
9831 28
13771 23
2838 75
4484 84
11901 99
9828 45
195 71
8578 79
6924 68
15415 28
14274 47
2415 95
1679 92
6363 92
9102 87
16064 80
1473 55
13739 16
5057 85
10172 30
3765 63
5035 97
2950 46
6394 90
492 49
1138 38
11708 31
17275 46
12096 95
16295 1
13424 17
18730 25
12386 28
4480 57
9572 6
1375 69
6387 99
8774 90
1159 98
19033 68
8813 44
2668 9
1147 38
1630 87
18591 81
12558 13
9592 77
10805 26
6090 62
17269 27
1486 2
8109 10
14266 34
8593 54
8956 30
378 97
7491 80
12261 76
5787 100
15040 70
9057 72
10091 59
10458 52
7050 98
5909 99
2479 81
14488 8
8526 16
10992 18
4273 97
8012 16
13421 90
4336 7
3948 87
1412 21
19787 10
8198 6
999 20
6757 69
3127 13
1272 25
6079 23
4396 97
14571 83
2021 13
7839 33
429 98
14091 50
13507 91
4802 98
14699 41
11941 79
9693 12
20086 18
2177 23
10673 44
8640 89
8089 65
12991 9
6444 100
16973 76
6169 28
4126 57
7063 77
15830 85
3548 82
7094 35
1244 17
11267 1
16089 55
13361 9
19922 54
8279 19
16279 68
19691 24
10782 18
6724 10
687 21
6871 8
10680 35
16298 65
11491 50
5890 84
13415 52
12383 7
569 11
2061 64
4317 35
9790 99
5245 36
11698 21
4664 81
11851 45
444 65
7077 37
20122 15032
