3976
12057 68
10531 91
3924 43
9524 74
18733 65
2335 67
12653 83
14784 58
9625 41
11497 32
11547 43
8562 58
3358 93
1139 40
495 10
8493 99
8688 69
6079 21
2774 55
14376 16
122 83
6648 1
12174 71
11443 49
10730 45
9137 84
15650 78
11878 77
19112 35
14170 30
6613 17
3665 44
5687 88
4117 58
11394 10
12236 78
4265 29
6030 56
13885 48
3913 70
13177 17
9765 3
11023 48
10807 68
13241 3
18287 72
8238 27
8220 35
3296 65
777 13
1145 13
13515 100
6998 99
15213 11
9032 23
7394 49
3383 99
8741 97
2131 53
5269 31
16275 79
11066 63
7366 25
3054 72
905 49
10015 60
9596 63
1674 42
16072 30
8646 80
2935 59
13184 58
13082 75
7306 11
8972 23
5512 14
13189 19
3395 99
6672 26
10696 4
14967 28
990 10
12377 81
13748 76
5620 98
889 10
14989 49
4999 22
6162 6
14044 83
86 35
18712 49
6014 56
106 9
10962 59
13328 93
16373 62
15741 67
18560 10
13654 58
13004 90
12382 9
2647 5
763 11
11200 88
12114 87
5710 35
16206 48
15303 93
11912 51
13781 23
13938 56
6477 21
3884 71
6587 55
6945 61
9199 95
5376 53
2972 30
3386 14
8293 96
3955 61
18022 51
12424 76
1192 43
4732 19
10808 96
7929 86
17088 16
7283 26
9168 8
9502 35
15008 48
14994 54
1569 21
18677 68
10918 75
11289 43
5994 39
11296 43
7871 26
9935 72
11797 86
12975 62
1691 29
15578 72
14984 52
1364 85
5675 54
16711 16
1032 29
4666 24
9414 12
11044 3
10783 10
7711 42
11688 69
6664 65
9267 58
3479 75
9768 85
12353 41
1451 96
5667 64
6274 92
12710 47
16574 63
19124 17
6668 4
12827 43
4171 68
913 18
1536 37
6744 56
11273 32
11795 71
3584 15
6442 38
257 3
2275 2
8261 20
18487 88
14863 58
13936 65
4719 18
6790 66
6245 6
4986 93
10169 73
9973 32
7176 55
6184 73
10090 59
2083 61
12456 30
8181 84
780 63
10714 41
9413 3
15392 99
3297 31
15767 68
18398 76
5600 9
17353 26
2664 81
1871 28
5428 20
3252 63
9394 11
7013 88
10505 43
4895 91
4712 43
8440 46
7970 35
1279 59
17794 85
11390 85
12155 56
545 52
9779 23
929 78
11840 70
12833 80
11612 21
2650 82
726 90
8054 48
3776 63
2929 94
17785 36
14604 25
10194 13
10253 66
4178 72
1887 46
18916 42
13515 90
11260 62
15609 5
773 53
11339 40
5987 56
8791 49
11115 71
12797 8
17202 48
13655 61
9566 84
9385 6
16233 44
15048 12
10155 22
16701 4
7285 80
904 72
6103 5
8448 45
10163 55
3335 19
10480 65
18440 7
854 66
18639 73
7088 58
3862 22
9763 44
1534 95
3687 15
3095 19
4951 28
443 57
97 3
17646 6
8916 78
7889 90
18304 12
17246 36
18407 3
2750 71
1277 99
5752 81
13187 87
17390 15
12187 1
12147 23
1712 26
13791 9
13268 45
11144 22
6774 69
3581 64
6226 43
7282 30
243 49
9834 43
9933 99
6971 12
7145 43
1595 27
10965 96
537 97
3888 75
5436 20
4534 22
9451 18
18593 56
2000 92
17302 24
2145 46
16682 13
3955 50
4603 86
16428 35
7940 95
1066 68
581 12
6014 45
8759 21
3093 17
11665 94
987 5
4020 43
1942 92
3627 82
16111 67
17300 19
12402 91
10341 85
10939 25
3469 75
9729 9
8308 30
14869 94
3101 33
2318 73
835 85
10533 24
10506 22
19263 57
8085 13
1513 66
14137 7
9480 75
5949 18
2226 47
3890 99
1294 99
9192 92
15524 61
10819 23
8297 67
9639 19
11409 34
10922 65
3435 54
3423 45
9664 7
16162 2
13348 86
4366 43
4142 60
10324 96
5268 94
4994 44
17908 57
6577 56
5999 84
17476 84
4408 88
1867 28
19293 28
1044 70
9106 9
9901 70
2580 43
3590 82
11850 45
13388 44
11570 85
3356 92
1316 47
14103 10
12310 52
11088 4
5860 30
2205 79
1209 58
18228 80
1827 53
4148 69
11547 47
10417 21
3277 5
8057 72
1840 12
19260 14
11255 55
9346 47
9039 2
15868 63
14857 27
8360 39
10858 69
2126 67
6807 38
12055 97
2264 65
4760 82
4655 37
5604 57
14974 85
9498 17
11920 60
2462 42
9913 10
18385 81
11801 68
13684 42
12222 92
4073 55
3505 93
16902 76
13371 78
5181 83
4150 60
829 93
4116 85
2278 4
12892 3
9423 22
12950 25
18518 78
11995 4
8458 6
19111 97
15752 65
313 65
6327 37
11155 69
6276 7
4006 51
6289 85
18401 7
384 17
7977 11
1474 29
3381 3
10091 70
112 4
12657 61
11714 61
4880 83
1787 31
3635 64
4298 67
7066 74
10060 46
3213 94
7813 81
12481 59
5052 68
7812 18
16261 71
12177 74
7664 99
10417 93
681 38
9132 98
5733 55
2258 20
2094 68
15371 96
9456 100
11412 59
4930 79
2440 98
6706 56
964 97
6863 34
6487 72
16164 10
15571 96
9213 88
9449 31
7577 56
19359 87
11527 15
12127 57
3413 98
5970 31
10174 82
18951 70
11689 37
9955 86
1114 4
13381 10
3289 81
6109 52
6061 10
12025 96
15364 83
10916 60
4503 89
16921 37
10142 43
556 20
826 10
370 43
13457 71
7139 57
10695 64
6963 2
5499 79
3121 88
5297 45
16995 79
1994 39
13286 51
5677 77
11975 80
8335 100
10276 41
12886 90
2643 17
1633 39
9426 62
12206 74
1451 94
10711 28
3791 48
18680 40
5039 62
18518 49
1644 88
4623 44
4761 66
5616 25
2457 66
8538 58
2692 24
12682 81
9823 69
14168 99
18402 97
7517 46
17094 60
10954 52
2918 27
1910 32
7661 48
2008 89
10095 39
5774 25
12861 11
7223 24
17548 60
299 60
11669 62
4882 79
353 18
45 6
8733 31
17521 77
17935 21
1523 97
367 53
11047 93
2506 7
5845 36
16068 75
8162 69
6049 26
17159 29
15225 41
15048 29
7425 3
6498 71
12847 87
13364 18
5170 24
15246 75
3831 12
3908 72
17465 47
488 87
8930 77
8270 84
11851 12
1857 99
17685 90
10439 70
8778 59
8472 63
2394 68
11354 52
11951 80
11797 23
1769 17
10015 17
17389 97
10379 58
12019 78
3608 67
18958 83
3910 39
13168 70
6655 29
13683 26
15043 26
18767 96
10115 62
12552 1
6735 21
12102 5
5807 60
4804 67
221 24
2643 27
7300 22
6774 100
4922 8
6121 63
5049 11
4523 76
12079 97
9412 8
5961 9
9418 95
10328 8
4975 62
11580 42
7489 59
8358 50
14601 52
310 62
12724 54
12512 87
9860 31
12093 23
3796 81
11463 68
9579 92
7755 24
10877 6
15606 9
18965 62
12553 43
15857 79
15703 55
7115 97
6000 7
2641 68
11095 51
16717 84
6611 18
7109 77
9305 22
12706 84
2681 48
11772 74
11767 79
12099 19
13923 82
12805 97
12733 88
7842 59
8147 48
1835 68
12559 97
8524 84
5315 20
17416 68
2390 36
1731 69
3874 92
14286 39
14023 27
9383 39
5179 88
7942 47
15939 17
1168 44
1614 22
8732 77
5591 81
2780 6
10667 92
12242 23
3037 5
16087 45
1328 81
8576 41
2442 85
8869 37
7727 65
4819 32
6670 1
16034 78
7215 100
9732 82
4889 46
7940 73
9423 75
7764 40
4871 86
1258 66
18417 7
2623 49
2475 43
10046 45
7898 52
12868 84
11658 92
5345 35
3257 67
10514 5
9379 97
4049 27
8316 48
14103 20
17054 58
2472 26
10668 73
13207 1
4431 52
16764 78
4571 33
16099 3
9092 32
9807 5
13364 79
4735 97
18661 25
5359 23
11770 64
2553 28
12141 58
5238 75
10237 88
16826 66
11234 82
4459 66
7715 33
5861 85
10604 18
16377 26
8172 31
5328 46
1705 15
18540 1
2531 50
2429 62
2104 82
15871 76
15658 3
16686 81
10033 62
15544 24
7080 84
12156 30
10595 9
1512 52
719 59
11745 68
14517 43
6991 13
8662 43
5681 52
8478 77
336 72
5250 43
9940 9
2052 79
19311 44
3505 89
6789 66
4138 83
10101 54
4648 76
11408 79
3538 4
2547 63
3779 83
10140 93
14735 55
12402 93
13126 3
18990 17
2590 10
7320 38
8921 29
221 53
3302 8
12456 16
17897 34
11022 95
2248 90
8630 3
6817 21
152 44
515 81
10430 14
1046 24
9505 39
11170 22
6797 66
1640 55
10249 87
3 17
2616 38
4784 24
5266 65
95 46
12192 65
1633 45
174 35
5696 11
9276 95
7394 86
17112 70
7165 8
3159 37
5291 96
9880 60
3150 25
10283 72
12226 47
8099 67
8031 76
16482 34
4002 21
9235 57
18698 61
14754 76
17570 8
1335 6
339 84
5547 73
997 52
3340 97
2958 42
2526 50
8810 42
6597 14
6374 7
9738 8
13990 18
12879 34
12165 97
2809 81
14661 83
5058 10
13072 53
12602 15
15197 30
15597 88
3719 1
2902 52
12954 58
16003 51
8888 92
14403 68
18876 51
2533 90
4124 54
4419 82
276 46
6999 76
19201 15
525 20
7947 46
13426 91
13318 61
6562 10
9457 15
11280 88
162 7
12570 11
3626 2
11194 81
10229 14
10213 68
13911 6
5159 63
6637 91
7979 90
2526 26
2251 60
7548 67
10093 68
178 76
7499 35
11628 83
8600 15
16436 67
10745 95
6609 86
12256 41
1878 46
18280 31
10136 25
5020 79
7967 63
14208 17
10504 26
2500 54
6954 77
12213 98
3888 76
9750 10
7806 79
14640 84
11728 73
6974 54
13912 87
5452 37
2512 84
4800 89
5653 96
9841 81
14189 64
14425 81
3145 28
9012 19
18613 3
14236 2
3402 46
9446 4
5987 63
14517 44
6567 28
18010 3
3418 97
9968 74
14858 2
7712 71
14199 37
1930 71
13401 78
18676 5
14707 100
11233 21
8674 83
1013 3
12119 6
11765 25
7049 6
2930 86
13820 80
14132 97
7835 68
2417 5
6808 54
8881 70
1952 22
5248 60
11312 30
12181 6
8849 11
2533 2
13336 8
18694 30
14919 33
11372 6
5506 40
1859 9
6668 84
6375 66
3823 15
4567 32
3687 22
4194 19
8880 78
6080 81
12187 93
1773 15
9842 29
71 44
2088 60
3538 52
16476 73
12749 8
1281 86
610 70
17727 47
14769 31
6476 18
4723 56
11455 55
11626 17
6728 2
5780 23
2519 26
8466 62
11126 48
12506 74
1962 36
11825 9
10598 80
18195 65
12459 63
2631 90
15252 91
3388 70
4391 94
11676 40
12430 45
8116 11
7782 6
2503 63
4814 96
11699 58
16175 9
5747 72
2015 47
14638 31
10744 70
19101 76
2785 61
4081 97
512 86
18782 17
14173 43
9686 53
9954 74
9239 77
9164 13
1255 54
18616 27
12958 45
4695 41
16870 80
12099 65
9238 47
3616 55
16582 70
8810 80
9654 68
15359 19
18735 99
10351 86
7949 47
16566 78
8021 44
2229 51
8636 20
15644 94
12994 60
10750 67
4446 34
757 41
11840 19
214 16
4101 30
5137 43
16624 24
3535 93
12119 1
18563 48
18558 79
8263 32
3623 73
16160 74
4426 11
10486 89
9177 25
6220 97
6889 9
7354 89
11428 17
3118 16
11426 40
13003 100
8280 47
4387 19
14833 2
13103 79
13117 65
6056 91
5895 78
8342 67
15924 84
13256 36
12703 4
11399 20
12530 98
8692 24
5155 54
12249 6
3773 9
14560 94
4062 95
10130 24
3078 66
3670 96
12672 35
18349 24
9595 95
11351 85
13372 1
9051 52
4600 21
12973 19
5709 8
2241 96
11753 95
9815 18
805 37
5340 90
1930 37
11628 15
573 23
3073 45
16736 22
3995 6
329 26
11089 22
1126 51
12191 28
8959 9
11421 18
648 93
716 6
12104 72
2352 89
2258 47
397 45
4894 83
4694 37
8682 77
4312 3
5115 41
11058 21
585 66
7700 24
10690 97
18228 39
10238 7
17804 87
7636 8
17404 26
12942 18
2214 93
1276 85
3449 97
19233 24
5206 25
13018 36
18033 66
2894 64
5970 15
6598 8
16638 87
2808 25
10376 56
15098 21
18187 65
14452 88
17156 40
5471 35
13019 12
13581 76
12129 56
15210 73
3033 29
385 87
5194 84
13122 82
14698 44
11993 84
11783 22
3994 87
5839 21
9526 7
10223 5
7806 68
16451 31
14 23
7399 55
11662 70
16684 9
7658 97
16116 55
444 20
3224 51
7332 66
8362 64
1846 11
16400 39
11227 45
9641 85
4489 19
18299 21
9085 42
6707 23
6770 89
14902 26
9444 68
14400 62
10170 56
6474 75
8889 41
3506 39
12211 99
9110 19
10178 17
11479 79
18440 26
11849 44
10169 94
10039 3
13732 49
448 26
14198 26
7628 74
13766 91
166 69
6856 23
1220 39
10299 20
10879 84
5871 90
8038 32
987 52
11894 81
8308 17
3131 76
5460 38
3556 78
1965 78
1075 74
7955 93
5398 80
9182 46
1739 67
12893 15
16528 82
9581 78
5624 28
7643 97
2593 10
12899 69
9607 65
14346 8
4458 77
397 80
12564 79
16168 59
8128 78
5887 20
5910 100
9889 50
5099 86
8688 80
6777 54
2960 61
1548 95
3470 53
6073 31
1189 11
12318 36
8733 36
5472 20
9613 87
6926 91
4745 47
12267 21
10463 95
1021 92
893 40
14648 10
4999 4
10589 59
14585 24
18966 82
17577 31
10180 2
17171 34
1891 63
5579 7
17357 36
16429 34
17039 55
11768 48
12946 51
13598 54
16676 2
16877 26
11390 15
7687 20
9792 25
12194 20
10021 69
5408 10
778 16
1897 14
3527 57
3833 77
3661 97
10868 11
17437 8
5594 98
18823 7
17742 51
2621 35
11195 24
1828 13
5145 90
6581 93
9636 16
1699 96
9711 67
9149 17
10223 20
5399 56
4738 47
6587 30
11537 100
12798 80
11996 43
16395 78
5748 72
18958 73
3046 25
8677 56
9377 52
1907 95
1340 64
15998 41
17687 86
8500 44
11098 19
5937 78
9412 69
7373 79
11380 95
2054 96
7652 80
3825 2
490 6
7894 27
9340 34
9751 40
7124 60
6521 8
12670 53
4334 12
1411 93
11850 32
2393 27
11927 40
754 61
7923 66
4800 12
15891 43
11350 7
9888 1
2271 63
13357 4
667 15
11470 91
15825 9
2786 89
18561 96
1998 99
14460 47
12705 4
5086 70
1012 88
7354 52
2069 9
4703 77
3085 95
6105 17
11941 66
6162 85
10134 18
7452 60
11435 10
2528 88
898 7
9872 54
8497 87
4547 75
7117 85
3033 96
5263 56
1677 25
4840 52
14875 62
17270 11
3011 26
10738 8
9489 27
4241 16
16849 29
3889 82
6465 50
10645 44
10534 66
15430 38
9253 89
1993 43
9914 93
6389 38
171 8
6033 67
10723 26
16209 69
2061 46
481 22
1331 11
6990 97
14492 89
7353 40
3046 65
11308 18
7590 93
699 42
11630 23
8530 77
9450 17
6206 65
2555 5
6273 70
6933 5
9693 85
19338 26
8351 23
938 73
833 78
14130 91
6122 22
9317 85
7508 63
9783 90
6770 82
731 99
18117 13
3811 15
69 67
5517 5
1830 36
11961 30
8260 85
1219 20
2927 3
11673 95
8870 70
3264 58
14302 23
5784 97
6176 93
9353 48
14445 96
14373 44
12901 43
31 96
4098 12
3652 12
7679 2
8946 64
5261 34
14151 95
8394 37
529 18
18079 13
2414 18
5065 69
13991 3
5760 34
8695 41
10070 3
17882 44
2659 93
6833 26
11167 80
8682 87
12006 96
16071 10
10532 23
3169 59
1591 99
2371 24
18746 99
3644 87
7748 22
13279 20
3723 11
10438 63
9621 62
8504 25
4586 15
7262 88
4199 57
4428 20
2428 90
4197 51
10815 85
8263 83
11067 90
10408 42
8450 33
8378 66
8138 18
16868 87
13958 80
1546 30
1275 32
2476 47
9652 56
6324 41
18068 83
18894 52
5976 52
10673 31
6117 79
9709 55
1025 42
14349 92
6963 68
3226 59
5249 46
5549 91
10737 43
984 60
271 42
8579 85
10129 77
7333 97
4552 88
6065 36
10754 22
2159 98
16523 70
6758 45
17289 30
2539 42
3536 69
1282 58
4413 15
1861 71
6681 2
6811 100
9440 2
5448 73
15745 20
17615 30
14598 2
9178 87
6205 73
11762 68
7663 64
52 82
7179 96
8163 82
15445 45
5622 8
5057 33
1067 30
11683 42
5905 50
9168 16
16275 13
1978 55
11836 94
3931 18
12181 43
5418 17
16680 2
13691 16
813 42
6144 16
17139 15
16894 70
189 19
5790 78
5727 11
10232 54
19078 50
4065 14
69 68
11401 46
8656 9
1280 98
12156 14
364 25
5907 88
18434 37
12874 16
9240 26
5508 76
9624 46
4836 24
4759 79
4230 35
3486 31
6910 75
7178 68
3204 77
1512 34
1250 74
291 26
5322 31
12927 40
3494 20
12370 48
12295 43
4448 1
7509 69
3063 86
7958 65
8886 85
10180 32
15142 9
17121 21
7082 82
9056 90
6973 64
219 51
9018 80
5484 81
11000 65
9765 93
10935 63
7524 78
7175 37
9755 37
5702 77
9971 68
6185 28
7541 16
265 54
5464 82
5635 22
11039 24
2898 73
3997 72
6908 73
12386 35
13158 6
8984 99
12309 36
6935 41
6848 98
10730 65
6999 62
14955 66
13096 85
1994 59
5990 61
30 26
18231 21
1946 82
1021 47
10657 39
10723 91
12921 29
3940 96
17554 71
2033 65
432 16
4687 54
3751 43
5323 67
2588 3
10931 76
2318 1
9312 53
5140 13
11326 64
12901 43
17311 9
17295 42
12859 5
1475 85
6980 86
16117 34
10841 21
8277 51
11794 17
12624 19
213 76
6776 21
10046 56
4374 19
10252 15
15415 50
15969 6
16995 67
3474 86
3377 41
2271 24
882 46
9405 55
6147 27
9922 11
9070 92
370 8
8158 62
4336 36
5285 67
687 25
2467 95
11250 82
3836 81
3416 76
8287 62
13868 100
18389 59
8811 87
225 37
17999 80
6020 88
1396 93
10021 60
9529 29
17864 4
15977 98
8917 80
9842 66
12729 74
6701 82
10034 99
19193 93
11560 67
10673 22
719 82
17710 45
19005 24
7296 27
974 56
13798 92
10294 68
11144 9
12890 72
19106 10
2549 56
5035 53
6869 78
9742 39
18547 41
6866 7
10318 31
4815 53
3837 33
18305 9
3770 16
5991 4
5791 38
4436 74
17764 3
17231 53
2062 13
2673 44
5845 50
4485 32
8892 73
1814 95
7748 46
9979 41
2673 26
2502 52
8305 14
9861 75
5131 10
11792 86
1489 5
15852 28
10165 19
14959 84
6499 99
5157 54
14605 67
12490 13
8925 92
465 37
17317 34
10558 3
4386 80
5128 62
6019 64
3593 73
37 6
9366 58
10744 61
4253 81
2312 45
9661 81
12484 75
13361 98
5796 34
9748 56
6305 71
13363 55
2565 84
6415 55
3085 96
47 42
12012 38
6249 88
2521 75
9537 74
75 68
9143 78
1596 69
4841 90
15564 99
9361 43
15977 96
322 39
19275 24
9651 98
1291 50
7115 38
9134 61
11138 57
1975 80
1951 52
524 53
11745 1
4731 65
11835 72
16605 14
4280 29
6152 17
10671 60
12753 34
6933 23
14461 18
3109 48
1774 3
4009 26
9114 78
5379 38
10276 46
6915 29
2873 67
18200 68
605 41
1618 39
11058 30
5318 98
12659 41
17828 56
2674 8
4229 65
9105 89
5713 15
7476 84
8631 1
10523 60
11574 99
12670 55
973 76
5334 3
10622 84
9708 7
8401 72
3855 77
5934 48
410 13
12426 57
2585 45
495 63
17722 30
11603 12
3198 75
6043 6
7500 30
12357 97
16335 28
8447 37
10816 4
8977 43
3886 70
7030 69
340 71
13942 31
7182 28
74 39
17246 100
13345 20
8058 4
11512 35
5296 70
6863 14
13096 36
8610 25
652 29
16084 78
10839 12
922 84
4004 3
15000 71
3070 95
10877 98
7166 55
12053 13
1522 21
5142 93
91 40
2225 77
355 19
5935 37
7123 2
3682 54
3346 99
8292 80
5357 18
6111 66
1643 100
2727 57
10868 41
3616 86
10601 36
4966 81
9645 21
13871 46
11021 97
9320 13
4387 27
8958 86
6119 55
5786 1
19163 30
9707 12
2269 33
5689 51
9928 87
2444 75
17512 92
5812 90
8447 3
11670 90
4951 90
11890 20
8236 57
4171 63
11016 72
10926 53
467 13
13141 80
11659 45
13224 45
9649 69
8694 58
11812 60
9157 65
8112 100
15318 81
1482 18
16 83
12023 26
3982 16
11265 38
4630 58
4055 50
2919 83
9637 87
102 59
4831 48
6819 84
2341 82
12639 14
3785 3
10896 34
493 33
2401 17
6026 52
2829 82
17919 9
14659 100
4166 72
10860 5
2739 81
8764 68
602 30
1246 80
3822 61
10064 96
6905 19
1541 5
15176 52
9685 27
10223 33
7702 41
18062 42
5372 20
10706 65
12881 37
10814 6
4847 72
12418 41
13465 7
7012 37
1883 32
505 6
10371 60
6500 57
8676 44
8750 19
2452 76
4662 87
8801 18
5168 92
18275 47
1485 82
8266 64
12464 20
17947 76
7090 10
17480 97
3278 71
12027 65
14280 66
253 85
15437 72
4310 16
9338 65
5517 13
4712 1
1258 76
1855 53
8299 28
10051 54
7685 97
8038 84
3469 60
4052 34
13068 32
6739 89
832 98
8278 74
14795 92
6975 29
5021 85
15997 88
12672 72
12142 35
8299 99
17389 49
6127 58
6320 91
18842 13
15378 99
4344 46
10121 76
8135 14
8359 52
1812 13
9648 26
11522 72
5332 97
4204 22
7139 72
7786 10
18275 24
3106 21
5743 67
7055 67
7999 86
10085 66
13302 37
2649 94
12868 18
15858 94
5466 7
6027 31
5999 56
5628 23
1747 12
985 81
18774 47
1003 51
2598 76
10543 98
7691 95
17981 25
11042 50
13166 85
11408 64
9738 88
7790 86
8953 17
3502 41
4212 78
16752 95
11054 23
2510 37
11830 95
1978 82
9799 67
17790 14
16334 63
3985 26
17013 64
14391 33
11422 95
4556 46
4117 4
19008 76
13168 96
1344 2
9690 4
15572 60
15439 98
13398 81
18759 30
5792 40
10505 27
1574 40
7054 90
5278 15
9295 14
8951 62
4268 56
12510 6
4667 29
16333 3
3492 17
2671 32
8745 55
3039 6
1360 30
1658 87
5004 38
17677 66
9596 88
1734 54
2828 58
10193 84
15402 30
12429 49
8133 36
4767 7
1197 46
3752 51
7178 60
7039 47
1146 68
12906 88
2034 91
9428 79
2402 33
6416 100
4044 10
1928 87
8371 74
3922 14
3 14
1939 23
12214 30
3549 62
11922 85
4805 66
11662 4
3786 24
2948 23
5377 83
8622 98
5508 94
3287 31
19368 15
12809 91
16697 54
574 70
2862 53
16781 66
9064 29
8452 43
994 89
9218 53
8442 21
8246 10
7194 18
2859 7
1490 56
1991 84
5306 8
2381 42
4426 39
8464 84
11348 3
9209 45
18257 96
2220 22
7603 74
16967 55
11777 93
16122 35
11945 52
6562 43
1200 54
739 78
6719 11
10990 14
8585 55
2072 78
2863 76
11286 44
678 92
15741 77
9748 12
8059 43
14992 98
10519 54
9185 58
3117 83
975 9
12666 24
454 26
3171 16
16898 37
3654 78
7845 39
8193 99
6249 91
5140 81
13283 58
2489 69
4277 78
13271 36
15177 66
4843 54
7480 19
8397 79
2007 94
3699 47
6589 100
15250 20
9017 62
12588 5
4345 19
9141 37
10578 2
3017 80
27 60
18560 85
7360 81
18765 17
4937 2
3877 3
13387 19
18659 32
9917 46
3819 13
9841 12
525 11
8 82
1540 30
14742 63
8568 45
15055 84
6322 80
1825 68
15304 47
19205 20
14199 31
11178 6
5589 19
5392 54
1009 9
1756 21
8300 60
2635 38
17901 15
12000 61
11314 91
5506 70
6320 42
2634 57
11726 49
3025 91
13 8
12074 89
182 79
13158 56
3389 95
7420 85
1379 16
11123 57
9491 89
15289 48
1051 67
3389 25
2759 31
364 14
8062 51
8879 42
17960 81
5885 70
2986 8
11551 96
6681 71
4698 36
6928 37
1929 61
2747 88
18087 76
12958 48
4871 35
10302 82
6334 69
5019 4
8702 52
13591 11
9130 83
7796 28
1172 38
5754 11
11562 70
14053 1
13971 53
3883 91
7819 93
905 67
3049 72
8537 71
4976 16
6898 48
10095 15
15049 93
18873 94
4572 12
6349 26
6567 88
19104 15
8024 12
17564 85
18266 83
10559 15
17741 80
1345 86
10429 79
7434 17
18675 53
5648 42
3463 68
12722 34
12206 99
9600 84
12772 61
12353 31
1585 67
12713 57
16184 55
7585 90
777 98
12050 10
5803 66
5397 66
14695 4
2787 57
11247 48
14366 34
10071 11
15711 56
15230 20
3054 79
2186 82
9755 53
19215 8
12857 99
19072 26
7104 96
10434 59
3864 54
4205 20
13297 36
2973 20
8668 56
7931 96
7025 98
2492 1
8832 81
42 32
8523 5
1916 81
7480 20
14206 91
12024 40
18421 31
1778 5
10527 35
7151 35
7895 77
5741 63
8797 31
8982 51
6970 45
2518 98
905 53
13209 29
2075 23
6700 31
7372 78
11974 59
3640 61
3965 11
6981 77
9358 26
2283 86
11104 83
11845 76
3750 37
8085 68
8994 51
5229 67
11531 53
4489 54
10816 42
1069 30
987 15
3197 34
3225 60
15188 35
3117 98
4805 24
3388 40
12415 86
10626 26
9750 25
8345 62
8177 55
7509 57
5047 5
9560 63
1390 12
16192 54
7180 9
11638 8
5311 17
13264 53
1970 38
13276 94
12495 74
19035 72
7598 13
19308 53
1075 24
9514 37
12189 76
10488 68
15104 16
6739 2
10797 55
9890 7
15180 22
10883 44
10745 21
13254 37
10237 7
3388 45
9811 3
2427 43
2726 100
15421 2
12673 12
9127 31
18346 21
9582 5
14376 12
9887 77
5828 43
8696 8
13023 100
15923 58
19327 46
5075 95
2892 8
9032 83
8725 3
661 78
4351 97
8347 59
8757 31
497 54
3995 95
11509 70
5957 59
10380 59
10671 16
6993 79
1990 38
5764 88
3806 11
951 27
7917 46
3130 7
16989 23
16902 87
5482 12
4323 56
15563 61
2609 71
12180 79
9115 98
3250 45
12289 21
1520 28
7929 43
16724 5
9972 90
6139 93
5516 79
13970 52
4718 57
16398 45
10060 5
6659 37
2263 26
5331 62
2436 74
1409 38
17349 5
9753 44
6465 88
10743 58
11149 20
9904 71
12772 68
2533 27
1205 36
5356 9
3637 36
17461 28
17518 21
11631 65
4173 50
14950 92
3114 81
1287 9
5132 39
18186 9
4786 1
8491 61
1441 29
1010 94
8882 60
3874 5
677 73
8360 77
10627 34
8757 96
11689 73
684 2
8546 71
12424 36
18019 24
6448 7
17900 45
5253 2
16501 97
7510 37
4847 97
11378 56
333 20
10406 5
7834 47
7830 58
7332 37
3992 13
1012 89
7176 60
4004 55
4695 71
5913 64
19079 59
8980 62
11866 22
6305 79
11521 12
6115 29
7628 68
3985 70
2737 75
7659 89
17264 72
7359 53
12714 42
9769 60
9930 34
15036 70
18855 51
17714 91
9030 78
3577 38
571 45
11033 68
1118 33
13209 49
1439 96
2273 85
12674 100
14151 9
3292 1
7418 15
3451 63
1977 75
941 23
6955 68
18443 19
13696 7
5188 85
18422 21
11945 73
4841 59
8065 97
1586 37
4793 93
3351 7
2921 78
6181 12
17842 3
6804 88
8540 11
15364 61
6558 93
1469 80
12511 17
9177 56
12702 3
263 44
2077 6
8427 1
8804 22
14947 58
3523 4
16725 91
5902 5
5419 15
3543 74
8480 18
3058 24
10553 54
5843 88
5830 22
7900 76
7376 43
3812 77
1726 85
4809 32
17328 6
12553 4
9367 9
3025 26
6406 66
6626 93
5420 35
4004 43
13009 58
16791 63
9929 13
19109 55
8649 98
10405 57
3506 9
3372 70
5599 31
5373 90
9460 72
12448 98
18263 47
1862 11
17715 96
3151 86
6154 50
6131 5
12523 47
2974 9
7297 16
12235 80
13351 81
2266 65
114 9
7109 1
12485 34
871 96
4691 96
2253 57
232 93
6802 34
15473 24
14250 28
7556 14
10675 13
4986 65
16674 7
6943 85
16324 48
16631 80
3362 98
4882 97
1139 65
811 83
14054 54
16467 75
12980 39
6796 38
224 4
12702 64
9096 20
4756 86
12403 21
4519 26
13361 60
11252 20
8669 64
10217 83
11020 92
2920 46
8372 47
9170 32
11432 28
17376 50
1280 66
3823 87
7520 54
9557 45
2177 62
2416 54
12482 12
11503 69
963 12
1356 90
6604 74
1256 20
1698 40
8895 73
4450 2
14330 47
6105 2
11814 61
8409 10
2887 11
5744 64
7299 3
17080 93
7538 32
16960 73
1690 4
9297 10
11310 72
8149 24
4386 27
5419 68
3424 21
4058 55
12365 41
5948 65
923 52
3330 80
3390 55
17761 67
14768 79
12064 72
4741 56
18829 45
11208 4
2320 19
8114 64
6045 75
9710 56
35 98
10859 70
18810 62
7814 69
4097 25
16548 44
2820 33
9776 83
7893 25
8386 62
14710 95
4326 15
1138 98
2678 10
10583 46
43 71
13005 54
9609 70
12681 22
825 24
13368 33
18883 16
4413 68
15226 45
8831 67
2 18
6909 83
1383 1
16236 61
6344 68
1609 10
14158 88
11938 8
7854 12
16474 72
16700 51
10347 100
4770 33
1705 23
1559 31
565 31
10061 36
4545 74
5582 26
3274 63
8967 25
7019 39
12765 22
14102 4
1762 84
12085 81
7192 76
3170 43
4251 42
17723 55
18062 79
17090 100
428 80
1028 7
15529 54
9465 53
3301 19
259 76
8629 26
18075 69
17197 54
19297 93
2900 65
15506 6
5558 71
3134 95
9662 52
9627 87
8829 26
9748 59
2943 13
710 99
19224 69
18005 6
2482 78
5200 95
11416 42
10878 19
14968 45
197 52
1281 60
16543 16
12075 13
9008 91
16324 66
9017 85
10964 96
9122 96
10575 7
18605 56
14343 95
3663 95
4138 49
9423 87
2316 39
3091 6
18215 36
18858 30
4280 64
15434 5
15757 44
7606 46
12595 29
3413 28
7060 85
10238 91
64 89
5047 5
12012 57
5368 58
2713 77
668 15
10038 9
1449 56
2449 100
17841 12
8841 16
1496 74
6095 37
6566 8
2542 35
229 18
12256 73
9039 20
15844 63
18148 72
1703 14
10280 16
4830 67
18909 23
12186 13
7300 17
7616 23
3727 12
16432 13
10933 32
1213 37
12967 18
6599 25
4064 25
6771 52
2274 41
11539 10
5247 73
8231 16
14740 98
10752 67
8326 84
1682 19
13093 8
16348 43
9541 59
16130 23
7910 47
4220 23
50 95
17564 18
8248 47
4194 17
13160 1
3440 77
15039 90
16975 86
16259 68
2904 9
736 19
5300 85
12410 70
6604 37
6286 100
6791 73
15030 63
7873 7
18730 21
12576 59
4181 80
15293 54
12285 46
9401 98
7749 46
14106 14
8457 41
7995 25
9408 68
6348 76
10565 77
15898 53
11065 21
4327 45
3589 29
9941 88
10172 76
14874 99
16016 59
6684 91
6285 53
9702 1
17639 45
11772 85
7396 18
7264 14
76 59
1729 69
8998 12
5142 46
15289 44
8197 92
11534 78
14904 49
3614 24
594 57
6185 50
11710 89
14788 76
9857 16
13910 72
10123 81
12868 94
17832 27
13900 45
12889 32
7143 81
14652 56
4202 36
5664 18
14225 46
3642 52
2441 52
13738 12
4925 54
1356 33
5855 5
8113 47
13171 41
8884 98
12145 47
12213 81
15056 64
9731 62
17555 22
7129 8
2702 37
14854 29
5582 68
352 53
10134 2
13547 58
14407 54
15231 6
3106 97
2919 54
4185 2
5513 48
10009 55
12507 27
19029 100
3435 65
18432 80
1858 42
7440 62
11154 8
6940 88
654 70
7341 42
5121 64
9281 38
15945 31
7463 92
11483 5
5381 23
4691 100
9506 21
8415 55
13110 72
15642 77
15384 21
11167 24
2327 85
9149 85
18643 18
6463 75
5320 7
5776 97
19273 79
12981 8
7731 47
6643 95
5401 29
60 57
1654 76
17692 52
179 94
7048 67
970 9
513 15
991 21
4668 78
8701 92
1646 20
1761 55
9159 61
1939 13
11836 58
4436 61
18826 66
10076 69
8143 17
4772 48
17244 12
8152 15
15072 8
17979 48
10333 56
1828 22
7361 100
8628 37
3528 84
18205 9
9149 35
498 41
3794 60
11397 30
6413 54
2738 12
3531 56
6022 64
8164 40
19125 86
2725 15
481 65
19213 1
4831 97
2494 77
18880 72
12711 4
14947 52
2674 66
3130 16
6495 13
15957 1
3549 5
2673 27
13973 92
789 48
11633 38
16672 96
9524 23
15571 30
1966 92
17605 6
11223 40
13173 67
6509 92
7275 23
9722 73
14844 60
19099 88
17290 13
14458 2
6174 34
4212 25
10884 64
1211 95
10079 25
9637 61
372 26
18642 87
19348 81
18128 62
6247 54
3942 82
4720 20
16140 9
16073 42
4891 47
16540 3
17507 24
5371 29
5162 11
16365 57
9299 1
4459 21
11556 53
9101 19
16461 84
5487 18
15654 84
12409 70
3728 93
9077 69
7255 36
13825 71
12528 35
3623 18
6838 68
13900 31
8471 42
18671 50
5206 9
4904 57
4162 46
3619 2
1224 54
1333 58
13183 46
4048 94
3250 39
14869 48
6776 2
5365 71
10983 59
15595 2
4171 29
19019 18
1345 29
10535 98
6154 53
10356 63
7804 6
1129 87
1251 21
9343 59
2744 98
5879 95
7255 90
10930 33
8855 10
3730 23
17144 95
11976 33
9069 21
601 34
5547 59
15192 100
10955 48
12256 86
13938 55
10181 41
8090 15
6506 35
11925 41
4942 92
12453 11
14859 65
6954 46
1705 14
12048 51
15917 50
9181 65
5311 54
12947 18
3084 6
1842 35
4330 95
15585 60
7226 82
9703 84
3946 71
922 21
8733 94
141 80
12346 17
13235 56
1132 54
13393 92
19187 4
8535 25
9653 92
3368 60
2106 82
2068 36
12593 68
11774 96
8775 75
18855 95
12774 63
15663 4
197 7
2095 4
1333 9
5477 38
2106 39
1275 41
4602 8
3169 48
4090 5
3858 10
8464 90
6882 99
7475 75
512 55
2945 18
15807 10
17547 92
8205 31
10145 72
14364 52
2781 87
12547 3
7412 81
8163 66
4039 6
16990 16
17061 32
13468 3
5151 88
17112 56
3510 95
5960 69
5594 15
2945 2
3961 55
15235 3
9507 15
18934 81
964 55
14771 94
6803 1
134 53
9144 1
14130 62
6058 69
2742 82
2130 21
1830 7
1530 33
9749 15
7476 61
5538 34
15702 68
4362 12
9008 71
11828 95
10411 16
2746 53
2315 62
1798 50
12141 83
3107 21
12480 13
8629 95
7470 38
5795 68
7320 18
4989 76
531 29
4808 65
11265 93
8979 83
3153 12
2691 44
17773 6
11032 54
5129 66
11686 21
13094 79
3155 85
12738 97
8369 91
4200 11
12321 43
6390 55
9993 70
8958 4
8284 53
18639 63
4543 58
11853 78
3278 42
10605 61
2503 34
8517 50
11273 49
4351 54
9335 46
2419 16
2365 26
9285 77
16981 29
11418 85
1303 49
4720 49
5361 55
8564 49
6954 33
1168 89
9061 8
12861 82
9607 3
13184 58
6437 28
6952 96
6450 37
17143 68
10810 73
4768 99
1863 32
17185 22
11005 96
1281 80
2700 97
12642 41
5211 24
2174 88
11907 83
3723 65
4763 28
5544 44
12633 68
2812 8
7738 34
1150 75
2810 8
14127 41
12391 39
16822 91
6820 81
1069 50
4912 96
14208 40
2053 38
5142 74
1883 40
11 71
13330 59
3829 48
11997 71
10326 61
5856 34
3466 74
1805 45
697 57
7208 53
6542 55
10097 1
2482 29
18961 66
11540 54
4169 55
7706 18
3853 34
9251 16
2393 50
2539 96
3672 86
11644 98
4215 71
9332 43
14025 93
1313 73
7755 20
1589 44
15027 48
2763 84
3049 97
9377 44
16640 65
8747 82
9783 30
9735 76
11197 85
4683 93
11735 3
17845 8
14992 66
2947 24
7073 27
14026 57
17052 49
9947 85
10689 22
11790 70
8092 8
1616 51
5369 3
13855 90
1558 33
19264 50
4450 35
2029 65
8155 82
7333 3
2294 68
13119 3
10028 79
15751 48
13834 50
5932 4
10474 31
13105 10
1924 29
10915 50
4377 88
12282 98
1097 17
5348 53
430 70
3542 46
8403 13
5636 38
1212 68
3443 42
5106 69
16237 81
840 23
14014 45
16643 1
12467 91
6008 48
3859 8
14357 71
7864 1
10516 74
3671 98
14957 40
483 75
2219 91
18059 7
3843 31
3737 58
11280 82
1094 52
9987 37
11369 38
3130 67
13266 57
4685 16
3717 97
448 55
13001 75
17397 88
8697 54
8194 7
6939 90
9924 57
16504 82
12706 62
13491 40
437 30
16012 75
2750 44
6790 32
11385 35
2577 80
8122 51
15131 68
5108 93
9226 70
11208 26
22 16
3773 93
6440 94
11694 93
6058 17
418 100
17556 9
1375 95
6512 26
2169 46
10282 54
2824 56
6212 78
13553 26
17379 8
261 3
12994 12
11895 92
5061 89
19178 57
8813 2
2897 68
1863 4
19236 51
14297 71
2767 64
6547 76
16308 41
12852 41
6603 25
16373 11
13418 78
1128 51
8569 3
7276 20
2824 52
12189 24
14154 52
1641 17
1987 94
11790 74
1544 5
19 30
11718 61
14645 72
6149 25
4958 80
8197 39
3750 8
14155 4
2703 99
6159 92
17705 46
1645 70
1054 60
15853 51
3665 83
12117 13
14882 20
14660 54
9700 91
10116 26
15331 74
9089 90
11713 68
10189 9
9892 93
4103 72
6665 45
4243 72
10281 36
6315 70
7148 20
9279 4
4486 76
14904 7
13189 59
1482 96
17743 74
236 51
3076 59
3457 64
9330 27
1273 68
4227 68
2628 76
2898 38
14084 75
5843 14
13901 54
1795 53
12544 88
8124 44
16736 32
15892 52
7414 22
5729 44
9547 15
8981 84
12611 40
475 4
17591 29
782 85
11265 79
13816 36
8031 76
10598 61
16544 48
6517 57
1403 32
15610 71
1191 23
544 63
15704 69
12970 5
9791 31
5469 49
10268 10
7119 18
13056 4
11514 60
12365 76
2591 36
14884 53
1620 11
5196 93
11464 52
14599 86
6281 66
17972 70
762 85
1612 99
13564 6
1275 69
7860 69
10756 59
9843 6
2808 31
17144 3
4413 54
15684 34
6235 44
159 6
12063 91
14052 38
4880 26
6093 13
13171 52
4862 51
5172 81
3031 61
7450 68
18858 31
7313 82
16823 14
5706 48
6035 52
9352 47
11840 34
1101 7
719 78
5067 9
5268 68
955 76
10755 6
9631 58
8192 74
15092 36
14998 3
9036 35
18469 40
15439 81
12594 40
11861 27
14713 95
11499 8
6373 84
6889 27
3524 51
3286 76
14158 24
9671 76
2299 13
3824 49
5161 25
10419 28
8289 14
9304 82
8896 8
6479 13
10427 38
11865 28
4718 68
7501 48
806 22
10703 8
17964 8
7647 11
3724 74
18193 45
14760 78
416 99
5934 24
4631 63
18304 45
11176 60
2765 39
6471 41
1376 47
8484 80
11134 32
15188 72
9357 96
11802 71
7635 40
16229 10
8798 17
8089 18
1880 80
9705 85
18622 74
5095 27
17017 25
3947 77
13059 13
849 23
19351 22
1138 89
7442 36
4950 61
3902 88
10995 78
3561 35
4310 88
681 21
8915 90
4716 32
13460 36
1669 52
2423 43
2032 29
12800 45
10978 23
7983 57
15612 81
8557 55
11334 18
5054 100
13026 35
11998 8
1593 73
11833 36
3369 58
9271 42
5649 2
10354 30
8647 36
15806 82
6441 24
12519 26
5104 95
18664 22
10674 21
12756 7
17554 94
7820 80
40 53
16069 97
6287 1
11609 33
13024 72
356 80
18810 45
6589 67
14898 36
15266 62
8922 77
5884 34
10139 77
5179 49
10054 28
8551 3
18918 68
11654 63
4326 52
728 61
11455 93
7510 48
11603 77
8580 62
1478 32
7700 79
8541 72
12250 28
714 59
8441 89
6465 60
5541 73
11755 87
10884 72
890 40
14904 46
2677 46
11685 6
8513 59
6386 1
18349 72
3568 72
14439 31
8203 34
2316 31
8303 71
2507 87
9423 90
11686 29
15552 46
9017 69
2908 4
2503 42
1623 74
12263 28
9867 46
8111 39
7573 52
4931 75
10262 58
8740 76
11339 27
6448 16
3942 14
1848 43
6473 20
9582 82
16240 19
10967 43
10614 88
2439 23
4914 59
404 9
516 17
8163 39
15491 63
9945 7
16537 65
3421 60
1017 41
12217 64
6095 46
523 32
16897 39
7954 6
15285 100
3946 62
14611 67
13603 84
7756 74
5263 92
1499 12
11427 91
12386 13
11935 2
5049 32
3401 89
14427 92
11694 10
5528 12
3740 78
2587 78
8070 34
5308 97
2684 49
11380 83
15246 82
5372 7
13384 53
9639 12
2023 39
14381 45
9647 2
9035 42
5107 85
2062 86
1847 95
2567 39
3788 37
1373 43
2234 55
15744 52
10113 28
4544 7
10723 77
11470 52
8404 70
7901 5
7774 78
9122 28
7456 28
1004 6
1965 19
2004 13
11994 75
1749 28
10233 72
4219 69
11689 90
16560 76
13884 66
9091 6
17320 5
10577 73
3530 85
12909 98
11821 88
4198 82
19314 99
11401 49
5109 27
11262 76
4 60
1817 74
9643 38
768 6
16072 52
18897 99
2226 57
8553 67
16741 13
8117 48
8969 52
6 92
17656 82
12852 76
8296 46
9313 75
18507 40
11103 24
3274 45
1339 25
5201 89
620 33
19169 16
13223 45
3831 76
4732 90
8188 50
15439 78
9054 30
3286 40
11644 92
15411 81
10563 56
12206 53
4430 62
2785 25
16024 22
3248 62
19369 32284
