4195
5268 17
11477 18
4405 8
10188 65
3068 10
10979 14
8809 48
4090 44
13667 15
143 85
9374 3
15205 7
7269 61
4835 96
7633 85
9121 66
18256 32
5968 3
17761 26
1987 96
14863 71
7944 72
3836 98
16308 56
10488 71
2422 80
12570 65
1322 68
7094 67
5433 92
10008 57
15910 69
16408 17
7029 93
135 15
71 9
16737 88
7657 53
9763 94
15886 27
5438 28
12474 48
8276 63
13792 15
402 10
1446 91
5760 70
2056 43
3933 97
7082 8
12182 28
3690 56
7193 10
3349 88
12644 6
9968 87
3972 48
522 92
1811 13
625 8
13017 25
4130 93
11990 76
14309 78
11375 3
1072 36
7591 44
7915 76
6608 24
4923 83
322 68
14915 82
5875 38
13776 53
17376 25
12884 62
13706 92
7885 98
669 88
5871 76
7757 83
8783 1
2145 39
7345 58
15533 2
965 4
3355 76
4917 77
5258 83
12587 8
15418 73
2856 10
2038 3
14096 49
634 81
13620 34
2591 26
10824 66
8189 49
10262 15
14697 56
5658 64
1944 16
5080 60
12882 10
6747 34
13258 56
11735 8
4676 27
16977 88
13448 91
4726 64
13111 67
3713 61
10787 39
11081 9
6700 47
11866 70
10080 74
3562 38
6290 95
12272 50
935 3
5776 96
9845 79
3577 61
4461 19
11419 65
9178 19
14035 88
490 68
17898 24
1861 42
14973 40
10012 30
6669 37
12443 55
14929 7
11970 5
2147 34
3800 83
697 17
1121 56
14077 91
10075 72
5359 16
11331 57
6329 98
14517 26
7659 88
17779 54
11304 67
1245 88
3009 60
1218 78
13840 70
14046 12
4128 8
3597 22
11979 80
10791 64
4083 21
17293 21
7366 53
1187 90
12668 72
17678 52
4971 65
11391 37
3789 70
8712 2
6455 67
5807 13
3253 57
3393 2
18085 25
9577 43
6361 78
3073 36
5369 67
5800 38
8344 46
9180 51
7470 79
682 19
14302 65
1044 54
1728 14
13098 14
12298 90
12412 71
12874 38
7935 99
5640 36
10238 42
3602 34
1075 86
8319 71
1710 44
10584 17
9861 68
1332 77
10605 1
11995 83
12880 20
15238 33
1127 1
18052 50
1697 2
11280 12
11381 40
13785 39
14373 31
18298 42
6476 82
10851 71
17393 59
3423 6
6036 8
2201 34
12912 14
17184 19
11033 28
13914 47
8568 3
12080 24
3197 21
6230 49
1845 8
4807 29
2181 81
4334 16
10221 12
10256 91
12848 66
12800 46
15283 56
6394 16
14651 45
7828 35
2588 95
12754 60
11712 46
11090 22
7052 69
1671 98
11009 81
10466 53
6090 60
8805 73
15122 95
13017 17
2256 54
10875 28
13829 75
17139 3
3508 81
1157 18
8123 61
2955 32
15738 43
16931 90
322 23
6509 98
17072 82
2720 96
17337 11
14821 65
10736 57
83 62
1750 3
11797 63
11257 77
10121 89
10816 16
7331 40
17662 69
73 13
3278 2
2024 91
2646 30
1871 76
1158 91
15554 31
1194 28
10770 63
926 75
17891 79
714 79
8702 40
16119 83
7552 62
10305 31
651 15
3437 47
11323 88
9700 73
36 61
10344 38
3162 71
12583 76
7744 80
11054 33
5189 2
11088 92
5709 8
16919 96
10324 66
13018 94
14888 75
3240 44
2087 32
8691 22
2437 38
305 20
7571 96
12647 83
13422 58
846 45
18212 70
691 67
2780 29
11593 21
7725 7
6714 97
7999 14
6910 79
15986 88
15787 65
7132 33
12382 29
2391 72
18545 48
1354 88
4813 73
12390 37
10778 33
8540 46
4005 82
1813 59
8328 60
17722 53
10008 28
6365 72
8716 39
5008 4
13721 22
3213 49
70 44
7925 93
2644 11
17909 16
1709 96
605 37
8730 65
3099 48
5285 48
9088 82
13582 29
10249 88
14620 22
12553 80
9722 51
2077 32
269 93
6504 64
3355 79
8631 35
16790 74
1568 84
13064 84
8231 23
12105 100
5497 29
15239 52
3877 92
13278 5
6319 28
2344 58
238 77
4375 90
521 98
7297 91
406 77
18426 31
3011 36
15016 50
18609 84
18259 72
4565 60
9148 57
14400 59
10800 89
7074 18
4260 85
8170 96
1635 79
9322 95
11382 89
18297 80
588 41
3504 17
3930 32
2393 18
12012 60
5668 41
13580 2
13412 55
12090 24
5338 88
9790 99
12792 16
7634 81
13073 55
3859 81
12431 98
16345 90
8597 15
17093 97
16647 99
13187 9
1774 10
10600 73
13728 58
6693 97
7543 47
5349 65
10240 23
3980 27
2632 54
2304 61
16618 40
5868 42
6988 58
8666 5
10731 17
2409 74
10691 41
6375 81
14300 73
1561 49
8489 7
15609 5
5867 51
3840 93
9365 63
2236 27
9105 70
10123 7
8508 41
8296 76
17685 89
11237 52
1363 42
3634 3
216 56
2437 58
4736 84
10419 74
14239 25
13950 3
9794 63
13592 98
9364 67
4094 3
11356 1
496 63
837 11
8192 21
5567 63
1665 74
11940 46
8634 86
5053 62
16499 49
7757 52
12295 90
6798 34
5635 95
4387 1
12182 65
11030 38
12498 41
7195 71
12730 71
6213 19
5243 58
10536 73
4864 37
1350 96
10208 76
9733 98
3195 98
5017 96
38 24
8998 26
1731 34
321 60
2557 18
8832 40
5106 2
11054 61
10481 47
8740 51
11102 57
1452 43
1699 90
6536 41
3914 49
16075 69
5344 64
317 19
8876 33
7309 75
4417 95
1186 11
11288 92
2819 46
1122 62
9128 49
14108 76
6776 31
2148 55
2676 87
6666 77
11660 76
8043 12
7136 4
7474 26
5986 30
6687 67
11995 28
18045 31
7690 34
3631 86
412 87
3139 66
10808 92
5138 68
7419 54
16614 29
3212 47
108 66
6392 65
12628 25
14560 6
7927 26
8209 91
16161 87
12677 20
8263 28
8824 72
18387 41
9558 58
14205 12
15403 50
476 94
3931 76
11773 49
7315 1
4707 87
2375 24
3256 89
8454 16
4139 6
6547 70
15227 26
8741 66
9459 99
1553 100
1902 7
17094 41
7156 42
6457 32
4294 13
14962 34
5327 11
10535 37
11899 3
7040 43
2356 46
17819 18
12363 46
6833 15
13372 12
10160 60
6581 62
2482 70
5424 51
5190 51
1022 7
1150 2
6591 10
17129 4
16872 76
8257 27
11364 43
2311 37
11614 52
5598 20
14549 30
957 44
11769 16
8009 40
4533 49
1515 40
16646 6
2757 66
3859 74
2763 20
11902 13
1768 49
11890 43
6974 67
16260 62
7058 33
10359 83
15743 69
11707 69
9330 72
2846 2
3798 8
15493 78
1105 6
973 37
5654 16
5133 77
605 69
6534 72
6056 20
17214 30
12767 93
5889 46
5758 14
898 85
1005 6
11664 60
3553 68
9836 56
4585 21
18418 47
6227 61
15422 60
8400 75
5617 33
13557 44
15340 68
1483 62
5020 36
12618 1
8399 85
202 2
3854 15
13426 70
3283 31
12948 65
10701 94
9744 23
6801 18
14161 67
4859 43
12469 22
8062 82
11808 18
10424 52
14923 52
7681 56
10225 39
1694 37
1667 98
10153 27
1636 76
355 48
5375 78
9101 32
2720 36
2475 92
12144 75
2754 6
8165 26
18340 66
12409 24
1545 43
6362 18
12864 8
17970 42
17487 25
11912 47
9471 57
12351 69
2555 45
9821 91
14850 87
14006 27
8579 39
14818 6
10409 34
2108 81
2743 53
10349 27
5845 24
2097 61
4420 67
416 90
11247 11
1039 78
426 30
10424 64
551 9
3383 38
2191 38
471 30
3534 53
11117 55
11658 90
10682 70
13445 19
8023 82
15889 28
8228 36
5979 48
13569 19
8075 54
11785 3
5555 52
9820 72
3726 22
17508 90
20 66
3514 14
5859 50
5833 7
1727 47
12555 38
309 41
10420 39
6908 51
10436 81
3582 77
7296 76
4630 23
8771 60
11265 39
10609 29
9890 93
6212 93
10857 94
2731 50
10012 67
13639 29
14353 100
5432 1
2226 13
14968 84
8506 55
4030 6
8567 38
10981 40
4536 97
13358 80
18121 67
15876 37
1805 73
8590 30
6411 20
6514 26
12948 28
920 47
11684 5
1629 23
2975 41
9345 71
12798 58
10339 18
6746 69
11947 95
13705 99
12312 23
10726 3
11540 68
13677 21
2332 71
7895 77
13756 57
6907 43
2491 60
15062 46
6291 61
16013 58
7715 35
4896 18
2544 10
11969 77
15082 28
669 61
18611 68
16122 34
5837 74
7554 60
4492 27
9694 55
10450 93
8327 10
2042 29
11225 54
10967 70
10090 5
8390 49
8417 2
3808 75
10930 18
3597 22
5777 99
13846 16
16844 16
8433 40
7870 46
1546 91
12890 70
12232 6
13325 79
11094 41
15839 84
11315 23
6274 17
16484 47
15532 74
10576 74
6234 1
7077 13
13406 50
4561 2
15595 67
499 94
8509 89
5859 50
12150 36
1615 30
16679 73
1608 29
3092 78
18397 67
4435 22
3470 87
7110 71
10467 85
13135 56
13846 35
18276 15
11470 42
17667 23
3597 99
1559 13
6116 94
8171 48
2614 51
18294 90
435 64
633 17
7558 83
5741 50
9016 23
9872 96
934 16
9041 60
7609 14
17706 28
1805 82
1742 74
17932 57
1051 83
18587 93
97 28
11853 34
5059 79
727 28
12406 56
13325 53
2944 54
5227 9
2891 24
1821 92
10074 17
6819 47
13067 28
13543 79
16006 44
7153 43
2741 84
10589 9
15212 17
17003 47
17562 23
12672 37
2392 44
9803 61
9154 35
13995 58
1708 34
10351 94
10856 62
9181 28
9973 95
5151 76
13721 94
3258 24
1306 5
1321 19
769 91
13011 76
9592 12
6960 78
7645 67
241 1
10256 81
8864 75
16138 73
13910 99
5687 58
16180 58
5173 39
17612 52
4581 14
6137 6
14841 82
12364 70
8327 61
12361 14
14205 74
8569 44
7469 92
16969 65
11507 4
11010 1
3829 19
6898 3
13562 42
4236 38
11454 69
8971 90
18309 94
2349 58
16174 56
8430 78
6234 52
13521 17
17508 26
12327 89
10355 43
18289 6
1638 57
9024 80
3384 8
9312 24
13829 64
5487 76
10187 71
9108 50
348 92
15110 66
1619 11
6315 46
9708 39
4899 28
1786 90
227 90
1843 81
2422 77
8686 51
10785 58
14321 18
1326 52
11364 67
235 24
3554 89
5715 93
17040 37
8230 69
10278 80
4173 47
10927 22
2753 1
12660 26
4476 69
5701 30
7735 94
6882 11
10582 62
4287 84
1689 93
4743 100
8932 61
2434 97
10298 84
9218 96
15461 65
626 94
3553 54
6096 24
4554 86
11149 50
1763 18
642 52
720 34
7429 65
13646 45
1748 35
6817 24
13761 100
847 67
6479 24
10836 89
7748 74
1452 3
16256 99
5704 42
12997 93
691 24
5750 12
9493 51
9749 99
5274 32
8336 68
331 23
3004 33
16885 28
3797 66
8816 42
1653 7
16411 70
3043 8
10502 70
6933 18
14865 2
617 87
8643 46
8688 89
4869 45
5772 99
13040 22
9556 96
9324 77
3174 84
14058 5
11564 16
149 48
7074 30
17348 26
10518 33
10227 53
11593 74
7435 11
18333 11
31 14
184 59
3265 65
1600 1
10524 32
17319 38
12131 42
14114 1
18601 64
4452 10
10019 17
2872 19
1403 76
9446 24
510 18
5405 89
13648 65
3187 4
8542 87
1961 37
3221 43
4123 74
7506 37
7806 11
225 20
5074 86
9809 37
17754 39
9999 41
18113 21
11099 63
9880 28
5592 35
4342 54
1160 10
8415 3
15127 99
1423 78
4182 61
13017 1
15235 14
1243 56
4775 32
17717 33
17689 90
5946 10
15041 93
13917 39
7495 91
17312 22
8781 72
4137 80
10178 59
6390 22
10913 7
11682 7
10521 55
9368 84
1878 3
5800 49
13128 96
3392 62
11546 9
3693 14
2126 11
5402 83
12439 34
7567 90
6215 53
3062 76
3210 52
7610 78
9194 15
9649 56
3141 38
16604 88
884 43
18084 45
9037 99
5871 22
2315 33
12627 41
12068 44
3930 68
4220 75
9271 6
8257 58
13089 5
9342 6
11613 26
5651 72
3832 53
6661 11
12517 88
6538 3
3452 78
4800 6
8804 61
16062 65
13714 27
7699 94
11106 3
1381 9
5670 24
1125 8
16125 38
6786 71
4133 65
11763 19
6060 46
2601 81
6531 74
12539 78
7229 34
10020 19
10038 93
17450 50
14295 88
9584 79
4153 83
9991 40
6456 98
12377 9
6027 87
13406 25
9417 39
530 49
14309 15
12398 1
8069 84
11837 44
6511 32
4027 47
2509 44
8009 86
16444 11
16988 55
13823 76
5463 87
15441 27
15790 19
2307 11
8381 2
1698 16
2687 99
12516 23
6171 65
5845 63
812 65
16293 47
4097 44
12004 43
460 77
13858 67
1382 25
4328 37
15947 30
16098 39
970 97
7177 69
7320 63
8636 32
6269 30
5079 7
5719 47
13063 1
1110 79
788 96
1584 66
2592 64
14997 59
3743 86
3741 58
18407 58
9249 38
12170 15
10272 87
9354 82
10755 2
4509 70
5027 46
16793 43
1841 44
5690 64
17134 18
161 86
5612 17
15991 45
8789 2
954 65
7850 53
1359 1
6967 37
9249 6
8853 67
7688 68
6152 82
1102 32
8610 38
10406 53
13639 100
18038 45
6523 42
4175 38
11081 4
12330 18
13390 17
9597 23
9500 13
13607 99
13155 95
12496 59
13805 43
15092 24
945 19
2649 47
15236 49
3943 53
4394 67
9880 30
11746 34
4608 39
315 68
9463 22
3425 21
5660 17
3013 47
5916 81
15844 89
11348 4
18215 93
10619 72
6883 38
4163 47
4793 40
2721 64
281 5
14275 76
8138 20
627 12
9581 68
1673 12
9451 31
15421 85
12332 83
8253 51
11458 25
4699 38
8070 72
10163 90
3129 69
3252 97
14860 65
14068 3
15588 46
4633 92
4408 97
1078 29
11638 79
6962 32
5094 22
2135 5
15396 63
6210 61
12499 2
9966 10
13712 10
1750 27
2341 29
827 94
6143 38
17978 67
13027 57
3570 11
7644 74
5596 92
2936 78
36 3
3963 7
6199 3
6708 7
15701 64
4223 6
6665 100
715 19
9647 49
9733 7
8406 23
2004 64
942 59
9222 22
2403 19
7499 19
9258 72
2009 44
13883 6
2832 6
3288 31
16335 22
1397 39
8037 25
6649 26
4429 51
2764 23
10428 38
4625 35
9037 45
5870 73
13255 57
6121 40
11589 84
13429 57
5838 20
5518 92
3390 6
9833 45
15197 8
1432 83
5822 20
8077 75
13611 34
12924 33
4503 20
9125 61
7508 36
9666 92
10447 53
10878 85
13528 41
359 85
2414 98
8494 97
5914 28
3861 35
1490 87
6320 32
13226 14
2086 73
11942 11
4089 35
3163 35
2724 43
9382 100
6598 65
16533 65
4037 76
8261 18
9164 19
3660 21
6967 63
11304 40
6566 93
3015 40
5232 1
4745 65
9018 91
5954 39
10849 1
108 89
4212 85
12469 87
10717 96
6389 9
9026 79
899 54
4047 6
12968 23
6990 98
12012 45
5121 95
7975 88
13415 70
14451 4
14454 38
7392 75
10601 42
712 9
5906 2
397 37
12984 26
2303 1
13260 64
7554 67
97 4
6231 97
18307 94
66 66
353 59
1436 86
3909 19
13074 100
8356 46
6998 69
4433 45
3860 80
895 51
14304 68
6871 69
14278 22
262 74
9298 67
10979 95
673 44
17232 22
6991 12
17526 39
17898 54
10870 19
2215 72
12469 37
6044 43
3551 23
17550 4
9552 78
15412 90
10967 52
5660 33
6203 25
6660 50
11939 67
17867 80
10489 19
8745 86
7246 61
16380 30
14124 55
15116 14
2855 57
18290 89
5302 42
11372 28
15865 27
14292 5
4987 40
267 31
5618 15
3960 88
13469 42
13717 92
8461 47
15731 23
13150 34
11228 100
7808 13
15602 74
11154 78
7327 43
11558 98
9772 32
13827 24
1254 57
13742 98
16613 41
12002 52
5359 28
1202 33
6261 66
173 38
6828 99
7586 27
1399 49
13155 92
7971 1
2366 77
1203 66
17161 90
14757 50
8119 58
2460 11
1577 89
7127 97
2958 87
947 12
9294 59
4964 57
13235 16
7346 68
7306 55
4137 48
5552 20
9897 59
4920 41
8968 83
1804 85
17124 41
7010 22
310 24
6929 22
14523 85
419 18
17901 75
10758 7
1329 96
4782 100
338 22
13333 60
7542 70
5286 82
2991 84
5886 10
11517 77
11684 78
8178 57
9570 25
8399 77
14164 98
1581 41
4321 4
10366 29
17784 85
1372 41
12253 12
14506 60
10236 72
6530 69
7164 46
3847 33
9696 49
11837 60
10594 32
11277 84
8017 7
853 94
589 60
6623 66
8151 65
1881 50
10727 97
11981 25
8305 71
5738 69
14311 79
690 30
629 20
10533 17
4040 56
7463 70
14953 18
13173 32
5777 34
2782 81
13213 24
15407 40
11499 18
5999 33
12133 63
10133 74
11711 47
10383 56
8932 38
13492 32
5821 88
15788 70
4196 98
13206 65
9982 66
3594 76
6543 70
8864 97
6419 55
5113 88
16770 97
14613 22
395 26
2084 35
7932 43
5625 64
6801 96
1755 89
10771 40
2686 62
11779 8
16330 64
13367 12
4539 51
9204 32
6241 62
18285 12
9896 74
13715 7
2562 62
14438 8
4900 22
1859 28
12318 71
14878 66
7479 75
13001 89
3864 57
9309 50
10856 91
13753 54
3600 30
13777 48
4848 10
3368 58
8338 2
9050 59
10196 6
12211 77
12036 24
7428 62
14983 44
119 49
10515 39
3024 78
8223 57
8287 100
7319 73
1364 34
13083 29
13682 59
4298 24
10623 95
6531 64
6482 78
10445 63
12366 39
3960 96
9782 74
3435 61
13881 86
9343 77
11833 62
6964 7
12958 65
827 85
3624 67
5396 30
10733 33
11216 68
12400 48
225 42
4035 38
13009 8
16358 94
17072 13
6424 25
17522 30
4973 13
8017 52
15960 93
9815 48
5419 53
9726 60
11670 55
13547 73
10324 78
4120 43
8428 26
6554 48
2694 84
13930 53
10996 44
12512 49
14003 68
13252 28
11562 34
10551 79
17315 29
8978 28
2591 72
2348 88
15879 40
474 27
1936 35
8858 68
1055 96
14122 78
8341 13
16047 23
7404 51
13815 94
1979 1
16282 58
3583 56
5527 44
6451 57
3963 13
11472 50
2920 18
12600 22
2779 72
10488 31
7510 84
12236 39
7696 53
17984 71
3369 79
4604 97
7018 80
1751 36
9492 93
304 8
16721 60
14776 1
17160 15
4708 37
12396 20
13922 96
5095 74
14401 83
17939 70
11806 74
418 15
14012 91
9214 99
10908 52
8915 95
4686 87
5708 1
10247 100
9723 84
18035 67
15157 55
2764 48
1021 86
3115 39
7544 17
14039 59
17058 2
12412 42
2694 53
630 97
18195 38
12854 18
6301 23
17604 63
14434 27
9230 49
7415 10
4447 81
10569 62
4915 94
2344 93
2482 27
1608 80
6116 42
13731 99
9284 9
2108 50
9400 51
6485 36
9199 87
6563 49
1500 89
8128 69
16890 77
18009 11
4905 60
9081 51
4352 100
7678 52
6923 7
3347 49
4031 3
6878 58
13467 65
4218 34
16489 75
1136 62
462 86
3777 4
13726 56
1207 81
8588 50
6485 95
8425 37
16172 68
4577 18
6559 67
6670 76
6785 64
11696 1
5918 66
4186 15
14935 42
3067 32
8674 71
18003 84
14250 24
12804 67
10802 85
16420 47
824 70
8464 82
2823 4
13954 98
949 34
1438 60
4135 67
1330 68
11418 40
2828 16
13580 13
5400 7
6513 91
5730 11
5042 97
5009 80
7891 11
14837 35
3892 30
8035 88
5162 41
9374 39
10327 91
11911 77
2720 74
3968 21
4317 63
10702 80
8822 7
10094 11
9732 94
15193 2
1237 10
12050 6
2428 35
6328 7
13897 92
2135 66
11637 12
1484 58
16888 30
10976 59
18382 69
1948 40
2376 32
1967 86
12159 66
7076 53
12782 25
2871 22
10001 28
11649 29
304 1
3226 55
5184 91
4391 44
10028 69
11508 35
8648 35
11507 30
13351 30
6126 56
4365 11
5089 20
6207 46
780 67
473 41
1767 5
5592 14
5167 92
6234 44
6848 42
14467 51
12099 16
7202 85
13931 42
4147 65
690 97
15909 22
8617 99
13246 39
15816 26
8310 89
9090 31
2730 48
741 52
2034 35
12480 40
4741 39
2454 30
18115 27
10867 13
9684 41
12484 18
10343 42
11371 34
16013 2
16587 6
2727 10
13433 16
13364 27
7596 4
12128 20
9551 2
12994 3
5308 70
17445 24
7219 53
6330 29
3059 54
7355 69
10320 46
3602 3
1030 79
8315 90
7557 79
5816 39
16102 15
9428 70
3732 5
8354 45
2726 87
13543 25
11148 57
4981 6
10216 66
3081 85
5688 98
4863 48
9801 10
3036 6
6094 84
15701 44
8720 45
13294 46
3952 4
13853 6
15028 25
5361 98
6526 26
10125 84
2779 13
2873 59
6178 2
17635 79
5651 94
2369 54
12779 8
1466 41
949 82
10606 29
13466 64
2900 30
7709 29
1067 35
8024 10
4170 43
6443 47
2683 83
4375 46
581 10
8205 19
2706 81
11524 2
3009 95
10067 43
10853 48
10483 95
2805 28
3137 65
18045 7
6027 100
10036 3
10697 48
16607 65
11030 31
2743 19
9806 69
14119 25
13338 66
15825 10
11922 7
9657 58
4771 87
9873 54
6089 100
17359 12
12790 100
9948 51
14980 61
3182 33
11848 100
10144 91
13511 21
48 4
13109 76
5162 58
6467 78
7395 98
4889 8
14001 90
3749 91
2057 96
2130 95
2800 12
6365 53
13550 2
252 10
11328 49
9248 50
3149 95
5276 21
8028 83
14054 93
3972 59
12966 68
15771 61
7404 60
17171 28
2503 76
17554 14
14643 24
10529 77
6451 28
1063 83
6584 57
830 26
928 100
12567 96
13602 79
4042 54
2377 57
9361 59
6287 22
29 96
17316 15
1536 53
631 99
7845 10
2836 34
9405 87
7183 36
11724 9
5480 58
4219 14
8136 61
11791 47
5602 11
4857 12
9269 85
4407 71
2610 65
6604 65
633 69
9828 45
2288 16
3394 58
12974 14
13053 79
4525 50
3712 21
2463 89
3385 90
2531 8
9645 19
12095 58
14370 19
15224 85
2980 85
5816 46
11404 42
3087 11
7678 96
9053 8
9114 58
5527 76
14918 73
1656 13
6666 54
13538 6
860 50
2605 4
13508 82
13247 15
5106 86
17300 11
7031 80
6008 66
7730 5
13547 32
14180 84
5053 48
15926 30
2882 72
6545 97
6407 8
18469 75
1670 51
17711 29
4182 72
6101 81
18615 35
10068 64
11380 38
4932 24
3913 61
9281 50
12615 59
10422 83
8798 71
6837 29
8787 95
6658 3
13330 24
5921 80
4014 54
1605 79
8462 18
14787 46
3410 97
16581 31
10015 99
7747 72
17902 8
9079 34
4 73
16112 15
13590 58
5210 10
9123 38
7996 7
17830 100
3170 99
9652 89
1595 66
7555 57
6646 4
15820 10
113 13
18322 7
5714 81
13971 38
9697 70
8055 1
4285 79
4062 5
11622 37
12279 63
10716 60
8783 38
15966 52
5606 46
6389 92
16008 55
3986 63
10074 85
15277 29
5044 87
440 100
6518 37
6251 60
9726 34
13705 15
8649 73
7307 49
3167 84
9819 84
6452 98
2676 15
10748 54
14184 56
6767 73
8322 86
8278 66
717 60
7197 28
15236 7
10409 92
1748 41
3179 37
11295 95
4533 4
138 61
8085 31
16897 28
5696 89
10898 89
6649 55
4079 27
3146 58
9040 61
7857 44
9584 77
14511 43
14167 35
10278 12
5560 90
2553 76
8659 36
16216 37
17118 89
3067 38
11840 38
6759 88
10150 70
3671 28
4833 32
8765 69
7392 98
18065 44
1050 1
14081 24
8270 34
16226 99
10487 17
7805 22
5930 28
1638 72
1482 2
11857 11
3126 93
9990 82
577 21
9735 62
9898 97
8438 81
5093 63
16893 87
2122 95
4504 73
3332 28
302 68
7061 74
5672 60
1816 35
6880 4
4575 53
5406 43
17206 99
13079 63
6711 76
11256 37
13432 68
14585 53
18490 76
15981 23
3811 80
256 38
13231 31
10770 29
6818 39
3860 27
5057 70
6256 71
1481 88
6510 88
8576 5
15932 85
12731 45
1822 88
2655 22
2726 68
525 43
8550 37
10752 35
163 35
9992 39
12860 21
2116 39
6820 15
6923 30
4076 66
9379 21
8445 63
3334 82
4827 2
14114 73
1230 24
14368 31
15166 48
10776 93
13956 30
9594 47
5505 65
280 22
12089 54
7650 18
18616 4
9994 68
13024 38
4489 47
10625 19
11353 13
16995 100
5454 85
4416 35
8359 50
18053 59
3408 27
13282 56
5837 17
8704 96
15304 4
14843 86
4123 26
12472 34
16357 32
10256 37
6766 58
14093 35
17573 29
1101 38
10005 55
12909 65
8123 62
176 65
4515 93
8168 42
8283 20
7644 9
11072 74
9987 76
6616 12
2479 34
1112 95
13469 61
6191 74
10197 42
898 21
17861 80
2721 58
4187 76
16570 22
8858 91
2509 89
10700 12
10208 34
105 43
16939 20
7927 2
11063 14
5083 7
762 54
11631 78
1510 39
2644 5
8172 69
1034 17
3706 80
10173 99
13428 17
12642 83
6498 24
1467 15
671 40
8791 39
8890 41
11926 60
16880 15
12427 18
15457 28
2795 63
7738 40
2461 97
148 78
12538 87
9858 66
15047 18
11896 5
1729 33
8986 40
9136 27
1395 73
2167 4
9352 98
8715 19
1956 51
13177 74
3589 35
14541 67
9110 29
3249 2
7062 49
13819 26
7345 36
7426 28
8438 76
7354 21
7585 41
6069 20
12202 59
5101 8
1669 1
1375 87
11571 1
18298 55
13249 86
13081 20
6440 34
2893 94
149 83
8263 96
3098 60
9556 58
15460 51
12465 11
7598 42
4225 98
10862 46
11221 77
14294 44
7699 38
11134 2
12763 45
8920 40
3302 87
8300 80
12823 62
1789 51
2030 85
1388 41
6747 81
15228 42
3056 7
14165 22
12346 16
4341 50
3049 67
17244 68
11278 10
6030 9
16253 80
10614 97
12859 9
12865 2
11553 26
9033 84
17026 58
8148 45
11505 33
12124 1
3711 37
1368 96
10052 6
6882 79
14171 42
12666 99
17907 29
1819 40
386 53
2509 45
12309 85
10115 28
7662 35
638 53
14437 23
12266 90
8379 99
2238 78
4139 32
12962 62
4929 30
10484 23
15983 66
6708 21
10901 66
11657 72
5577 43
1195 21
8816 63
16954 87
9660 62
14950 34
13207 58
3345 11
11678 64
5379 54
73 20
44 13
2842 68
5671 86
10924 85
6309 54
9286 59
14119 15
9976 91
1192 59
2701 85
13370 49
1610 98
608 29
1222 2
7933 55
17906 62
9739 25
2403 58
237 18
5230 9
3377 25
8147 5
3568 61
6117 25
505 28
12033 36
7701 87
13877 64
18539 22
14579 86
8951 41
2533 60
11639 26
13539 36
7847 36
4084 63
15597 27
3521 62
5671 88
2928 71
14651 79
3535 72
14031 68
7167 95
1491 95
13420 41
12675 52
1850 49
5649 45
15298 47
1539 29
14309 66
8313 65
5248 25
12154 88
11584 61
6447 81
16344 91
4048 84
5201 60
15486 80
8834 66
2784 35
8928 89
10578 94
13823 14
3035 57
6522 2
3005 59
12271 98
16507 93
1830 85
3774 20
4236 76
3344 94
14107 53
4693 21
6236 70
11638 72
3712 40
11992 69
13291 73
3805 16
8210 79
11754 48
17863 34
5808 3
10730 1
1270 5
12858 80
2039 95
17196 68
2184 85
5371 44
3358 49
18553 19
213 90
12205 69
6771 37
10654 70
13398 30
4399 24
10595 21
10075 25
3553 31
7722 41
6165 55
18181 21
7792 62
4015 88
10118 86
12364 72
16472 29
3398 25
7684 89
15085 74
5682 15
8895 76
3611 21
15138 31
9542 80
3757 38
1195 78
12109 94
7483 58
8423 14
10007 77
9856 78
13672 73
10501 13
13743 45
10369 19
31 4
15777 75
1056 45
4982 61
9517 18
10219 63
7127 35
18133 61
907 98
13955 11
6713 49
4758 2
4559 3
91 78
1902 43
9471 62
8156 17
3795 16
12721 42
15544 82
2213 66
16539 85
18178 72
10268 94
6614 30
10300 50
15373 1
750 10
11852 15
7536 46
11944 63
16697 86
17456 94
1117 7
17392 91
13783 55
5272 32
1254 19
2781 99
5251 55
9918 85
9018 75
2257 98
16687 97
10879 61
5923 88
1261 87
5367 3
6693 94
2696 32
836 82
9380 3
8317 76
16156 57
10814 65
2226 6
882 53
10772 11
5399 80
6914 48
336 9
9589 17
4989 29
448 54
14466 30
5980 24
7189 1
13798 46
500 77
132 36
14991 26
1360 67
1865 36
10555 61
13965 55
6486 46
2287 50
16749 27
8640 46
10077 6
5198 2
7968 22
7884 10
5998 28
8493 36
7022 39
9159 33
3845 20
7213 27
6615 73
14421 30
9028 67
5556 93
11020 57
13639 95
9886 23
3155 94
8156 15
14103 35
8420 58
11576 74
843 26
3077 48
11899 43
16021 6
455 72
9902 55
4723 83
3719 34
2353 88
848 1
370 97
9808 46
5594 97
6023 40
7295 39
17621 61
251 2
13491 97
10143 75
8297 4
2059 29
9767 12
13084 63
9256 25
13645 46
18428 95
1665 13
12005 82
1824 83
8796 63
12960 68
1261 57
18229 82
17208 13
7308 49
10497 75
5292 24
7282 54
12191 66
10336 66
9976 41
4603 43
2164 86
1346 13
16558 22
16567 74
18158 35
2190 8
9946 62
16636 96
8680 59
2445 53
3570 85
7158 37
9451 49
5101 80
2137 53
11814 83
9899 93
1727 72
11693 84
11846 47
16658 31
4545 80
9049 82
7015 85
16107 64
10413 99
6956 17
6939 88
3608 94
9840 9
13864 44
15331 85
10845 69
9028 43
3764 76
11675 28
3251 1
919 58
9987 91
9185 22
4158 13
14041 57
1227 35
15617 37
4119 51
12826 47
11078 56
11564 26
15083 46
5266 30
3636 22
12532 61
6522 23
2806 46
11223 20
4050 81
4273 20
6650 23
8182 36
11936 46
7312 92
1857 11
5411 73
12831 17
15100 52
13679 25
11277 55
12659 100
4694 100
7840 4
4790 42
12266 11
2755 24
13854 16
1494 23
4704 88
10538 83
2255 100
2062 89
5670 76
4409 8
1948 3
2366 86
17278 64
97 100
3492 76
14280 8
4865 96
10013 29
5710 6
5011 80
26 99
12174 58
11323 72
10248 14
2216 85
10314 97
2818 61
2000 71
5831 76
5768 83
10289 25
15156 14
6783 88
9174 32
12115 83
13068 71
6524 87
11620 40
7276 65
14137 99
7437 69
9758 63
15791 51
2058 78
6437 29
7469 38
11057 5
291 4
12709 79
12695 56
7403 56
14329 1
11503 99
9299 50
628 8
5616 9
516 16
3789 79
3429 77
11069 20
2816 55
1672 17
16451 50
12732 63
9401 60
10975 57
16824 57
5179 89
13716 81
6659 35
11866 13
13357 19
9319 90
4169 80
11970 59
13273 88
13976 50
8952 62
4647 53
14632 22
9980 60
8831 84
4841 33
13562 31
14433 51
6173 71
4398 84
8217 81
17309 87
9527 26
12720 9
14781 51
18229 85
13678 15
9197 89
18318 57
10711 47
3175 76
981 90
677 36
12224 98
11337 95
7456 5
1540 95
10470 42
5370 42
350 54
16033 56
1631 34
10170 11
17021 56
2143 21
5152 89
10558 73
6758 14
981 23
2951 9
12518 5
12568 15
8685 70
13778 24
2064 47
1827 11
6574 59
7846 3
13147 47
1175 36
3563 81
8001 58
1636 8
9819 82
10490 88
3616 82
10797 32
6326 44
5813 61
3346 41
10241 53
16105 16
16436 32
17522 73
14513 45
8707 34
12665 13
3705 29
4699 39
6268 90
14323 8
969 79
12741 93
8378 2
643 1
18116 5
9550 68
14119 25
14130 56
13827 23
2733 60
12489 38
3418 6
1552 47
15528 25
2185 85
6080 70
6604 66
16255 74
14060 89
18304 65
1249 60
3743 97
13253 77
8657 90
4770 7
8991 37
12465 24
9653 59
4421 28
13078 79
3178 5
10162 38
7088 13
6875 86
10069 91
3028 45
10121 89
2059 67
11803 70
16736 6
6101 79
718 54
18555 88
12611 84
16954 56
9331 83
14383 100
12529 57
13829 92
12856 1
10171 15
14758 5
10789 14
10298 75
12817 50
7720 85
11493 97
11147 78
7440 45
1251 1
18006 19
8367 8
3992 83
12084 13
7987 49
12094 20
5343 84
13926 26
9059 89
12206 4
5480 18
377 22
8211 55
70 77
2246 64
10246 15
12033 72
1139 90
5261 78
15452 9
6010 27
16278 74
4706 11
1454 63
12501 7
5940 38
1582 30
7802 54
18045 50
12454 76
12239 33
2299 37
10475 13
12391 90
18206 69
9432 18
16418 41
5352 51
7978 60
5355 84
8121 63
375 53
13204 25
4652 99
4237 81
14603 98
8977 28
9667 56
7916 4
2354 99
5900 87
7161 66
8555 12
7203 72
5481 51
9984 70
17457 23
941 22
570 65
14998 51
2546 90
16302 23
6006 77
6790 74
1461 78
16436 38
15093 54
7174 52
445 60
8288 16
5678 87
8171 43
3492 21
4406 76
8345 96
15544 85
17723 11
55 64
11933 59
8595 6
18276 38
12455 17
17603 44
10505 88
7409 44
5775 23
12856 94
9396 74
1730 98
4099 11
15183 19
9332 50
1194 25
5237 92
2885 43
1259 9
3898 58
5097 14
8612 82
3583 99
365 26
2319 66
16681 14
8540 76
16666 26
3300 16
4494 54
12344 9
4446 44
7473 75
10368 17
11445 85
8391 16
5610 33
1450 16
13330 52
4138 36
11288 8
11568 44
8202 75
13622 17
7072 74
10596 73
1364 2
1799 16
1266 41
637 53
8002 17
188 21
2427 36
5267 77
8850 59
8081 11
4619 73
10077 4
88 74
1373 87
6592 65
12251 35
4113 49
2101 28
15673 47
548 47
10713 97
10551 93
4379 85
14593 55
10182 81
17456 19
2192 85
1976 61
2995 54
15055 83
8971 62
15290 53
18039 47
7792 70
5549 12
13405 11
9091 62
7730 48
11636 99
14555 52
7095 17
16969 68
6294 57
4105 41
6213 10
7412 62
7434 68
2753 95
7373 3
13384 32
15391 81
4808 44
10816 27
8652 10
15699 63
13649 61
7525 51
7235 70
10550 68
10512 18
2286 10
12637 80
11140 43
8591 77
4379 6
15909 11
11791 29
6181 67
17135 52
4460 2
9858 52
5746 62
12974 40
4781 68
5143 23
621 57
10854 38
11592 65
15362 15
5974 7
8107 19
768 71
4060 92
6020 52
9472 9
11900 22
6281 38
13312 86
5125 55
5577 83
9586 21
9992 6
7892 23
1054 45
17156 69
365 41
1482 50
2039 47
16687 66
11726 59
9740 15
7779 32
304 90
11418 51
6144 12
7350 67
1959 22
17865 68
9864 68
7863 87
4913 52
1980 58
8683 23
9403 45
9647 44
2681 67
1411 66
8657 100
6141 34
12656 63
18376 36
14812 8
8285 18
12697 65
4483 25
14460 28
5282 41
7172 23
10220 35
14301 71
9477 81
4718 74
3981 64
86 100
7027 28
14995 47
5724 65
6891 66
4228 26
6310 39
5797 23
5803 41
8702 39
2131 88
13701 29
1763 38
10968 57
10430 66
7432 63
12594 71
10296 24
12225 79
14277 50
11195 4
8174 57
10058 19
8029 33
5846 67
2174 78
6106 89
1687 29
279 58
9937 81
8231 48
10231 58
12933 24
14620 65
16283 91
9986 84
10932 87
7520 87
7275 85
13124 75
8291 85
10953 50
641 18
2450 36
13311 82
3224 60
4683 44
8872 90
7607 72
6305 27
11089 98
17908 41
10446 52
8549 17
203 41
3201 10
9364 78
248 80
9265 50
5061 57
3629 32
2844 26
11096 33
8331 41
10104 99
14372 46
12860 42
10506 36
11377 36
706 10
13688 6
6093 81
11512 97
11515 15
17800 18
2609 20
2056 62
12149 72
5544 13
2690 45
2904 93
17488 19
9794 41
733 33
12661 14
6474 58
7332 90
5967 72
1087 31
7545 99
12359 38
14517 21
9167 33
12437 21
3618 34
13122 10
13464 41
9490 69
8997 76
14485 5
1603 65
7659 81
1334 19
8864 16
8656 4
3538 73
1663 46
7618 45
17612 77
4641 57
7046 33
2990 18
5462 73
8325 52
7411 7
6449 71
793 68
5709 60
10958 6
1000 51
10701 44
6791 4
13335 66
7848 12
13630 90
9340 92
7395 2
14131 72
15099 83
9879 49
2270 85
13498 91
6281 44
3097 39
4836 19
14302 100
373 83
6248 20
14214 74
12390 92
17989 43
6436 99
15139 17
16420 77
5872 36
15528 35
4485 48
6519 78
16633 45
3319 52
16664 45
4266 28
9816 20
1564 46
3438 65
11996 31
7057 42
8865 14
12733 41
16511 22
13796 36
4593 82
11103 82
5817 79
171 63
10894 1
5202 58
13798 77
8158 60
3108 33
3510 88
10363 56
5882 29
12732 31
14929 92
14628 40
11110 86
13266 54
86 64
7407 62
15589 89
17215 45
3962 16
439 34
18432 11
2896 93
13382 79
4755 35
9265 81
253 76
8464 72
9788 75
15032 32
8762 48
14457 22
10562 36
16873 57
5769 40
4288 100
216 67
14044 81
3655 2
8454 94
10603 17
9300 82
2347 68
12368 70
18415 45
11769 16
1018 52
8912 39
17810 52
6686 97
7229 35
15668 42
5487 53
8155 18
4673 97
6110 40
13068 61
604 15
3278 87
17658 30
8804 52
8664 87
1753 80
12139 17
7390 10
3604 82
11595 41
10646 62
16332 79
6757 5
10727 41
182 15
15477 72
7857 70
3248 10
1486 79
13580 75
14823 29
8800 14
6194 42
6959 87
5643 48
14354 67
12679 63
4080 82
8675 27
17929 59
7870 97
14727 64
6116 37
2718 72
14997 67
7550 3
173 98
3159 25
10653 91
10956 38
12579 6
3090 43
3053 6
13315 36
5563 8
10022 73
13134 87
6506 99
15411 9
12867 5
2389 96
11235 35
10866 17
17477 13
11852 24
16318 27
12556 38
12573 67
5042 4
12188 67
14679 40
13471 98
4686 9
3909 49
6152 86
8661 38
472 55
6715 51
2494 79
2034 11
880 21
5380 34
9630 54
4128 31
18364 86
14564 11
13341 51
4379 43
8758 34
4672 28
11578 67
3324 22
4644 84
6869 43
6873 16
5679 74
1119 17
967 80
10377 43
10110 17
573 71
14482 78
4471 9
6795 14
18343 60
5325 2
1912 90
1417 9
4611 78
289 44
16644 96
3820 23
7938 34
854 100
53 61
8044 75
7051 98
13703 94
16588 13
3335 10
17031 29
10113 74
10212 93
9284 76
51 87
11592 1
7589 87
10120 68
2842 42
6834 6
8130 64
13717 13
13784 90
12778 26
5508 68
5942 59
11784 10
3463 29
6517 21
764 94
8790 9
3114 7
4173 29
16188 87
8557 70
14267 87
1065 47
1479 97
10435 24
11052 91
18183 18
4505 18
9088 91
15509 98
9547 86
7330 31
6483 65
11206 96
10301 65
4968 16
6405 98
17304 46
8144 76
13002 29
5572 32
1437 12
10244 39
3327 2
1569 76
18571 53
12238 72
405 16
10770 31
4717 18
13019 8
7347 53
4777 57
8890 96
9032 85
10535 100
7291 98
13628 93
4621 78
17424 59
9681 92
16530 47
358 99
9046 72
15739 99
12359 65
15289 42
3853 24
3424 69
8304 27
9754 43
5030 31
14288 58
5354 82
3681 21
6990 62
16178 52
12058 42
18043 86
11189 83
6078 16
10250 39
13661 51
17735 84
10556 72
6075 9
8405 93
7702 37
1707 67
12822 40
11553 86
12167 77
4099 89
1394 49
3957 94
9633 97
17387 15
15001 58
15377 91
8489 82
1900 23
450 89
5600 77
7712 62
828 70
273 70
6579 66
18275 71
11860 52
17562 53
2052 19
12666 87
15554 49
9242 14
2651 53
1410 29
13784 38
11550 60
4477 77
4932 78
9691 31
1498 89
6856 21
7195 65
12629 52
3004 20
6656 25
6521 56
17379 92
7166 45
1157 66
13891 29
12064 13
6903 25
243 75
13648 86
12472 30
11090 56
13624 79
17679 81
7406 76
6181 57
465 79
1534 69
11646 100
16532 69
11542 62
3275 50
14268 99
13900 100
14465 25
7479 45
7027 71
3816 79
16492 7
5350 66
6407 3
14040 20
1464 23
4600 16
5284 23
16349 13
12374 9
3155 53
4684 69
11046 78
4937 47
12447 79
10117 9
13550 6
7586 42
6544 29
14912 66
7091 74
1091 27
13952 19
1043 23
11960 50
8581 11
5691 29
5120 15
9164 98
1970 71
8681 73
5260 22
12641 34
3875 56
2015 40
5721 49
11558 30
7460 4
5765 26
1204 21
7502 31
6851 75
18218 95
4144 13
2959 40
10092 91
1172 38
13497 100
13931 34
15920 25
7064 66
7010 56
14466 76
7361 2
8624 79
7576 21
5902 84
2240 47
16328 30
9228 95
14230 100
2823 41
9328 82
8477 96
5212 26
4656 29
4494 64
324 11
6855 13
13188 5
5217 16
17790 47
3657 49
5716 5
9406 42
8757 77
12186 51
12812 19
11887 42
6591 41
11059 7
12466 47
1967 92
4725 57
6100 52
16012 64
3095 73
14853 79
1279 47
16615 66
7860 99
10017 98
6522 44
17857 34
7223 45
18534 61
16849 47
9792 1
12635 97
6038 59
9754 49
9424 4
10075 40
5143 80
6999 73
4025 86
4505 66
1210 79
5727 40
3503 93
13352 51
13596 58
6750 37
10529 77
8979 59
13456 34
8936 5
2930 53
2988 75
4251 68
4002 35
8795 52
2110 34
2830 32
2929 45
12902 74
7619 13
2288 97
15105 70
3549 68
10663 83
12617 83
12935 66
13017 39
1387 61
4216 81
12255 86
8755 25
5227 23
12583 21
8663 45
7575 59
399 46
14026 90
9514 24
2563 66
15294 36
12531 65
766 91
16237 62
7231 11
6296 8
12527 25
2875 2
4518 50
3859 25
18106 4
11872 65
3854 90
17441 73
16682 18
5189 38
17041 14
7581 23
2382 45
14742 26
4889 64
2346 92
17145 92
6033 13
6586 54
1724 18
11073 28
1283 12
7325 85
13463 30
1793 85
6338 50
1407 73
2126 16
8535 46
3516 66
2832 20
2366 67
4462 44
7327 94
4141 43
3225 54
17557 71
8902 92
15334 64
7771 68
3286 32
3443 40
1841 66
8984 97
8768 49
3143 27
6093 11
12180 79
11934 12
2835 87
5832 13
4938 74
805 97
10035 33
657 18
5574 49
1786 15
9846 81
1430 41
8490 66
10034 27
8423 89
16264 62
4372 65
15496 4
4551 98
6418 93
8190 42
15938 80
4825 62
2630 4
16830 83
14700 34
13108 17
7367 68
8812 47
3924 58
15916 64
7656 56
16591 49
17420 45
12834 73
2444 38
13839 6
5172 10
10087 48
10228 5
4868 38
1621 98
7773 27
4788 21
13182 79
13591 36
1623 40
11454 10
16771 7
156 66
16412 26
405 33
8876 33
11522 50
7167 27
3763 65
7008 32
9549 98
4298 29
17084 95
10968 60
4370 1
8838 68
13705 62
5145 67
5253 79
1308 74
3358 21
8125 12
12021 77
12696 39
7028 56
5011 72
123 98
1505 41
12824 51
5218 68
1462 31
3690 9
10410 54
14241 44
12746 73
2228 40
5694 10
2859 19
348 46
7834 60
16535 15
12931 49
13463 79
739 52
17447 7
12660 40
555 56
988 55
12744 14
6876 75
10385 82
547 82
12518 32
12180 14
11432 89
3805 1
6739 37
11585 8
13259 64
9569 90
6034 13
3390 96
592 48
3907 6
140 5
10928 48
7794 53
12169 26
1654 52
8561 77
3768 50
201 79
8969 10
10382 81
3684 53
5314 83
1608 81
8105 11
8997 21
3990 94
18589 10
2423 3
8926 75
8599 1
8557 93
10922 44
9869 54
17750 78
4192 55
4105 20
7085 27
581 62
4378 46
1179 11
17076 73
8695 22
16805 84
9056 36
6837 50
10019 11
3412 75
4944 66
13358 100
8941 90
7169 19
10905 60
15531 77
52 29
2184 76
17589 10
1530 44
13845 32
10057 100
6666 94
3062 93
6366 24
5106 79
4897 52
16028 1
7708 3
915 42
6768 31
6497 3
1998 90
6969 31
12912 9
12322 48
17023 66
14643 100
4151 46
15786 92
17640 11
24 44
10431 62
13239 11
8812 12
2239 29
18616 16767
