4250
2205 56
3234 93
1253 93
3975 50
3509 55
1777 33
3606 2
3482 98
1487 71
1175 93
1933 9
1866 4
1598 2
87 76
1778 69
1479 65
123 43
4134 42
2650 27
4044 57
1466 45
3828 38
3633 15
2052 54
3875 39
1710 49
65 11
2400 48
1623 26
3549 49
3660 18
742 68
3628 66
3379 47
2159 26
3502 52
1941 85
418 66
2542 78
3593 25
849 26
1756 41
2199 85
4303 29
728 47
1555 60
3188 29
1460 61
1174 96
343 88
2107 93
1666 65
2511 66
1170 27
1334 92
4240 51
3966 1
1691 74
3061 60
1892 55
3208 2
2191 98
1735 76
992 82
3068 98
90 94
4162 10
3097 18
4380 5
3174 18
1751 1
3277 4
3707 56
2851 66
2846 99
3496 70
2443 55
1359 97
1411 4
1246 69
3971 96
1628 43
2314 94
1662 73
2219 10
1144 84
1541 56
156 88
2597 42
4551 22
2486 11
3065 15
3159 21
654 47
4715 36
2901 60
426 32
3527 28
4091 71
4195 84
2391 44
4600 52
3223 13
2558 3
1707 100
1985 59
2606 8
2436 60
4246 13
4375 11
342 29
1720 22
1715 13
3035 26
3562 45
3500 77
346 27
1765 61
591 5
3094 21
4339 61
1816 43
536 45
3261 14
2442 95
3241 8
1030 90
2048 23
1476 29
2388 95
268 87
615 71
3576 40
1094 73
2372 72
2954 75
2879 14
3603 92
2058 82
1579 13
1450 58
140 72
984 93
2619 31
308 33
1802 9
3251 14
426 54
3226 19
3589 27
2441 25
3492 95
2107 38
2437 4
897 56
2011 62
4214 18
2952 82
226 86
1283 41
2088 64
2450 90
3367 50
2906 46
3183 56
1752 79
840 85
4487 51
4299 70
846 25
4315 11
3915 63
1021 12
3689 70
2851 30
94 23
3112 23
2089 12
1322 22
1719 99
105 33
4284 1
2382 79
802 69
819 6
2320 53
1035 62
1038 50
4708 4
4437 48
196 53
219 72
3306 65
1176 94
3293 2
154 97
4084 29
2971 45
3155 76
4294 15
4534 61
2894 34
144 34
437 89
2306 45
4211 12
2565 94
2647 17
790 71
1134 40
606 67
4656 56
2744 6
22 15
4021 84
4382 51
2853 11
609 59
256 59
3907 82
2699 16
4381 38
1723 34
2054 20
300 44
4693 33
562 69
2910 92
2226 20
4386 63
1845 86
2050 3
659 90
3584 8
2121 40
3250 60
3157 80
2549 18
3671 57
2047 6
1085 45
2749 11
693 35
294 53
742 85
2665 57
3346 7
3526 66
4015 87
3368 37
404 25
3228 18
3881 98
3053 64
2001 57
1669 3
4624 94
1350 21
3653 30
957 52
131 38
2395 45
1438 74
4350 31
355 49
2284 22
1014 99
3345 54
3618 86
2433 65
3491 37
2764 4
786 98
4171 31
3717 94
4483 35
80 6
2957 28
3965 60
3909 24
1951 82
4312 87
438 26
2916 63
2648 83
2566 59
1812 35
2264 31
1289 57
1655 53
4665 41
4147 79
3207 6
1013 84
4272 44
1409 68
1046 78
1597 36
285 69
4064 73
496 85
4007 3
838 4
948 41
2208 97
447 20
854 94
3199 29
516 17
3995 78
1518 79
3937 19
1579 58
740 57
2552 41
4693 8
3997 14
2840 70
3781 31
3449 23
2197 64
3769 42
1921 15
2264 59
4515 37
2068 23
334 56
4554 97
952 98
1587 23
512 21
1130 96
3644 47
1889 10
1797 44
371 64
2141 30
2660 48
3350 5
3181 79
2953 54
1253 45
4692 12
4553 90
197 65
212 16
1321 34
3360 93
2669 55
907 61
3608 53
3694 83
1471 24
3659 83
1362 43
1128 96
351 17
4148 22
726 19
4347 19
2227 84
4509 73
4111 44
1917 92
1106 27
1304 74
800 64
2262 34
2899 97
775 37
2032 10
214 82
2766 98
1862 81
4046 24
3815 66
3073 2
28 79
3323 54
292 43
3663 18
1419 80
3570 97
2959 68
1553 62
4216 19
2009 33
4017 40
2001 92
4695 25
1214 20
2306 84
2742 92
1315 64
2897 8
1798 71
2039 98
1250 65
3932 13
1630 1
573 87
1494 22
3762 77
1038 12
1206 52
1995 84
3537 66
2667 54
3471 49
3015 46
3131 27
4482 97
1370 99
2106 92
4099 44
3397 80
1645 59
1406 49
340 81
2557 97
1378 53
2648 93
3437 35
2835 26
268 94
3721 19
4016 71
4464 71
3945 10
2222 41
1244 97
3738 91
3605 31
4246 91
3753 58
392 99
2064 64
4051 76
3536 70
4246 14
880 71
1046 65
2244 39
3111 78
1137 11
2192 76
3089 20
1283 45
3839 74
2852 50
4141 96
376 86
1005 40
4214 1
2113 88
3420 96
2139 15
2678 79
3664 4
558 3
1790 5
3220 41
3202 35
3244 55
2658 85
1187 49
101 54
1331 22
2558 35
3504 56
2570 17
33 54
3108 82
3074 5
317 50
791 61
2087 85
3788 64
622 3
3153 31
2956 51
139 52
1127 69
2944 7
862 82
3948 9
4312 88
3387 62
1047 26
4475 35
4257 64
2534 67
2539 34
4 21
4238 63
1729 18
1093 49
1559 15
2211 16
3324 74
1749 47
3452 12
2056 73
2628 34
529 16
622 80
3925 42
3627 35
455 97
2433 36
22 57
204 60
739 83
540 33
3813 44
46 49
4518 50
2979 30
368 90
567 9
291 19
410 63
2341 53
1034 12
1505 38
1038 86
1674 69
2963 98
4114 44
2599 93
2403 44
3650 65
1236 2
4450 77
173 56
3513 63
603 53
1597 25
2914 77
1341 42
4127 80
240 25
674 24
4397 38
1821 49
370 56
3949 81
1533 15
2141 72
1290 86
1734 70
3401 68
980 98
2551 87
331 97
4131 69
574 35
2432 26
3436 22
3097 21
1239 37
3038 3
967 58
2823 57
428 51
3817 70
2372 98
745 32
3516 23
2952 21
3860 70
386 37
4606 77
1161 78
1519 2
1851 52
3213 9
2521 98
554 88
2270 21
2032 88
4391 91
3477 84
259 59
2728 56
801 15
3885 31
2817 22
4522 31
2489 47
1765 77
1869 70
2055 48
813 85
384 59
2854 29
926 59
2108 27
2448 45
347 53
1836 44
3479 69
1338 85
295 96
1015 52
3277 91
1942 66
4179 42
4118 39
2611 57
3952 94
2994 7
3822 59
2455 36
2504 41
4311 82
1563 95
2845 4
1575 80
4466 67
1739 13
2398 73
206 34
161 38
112 14
4464 56
596 30
3910 42
1789 77
2418 64
1821 67
28 14
828 11
4514 86
1577 3
2789 8
3433 17
1079 12
184 80
2578 61
2247 68
4229 76
3701 6
2255 58
1618 92
1341 34
3695 63
3579 54
1133 10
3665 65
3442 14
418 21
684 54
1161 74
812 49
1745 43
1312 17
1769 23
3734 7
2918 38
4617 4
226 86
3049 43
1430 96
2872 72
120 3
4579 18
2322 11
1171 36
1760 6
1412 57
4280 47
1533 38
2992 19
1013 53
1140 8
131 11
685 76
3958 93
2819 42
3244 70
1136 86
3137 91
2779 15
4291 5
3652 40
2046 59
3469 43
3937 95
1619 70
626 7
396 15
4088 59
2658 8
2470 41
2609 54
3423 95
1091 73
2032 48
616 99
4656 54
160 88
3167 88
134 91
4068 12
1792 98
4019 41
3277 79
2230 92
1963 37
3440 88
3547 30
1734 33
402 76
889 14
2541 65
2791 5
4140 78
1231 15
4374 21
4079 67
901 38
3216 32
3083 49
1803 7
1159 2
3344 9
4162 32
129 25
1143 58
3402 53
1585 11
3200 2
3122 54
1502 21
1753 62
4673 99
1676 74
4471 32
642 7
3517 28
4112 16
3781 21
1056 54
2790 5
3367 61
161 72
3045 3
2803 77
3817 76
1912 89
958 74
4401 2
4126 10
1283 100
1335 66
1900 34
2508 16
2007 48
111 55
2987 29
2307 44
373 15
2222 4
2500 56
1105 52
3771 16
334 81
360 60
455 94
1386 69
895 42
2477 94
3879 18
398 85
1595 63
599 76
635 47
834 71
4046 10
4720 90
984 74
710 33
1725 80
1343 50
3451 26
2739 78
2590 48
901 3
2879 54
1719 5
514 33
4564 87
2679 62
2413 32
2057 85
979 49
952 15
247 85
2760 89
144 40
3906 86
358 76
393 58
3824 14
898 73
10 19
456 91
1347 54
4620 61
1988 33
4155 53
615 98
1214 61
1521 52
3523 69
2300 17
3385 38
2444 51
1587 18
2946 34
288 69
3197 80
3776 24
316 64
3943 65
1556 83
2815 10
302 92
2236 54
3365 57
229 73
1385 30
728 62
408 98
3113 38
1313 64
1028 56
1717 48
3887 56
3953 93
495 76
3503 97
4175 80
345 7
3158 76
1316 65
661 56
3713 87
818 18
2880 54
683 24
171 59
4405 60
240 22
1730 72
2432 43
161 15
1490 32
3679 87
3276 81
2686 1
4097 11
4354 37
3635 79
732 51
2397 62
4715 18
4390 68
3555 27
3476 78
2450 26
62 35
675 51
3762 52
1669 87
1064 4
2928 43
3640 40
3833 2
3514 26
4290 19
3987 71
45 26
1449 95
3434 80
3028 97
1544 67
1638 20
2129 98
29 60
1639 72
1751 28
2223 4
335 40
1601 70
3907 9
2776 32
615 8
62 19
1729 3
495 62
4 35
3091 15
2784 67
494 26
3693 68
1821 27
2467 26
4254 99
735 1
2965 89
2874 92
2277 80
3515 70
2032 69
3648 77
3011 31
977 87
130 87
311 43
3910 13
859 29
611 6
3616 30
2262 28
1625 90
3584 43
1751 66
2477 1
1351 64
3388 76
3822 60
943 58
2752 26
57 29
4115 98
2206 93
1329 3
3242 63
2756 95
3247 3
876 81
3670 12
4457 16
3321 86
1405 3
1380 12
1097 53
803 31
3917 60
4657 23
3369 44
1759 76
1097 89
2317 80
722 33
3071 20
1478 23
1501 44
3992 45
2727 2
2580 7
444 77
3029 48
949 22
2405 8
293 15
3320 50
1144 92
1630 28
1655 43
929 82
2940 91
1384 3
257 51
4704 18
4309 7
4520 3
449 35
477 60
1749 15
1265 62
1878 51
3728 40
4629 20
49 68
1558 66
957 99
2033 76
4361 50
2234 13
720 22
4573 100
1479 28
734 22
727 25
148 14
254 55
3823 42
1507 29
4294 52
2979 32
4434 67
4649 7
4525 19
724 35
4117 70
1895 34
290 65
3340 89
4136 66
497 76
4213 35
3550 27
8 63
1576 26
3694 96
4290 80
4440 57
553 76
3451 12
3784 67
1362 2
2789 58
1095 38
1101 71
3502 32
3819 33
364 47
1527 25
2703 60
1975 26
2608 76
1573 85
2919 84
3800 74
1921 95
599 30
4131 50
1237 17
2694 31
694 29
607 82
3108 39
4020 60
4221 38
4374 4
4021 18
2828 68
3666 91
1031 23
3366 58
322 93
529 51
1736 52
989 64
2801 44
3007 28
377 9
3523 31
187 43
3132 93
1337 3
1800 14
3071 92
176 13
4136 56
618 40
352 8
173 26
2227 18
1009 2
1139 57
905 7
3523 10
2988 33
3219 41
3995 27
3919 29
2137 81
3365 20
371 12
2518 90
549 59
1333 98
904 64
3315 50
1793 32
3121 66
1136 43
4446 7
2708 60
1442 16
4518 15
1942 54
4628 47
1016 73
4097 51
4506 70
4607 8
3549 97
799 9
2177 22
2384 41
1977 16
1723 92
1397 62
1386 20
2716 14
2100 42
3971 82
2684 29
4100 53
2824 7
3702 66
4720 6
4562 59
1310 84
4220 100
4404 42
2404 33
1430 9
2256 30
1355 78
3066 25
3642 32
3844 49
2107 35
3779 77
1908 24
1941 87
3811 98
2893 50
1641 50
130 58
3293 70
951 26
3439 67
3512 66
2444 22
177 95
3287 84
3632 24
1468 28
1635 82
3061 25
1224 5
3350 15
4501 56
4370 75
4062 27
1453 86
4239 88
2211 69
1818 60
3032 63
2155 47
4333 3
4525 5
2616 65
1611 46
3650 2
1625 24
2655 82
1764 8
4051 34
557 7
179 42
3367 25
3104 100
2412 99
3379 70
889 89
1702 68
3149 61
517 26
4227 39
1433 60
3731 49
4325 47
3611 22
357 79
1310 98
2301 77
4243 95
658 16
186 3
2641 70
2725 8
4549 100
3662 57
2879 46
1849 39
3323 75
1820 46
3375 81
1007 94
2463 99
4339 32
434 24
239 1
1008 44
3346 24
2902 48
2519 78
3145 26
927 87
716 53
3397 76
3472 62
3483 21
3530 80
1465 36
1707 26
654 37
3613 6
926 98
172 24
291 78
3749 43
1173 18
3390 15
3120 85
2164 32
174 29
807 14
2631 36
1283 66
4001 44
3310 31
1054 45
151 36
2647 24
4015 65
3242 49
2963 88
1242 32
1412 75
2992 45
3746 59
3370 58
4451 95
361 61
88 12
523 62
4120 27
215 16
559 86
4099 62
1266 87
3568 53
1257 7
1865 73
3192 89
2574 61
1229 97
3224 7
4296 76
2668 59
2996 57
2476 50
1024 33
1745 10
2690 15
211 48
3300 49
2267 39
2621 11
4186 71
1604 14
2668 60
1028 7
50 35
1134 37
471 62
4427 23
8 16
760 10
4335 87
3993 75
2460 30
3309 16
3487 17
3464 37
1198 79
3755 45
3890 34
4071 32
1600 49
4558 31
2384 29
3478 26
3848 16
1342 26
720 8
3795 43
4710 76
648 63
2430 68
3476 80
2445 61
2598 23
900 7
4055 45
2391 74
2291 86
2645 26
1127 7
2731 27
1172 88
1672 59
4705 19
1786 98
2781 3
1833 37
890 57
3539 98
1987 59
2013 2
2337 42
2985 79
324 69
4423 80
931 62
194 35
3426 44
3941 66
2097 26
1031 28
730 92
4248 66
555 79
3148 88
732 38
475 45
3551 74
1568 56
654 89
4575 15
266 78
2833 78
3250 88
2346 51
4088 45
238 79
3085 25
1885 33
1135 11
553 41
2766 87
3539 88
23 49
2017 5
936 61
4508 91
3815 100
4010 42
4597 45
986 100
2798 15
605 77
1297 71
267 44
4222 77
2121 19
3297 39
2688 85
1895 4
1454 82
4293 10
364 100
618 31
3475 65
2694 22
3428 67
2043 97
3245 67
700 73
4383 41
4529 56
988 100
3001 70
3412 21
2968 63
1995 20
395 32
1249 31
869 96
2292 29
3320 29
2897 6
4182 79
2862 42
2638 83
4149 63
43 88
1761 42
2597 27
1211 84
4353 5
3383 69
1909 30
1544 38
3498 46
3531 36
2130 18
1198 32
313 36
4236 76
4109 59
3492 81
98 35
1591 19
2840 99
4197 54
627 71
2287 63
3662 84
4212 78
1250 54
2806 1
1298 50
3984 97
2688 68
308 27
2154 31
27 33
3461 82
3322 90
1193 17
1374 52
3840 89
1418 48
1221 11
2569 4
2598 20
1078 88
1990 56
2187 81
3182 37
4257 33
4361 39
649 22
2017 72
1647 59
4271 82
4521 88
4269 13
765 26
6 7
2197 34
1765 63
2011 13
2077 78
746 68
981 88
2183 52
4517 64
1561 16
4423 6
3774 82
503 73
1579 48
197 54
1276 72
44 35
81 54
3966 63
421 3
4550 29
2674 38
2930 96
1120 19
827 94
3515 51
3693 43
2982 63
2012 43
2566 74
2649 46
2224 49
3500 40
738 46
3154 58
2941 73
2977 100
1686 35
4612 90
4679 21
2397 20
1300 91
148 97
4020 86
3087 48
2773 80
879 82
2447 71
2415 34
3074 28
944 74
3322 80
1128 16
4461 71
4189 57
254 28
4179 78
4066 37
1074 72
4184 23
2784 55
2040 45
2306 77
4188 61
3414 72
2129 47
2225 95
2054 1
2812 84
3302 58
2403 75
3540 23
1165 14
4491 51
3539 2
2078 22
900 4
3359 8
1693 4
1187 95
367 50
4159 82
4658 30
589 96
3463 46
3825 4
3623 12
168 38
3277 74
849 98
1761 36
2698 83
2001 76
427 83
1808 94
2340 33
327 73
2441 83
4101 78
2385 5
2937 86
603 54
255 30
37 25
2254 82
3679 6
2352 89
2885 23
1932 27
3935 9
4318 36
672 79
2670 85
2169 93
4072 28
3447 85
2525 29
2569 10
1481 42
1210 80
4413 35
32 72
1005 26
1841 4
1305 49
1785 26
2959 5
4014 89
1734 1
4318 56
1207 96
742 6
2514 75
3583 50
833 22
3061 51
1921 40
3764 54
378 42
4458 7
1823 12
3604 74
4559 74
2932 4
2056 82
3907 16
4532 49
2356 25
590 63
1353 8
3888 70
1890 99
1875 74
4545 78
1675 51
3441 29
843 95
3946 89
4329 67
3845 74
3482 27
4181 13
2699 84
4540 79
3246 38
2169 26
226 74
737 70
1949 25
1674 3
3949 61
2271 13
4528 80
2262 11
412 35
1334 4
2213 9
3476 23
780 20
4507 19
3519 23
2677 70
1283 77
3255 89
907 84
1982 52
4450 1
1704 18
1904 24
1505 40
2992 19
56 11
3954 39
3975 86
1699 66
1127 44
3947 11
2673 46
1798 83
1259 1
2280 20
2656 15
3010 63
4153 22
958 26
3745 81
1178 82
2291 61
606 43
2948 7
2543 21
4392 8
3775 5
1771 53
4522 21
2767 64
878 8
2 47
2738 54
3534 48
255 58
1060 64
1898 49
2171 39
3380 78
469 24
2633 10
2648 42
1590 14
3785 91
941 39
2562 84
1012 61
3988 36
4243 47
848 3
3831 34
3917 58
121 31
4597 42
921 82
1507 6
3866 81
4124 62
1794 22
1834 92
4045 80
1821 51
2651 71
4426 66
1601 33
2790 45
2266 39
2633 28
3203 65
2985 85
491 31
689 58
2656 73
832 95
4449 84
2354 56
1367 9
3726 71
2119 65
758 25
1279 65
4217 77
24 36
1184 36
2159 47
125 31
624 8
875 46
1680 15
3971 23
546 100
2479 11
1943 81
2960 31
514 15
307 61
3559 15
1297 19
3004 91
3012 48
394 92
2212 90
247 70
358 72
2162 58
3792 41
36 8
2151 21
3547 45
1641 67
4050 66
403 26
1145 50
970 43
2256 80
1220 22
4590 77
1861 93
3403 17
584 67
3523 83
1316 94
4499 86
1824 46
2150 36
2500 30
409 2
2226 36
4560 90
2723 65
4458 88
1872 24
8 33
3155 80
682 51
2468 62
3036 53
3258 40
1358 22
25 82
1034 83
815 90
1315 82
2392 3
3252 16
2620 22
1786 35
2083 45
3220 53
1677 11
1989 87
2009 23
899 97
113 20
2432 41
4561 21
2028 38
2982 30
658 7
4700 75
2743 100
3815 60
1696 88
1426 77
613 80
447 94
3073 79
2741 45
591 30
2262 26
1003 78
3781 88
4111 76
2868 14
1477 16
4353 65
3770 1
958 12
1873 16
335 12
426 55
3098 85
72 20
4332 24
2392 89
2821 30
4240 10
4079 73
779 98
724 58
3170 90
4085 83
3519 72
4206 94
1437 30
1351 6
3667 5
1425 24
24 77
4519 20
1445 42
1646 57
2169 17
1503 66
1948 59
2847 59
4476 85
1720 7
2457 20
2765 35
3583 19
3495 15
1126 83
2728 31
4577 59
512 25
3887 72
4632 9
3085 54
686 89
844 8
3346 27
1188 60
3661 11
4328 46
296 13
3130 75
3512 27
3704 33
1422 78
2273 81
2827 67
909 60
410 8
1827 54
995 64
4129 84
2372 59
3332 55
1235 73
914 74
3516 58
366 97
3044 62
2968 86
4091 18
617 68
3227 2
4507 73
2577 52
3434 52
1267 9
1775 48
2085 32
1351 44
4514 64
1118 15
1179 45
1 93
2504 8
1832 35
3040 49
3123 83
1006 86
1220 72
3779 31
3871 29
3838 46
174 19
873 4
2367 12
3064 91
2581 78
1924 33
2751 80
2120 81
1755 27
3441 25
3883 64
356 44
4520 72
1657 8
3877 100
1749 22
235 10
4562 84
2331 18
812 60
1491 54
3253 64
960 46
892 33
1699 67
1614 76
2804 20
4240 26
2072 82
941 35
543 26
4689 57
17 53
318 97
4062 92
4486 74
645 31
2581 61
154 18
1667 81
4249 86
270 20
4566 73
894 89
3397 66
3635 39
4498 75
4285 31
857 39
2015 14
257 74
2755 69
1044 55
725 32
2916 37
2382 71
31 5
3780 51
47 15
1329 86
1319 79
2898 6
4500 18
48 60
1941 85
485 58
3627 77
936 13
2930 88
3849 29
2405 79
91 53
1174 32
4676 19
4514 13
1483 31
1405 34
3353 95
3190 72
70 24
652 62
2413 99
3613 57
127 42
2998 58
500 24
1285 27
78 5
128 70
838 51
161 40
1840 46
3037 34
2523 86
3601 56
2799 3
2035 35
2297 92
3892 5
4233 56
1921 46
857 37
3303 41
2717 41
338 75
1959 23
2684 11
1655 9
2747 72
3620 7
387 3
720 41
3903 24
1375 37
4147 89
3130 51
2602 24
1515 68
2787 54
2767 36
3446 1
4505 31
831 15
4034 6
347 99
1706 99
1740 12
330 82
3314 72
1498 86
4450 23
4387 27
1411 23
1431 69
3915 6
3570 1
879 17
2216 14
1269 16
2785 80
2960 92
3659 20
2745 28
2162 2
3241 83
2140 70
530 52
1198 81
2727 28
517 40
2141 44
2854 14
139 90
304 98
2985 49
3982 47
2409 14
3129 47
4305 71
1141 10
1868 82
4090 76
2701 35
4102 75
3348 18
1047 29
2770 89
3245 46
1493 38
4591 59
4308 91
4404 51
1166 90
852 100
2282 96
1818 12
2947 85
328 65
3436 2
150 2
3701 94
1522 69
1684 4
362 73
77 41
300 15
4656 61
4329 36
1644 100
3254 88
2042 35
2084 50
710 99
40 50
4015 57
3198 91
2061 15
2452 2
585 90
147 67
2018 36
1303 39
3835 84
3853 78
3061 47
4580 61
575 97
4728 94
35 57
4257 95
2073 81
3265 33
4014 30
1276 62
865 58
1888 64
2528 47
4557 19
2040 91
1144 53
3178 60
732 61
340 94
2196 50
663 78
1128 12
713 26
3683 19
3882 46
1472 23
621 57
4335 4
99 25
4643 23
4585 23
4348 69
2688 58
3113 2
3138 13
4279 84
3519 43
4466 94
2732 19
2519 43
3646 96
3447 47
2023 47
2027 55
4566 79
1486 36
2634 27
1455 98
4514 82
1134 54
3093 83
2360 70
8 20
1704 15
2199 93
993 24
3488 32
504 77
3945 91
718 86
656 72
2100 92
2976 24
3579 80
664 36
405 68
3132 72
435 7
1296 36
4543 37
3735 55
841 85
1086 33
400 68
223 62
2645 63
4410 93
614 41
2283 10
1681 20
267 38
3113 76
2540 55
1966 27
4298 75
3387 98
2189 90
2217 80
2130 4
4486 30
4005 39
3736 87
1335 89
1930 13
3392 84
730 20
492 75
3646 25
990 16
774 98
2382 15
108 88
1912 18
17 96
1044 68
881 18
1838 43
4116 55
3867 29
3846 58
3754 59
4118 49
2134 49
2779 13
2926 80
2593 16
2353 49
1573 13
4308 70
2443 17
4297 78
2670 4
2219 1
2681 33
2672 9
737 71
2601 50
1905 44
3488 57
2948 87
3719 11
179 45
3788 72
3512 59
664 50
2977 27
2010 74
1289 8
1935 82
3225 83
1504 12
2482 95
3242 82
453 36
1047 18
3515 7
175 12
3281 49
4458 94
2614 65
2274 67
4028 78
1778 55
4377 98
1496 94
2881 100
2314 46
2045 28
607 18
1905 92
3346 77
771 17
2637 32
1848 88
335 51
1610 47
1202 9
1696 50
3964 77
1259 62
2501 20
4029 11
3858 12
3160 45
3513 31
2445 78
3622 33
1779 45
3261 54
182 90
4163 8
858 73
408 67
1710 92
3096 85
2891 32
2555 48
3089 46
100 66
2457 38
3287 69
2105 89
1378 47
1418 32
4403 75
1011 15
3229 48
2023 95
2546 74
4185 50
664 51
2266 93
3685 80
4362 28
35 56
1909 15
412 83
1084 57
92 67
606 100
4077 27
2146 20
2290 81
3354 9
1193 37
3277 69
1086 2
3499 75
4273 81
3552 49
3138 84
767 32
836 34
2734 41
393 32
1921 26
685 85
169 63
2907 72
371 99
478 69
2069 30
1900 91
2900 27
2395 2
3548 65
1303 13
288 61
1437 89
4444 71
2155 38
837 63
2134 65
942 2
1503 80
4451 93
4569 94
3116 39
3921 58
3868 78
2290 25
3024 32
2851 97
3041 27
4561 25
4468 6
2053 74
2551 49
2872 25
4364 55
1463 18
4623 71
3830 39
3708 74
1082 70
953 6
3160 78
3804 38
1151 77
3440 28
2783 89
3514 38
391 52
1123 38
2819 90
690 48
3323 25
1387 29
3556 40
4285 77
4089 15
4555 41
562 62
2451 39
1268 20
2991 21
4306 74
2457 92
53 7
688 32
2282 71
2252 64
2482 63
1285 76
4350 75
377 54
2921 78
4126 25
3587 17
4107 51
1384 50
4508 39
2834 7
940 22
1768 64
2656 49
1262 73
2273 54
951 84
3403 70
2825 93
1173 12
300 95
3924 52
3841 58
4619 94
2959 17
2652 32
1918 93
2807 85
87 75
635 56
1192 51
2907 40
3672 65
3058 89
361 21
786 23
1524 61
402 61
2777 74
2637 53
920 59
3555 33
1468 80
1905 37
1250 11
4086 100
3548 99
696 69
4322 10
2307 55
4508 21
1565 22
4314 29
1484 44
1891 96
1360 42
1537 4
466 59
1432 15
666 63
582 72
4505 83
383 13
66 25
4238 6
482 74
3232 1
942 15
1252 74
2909 72
3416 25
3104 78
865 73
2835 5
2150 63
290 49
1070 47
1175 16
3761 71
1226 88
2605 38
2957 37
4164 42
201 1
649 33
680 3
163 40
192 74
1571 45
2499 18
4347 87
1792 81
2851 48
2756 63
2131 50
3153 6
1889 9
2224 43
1476 96
4473 84
595 61
3665 4
4604 26
2642 44
487 85
2415 60
377 28
579 41
925 10
2385 68
3254 8
3598 91
1703 20
1894 18
3925 90
4169 29
716 75
1720 63
1566 74
1712 66
1058 89
2466 10
1205 69
986 47
937 62
2230 59
1787 41
126 55
210 54
3205 93
1383 60
2657 34
4613 47
1953 17
4298 86
1624 19
893 68
4547 60
4344 99
1734 78
3049 87
3479 12
1540 17
3964 74
3930 92
3625 20
3733 16
3825 96
3925 72
2270 12
2786 31
291 11
4565 67
2398 18
2963 46
318 49
537 62
2851 20
2675 14
1455 61
1642 34
2631 67
1973 39
4201 15
1984 39
3982 85
1596 59
1219 85
1000 45
533 8
85 13
3509 74
3104 51
3456 21
4702 15
1714 86
646 7
659 82
1686 56
1527 84
1715 91
3235 48
1653 26
1256 15
628 59
741 6
3849 45
3355 96
75 45
1648 8
4181 14
4212 26
1007 60
504 61
4109 61
731 65
2847 97
3959 70
3569 91
1449 44
2266 21
1391 32
4560 93
4516 95
2627 88
3507 18
2443 40
2809 54
293 100
1538 88
2107 26
2174 52
3307 16
2282 93
4316 91
2663 8
3277 66
3209 26
1675 82
2357 79
865 53
3275 5
512 36
4326 8
4429 92
62 55
2079 64
4639 3
4645 29
4058 15
902 70
4531 47
3607 54
3152 40
120 43
475 56
1663 36
1585 75
847 79
1558 26
2996 23
3498 43
2746 95
2694 12
1186 80
4350 46
4570 43
1076 29
1396 35
4565 11
129 85
1936 2
1332 20
381 10
867 24
4646 11
2696 6
2004 78
1825 46
3519 33
3675 28
3216 80
3997 2
328 27
1749 82
2991 21
3026 87
3843 58
2795 50
3613 80
3459 100
4273 30
3003 12
1239 1
3196 82
3603 24
3178 97
3072 59
2788 81
4012 7
3934 30
713 76
1058 70
3118 26
2442 58
2349 36
2788 74
53 21
1934 99
4489 41
2018 46
300 40
2456 1
2562 9
4239 81
169 2
340 96
1322 86
359 30
530 79
289 67
3510 41
2870 91
182 83
438 52
1809 100
1904 19
2529 1
2118 5
3037 69
2924 53
2954 80
4507 99
607 21
3766 34
702 54
3317 93
1829 13
2678 99
2860 80
1694 13
3835 72
3521 24
801 59
1669 40
1730 95
2918 14
3728 74
489 37
399 91
3999 59
3341 53
2159 41
2467 47
2274 21
327 12
3045 14
3939 28
2844 26
3670 2
2146 19
2960 27
619 59
1038 78
2953 6
153 62
639 56
1493 46
4573 7
3125 91
2460 57
3564 7
4417 42
2582 19
971 93
4268 78
3484 21
2197 49
181 90
3758 58
1111 59
286 45
1028 14
2916 63
2669 10
3168 37
3725 13
3748 97
2883 14
835 51
4116 4
4655 39
4165 40
2348 33
3861 15
3941 41
1648 36
3573 100
445 100
4325 6
253 95
3617 65
2918 30
635 74
4226 98
1429 43
4692 76
1630 33
4201 100
2900 63
2749 83
4316 22
3665 36
3588 39
2976 51
2250 6
4056 29
2423 99
1655 99
2564 34
2266 57
688 27
579 36
919 40
3200 51
4648 7
3909 86
604 95
781 84
2041 17
297 47
1457 26
785 5
3575 84
1944 46
3146 70
3562 7
3964 23
3893 17
1942 9
1956 90
935 81
607 19
2886 19
2686 91
905 12
1655 75
1795 64
1982 3
3263 42
1449 3
195 72
2365 25
738 59
4178 58
3934 50
504 84
604 18
4720 55
1088 50
3078 98
4162 48
4234 28
1885 15
210 98
4414 46
4004 47
4486 65
1629 79
727 19
135 8
866 76
1463 46
4699 96
826 5
3875 80
3662 65
3956 27
4563 73
163 71
3062 50
1802 85
2970 26
2605 6
1462 24
763 67
1010 55
4055 64
566 23
2077 49
1931 22
4144 97
3995 79
2158 6
257 55
2600 60
3877 53
1672 97
2958 63
4614 49
518 9
4418 48
1549 26
2027 20
1209 13
1827 19
2854 98
4068 57
1130 80
3342 21
2815 53
1838 6
2611 12
1768 36
2840 23
70 16
31 5
2381 88
2667 93
4337 90
4635 4
159 4
3534 68
908 80
830 37
3585 92
1167 92
2785 69
1796 66
2192 36
3273 41
1651 94
4163 41
1543 100
4617 98
1783 45
1175 45
718 10
3950 72
3838 50
1277 42
1319 20
3908 35
702 37
2514 40
4004 83
4604 62
2932 66
1433 37
641 77
4361 58
3554 92
2660 8
2330 99
785 59
3976 55
3582 42
1015 23
47 87
4164 67
3694 17
815 43
3190 5
638 18
1162 36
4454 25
3279 32
3763 69
4580 88
2847 46
4260 85
4703 12
2671 42
3378 67
3687 60
1938 77
2815 39
2082 66
504 31
771 1
1759 38
1544 70
3492 18
377 47
622 70
4414 38
2024 45
4484 35
784 6
2006 98
583 5
1536 24
3965 2
4384 83
3142 72
3725 63
4212 37
7 82
3475 88
4323 62
1944 65
2771 85
1042 44
1606 41
2388 53
1616 18
886 15
3809 61
669 31
1574 42
3895 67
4628 52
3673 78
486 87
699 23
3390 50
3010 6
4079 6
3237 25
1535 11
1387 27
3508 2
241 57
1008 2
3573 2
3359 71
673 33
2111 48
1909 72
204 52
3878 11
2361 43
1565 85
2315 73
2858 73
1143 24
3726 97
1526 81
115 72
2035 33
1201 86
1830 82
1938 89
4081 31
3616 77
3470 32
2496 43
1106 77
1963 17
1879 70
2954 48
105 23
3736 87
4666 65
2360 75
1763 5
944 44
4582 35
1297 100
3027 13
2572 17
1362 29
1316 23
2996 16
3075 6
67 1
2933 81
2992 58
3411 80
281 81
107 87
3993 29
1565 59
2992 42
2909 1
362 70
4251 1
810 94
4443 61
2456 25
922 85
214 51
2242 81
3681 68
2939 17
1384 5
20 72
1140 23
1772 40
3243 59
2208 69
1703 79
3559 33
1291 27
3573 70
1094 66
231 38
2934 82
717 91
4634 28
360 61
3027 61
1089 33
673 30
1805 55
4062 95
4130 55
1972 14
2018 72
3590 76
3940 45
685 36
2185 44
4719 47
3663 36
3396 16
1373 33
2616 21
1642 79
3404 30
451 23
1106 72
4188 84
640 16
42 98
1040 73
2748 12
2124 96
2826 72
40 75
2929 11
666 71
413 45
2905 77
1446 97
149 67
3808 92
1150 63
4064 56
1029 26
4661 89
2475 98
1277 79
343 72
4463 13
3600 12
4250 17
2387 65
4305 32
4268 98
4689 44
117 17
2327 36
2821 57
399 42
498 82
2876 6
3498 80
2242 23
4634 26
3918 16
3025 87
4636 97
2764 2
3183 54
4012 38
1755 51
2523 56
2885 12
2021 88
34 91
955 54
3192 40
3116 97
3317 32
3787 12
243 57
1793 81
1835 36
1597 86
4303 96
1100 66
3038 27
622 24
1443 43
1040 42
737 54
3428 13
2849 69
251 10
3266 65
251 24
4535 31
1012 17
3446 58
1141 22
4351 30
4570 35
400 19
1328 29
1273 67
3482 90
316 28
3331 26
971 93
911 28
540 55
1024 17
2779 59
2396 38
2565 94
4164 76
2250 55
3210 43
3965 12
1563 75
3496 88
763 11
2745 81
278 63
1007 77
2953 41
4491 45
2413 78
2467 88
559 70
3188 17
2395 81
3881 28
4644 7
2339 38
1747 67
3398 95
3837 7
1880 88
2813 91
3554 69
1861 27
157 16
4573 29
4208 54
885 20
4619 6
1221 74
4559 92
279 28
2043 96
2470 43
2528 35
3056 93
2125 33
3360 74
2329 76
3540 4
2398 91
2397 57
2776 83
953 76
1471 50
1119 81
2181 20
1757 17
1226 31
2043 37
2031 50
3927 65
3193 41
285 76
4140 67
1362 14
2458 99
4090 78
4288 25
5 78
3986 40
985 71
2303 40
3453 5
3502 58
4719 51
4584 65
4155 3
1502 8
3174 97
3480 61
4552 76
737 80
3482 12
3600 88
3321 78
3173 45
4261 73
3599 99
1053 70
2718 2
3016 87
1949 70
2752 67
1924 73
4249 97
3553 75
686 62
4147 41
2284 75
3922 37
4696 12
4273 9
4399 14
2592 10
1365 39
2917 62
3111 7
3009 73
743 37
1307 49
2569 4
4710 76
2306 19
719 35
2375 16
538 96
2567 100
121 79
2383 89
4162 36
4089 24
4152 75
1883 81
306 10
457 37
1269 55
2090 14
422 93
4340 21
1479 89
4053 81
2518 44
3510 42
1468 47
4441 60
1229 2
778 81
2481 89
4447 36
3849 3
1854 11
3817 52
1506 20
2331 46
4423 47
666 36
2354 19
1540 50
169 22
1926 75
1731 82
3136 55
2515 54
2420 55
143 36
2226 39
1121 16
2583 40
2661 44
303 10
102 65
1319 47
1593 6
2025 77
1737 5
3561 36
2753 83
4627 64
4519 31
1153 2
2483 9
1146 88
836 90
351 62
2486 11
1326 18
1792 55
2139 39
125 91
1857 74
4525 37
1114 41
1982 19
1979 60
2967 84
4671 29
92 83
4515 15
855 22
995 98
1763 14
1126 25
1594 14
2910 100
4535 80
1503 52
1772 15
2159 76
2123 78
4209 28
427 69
778 81
4370 18
247 71
1993 53
2996 73
1089 71
3088 16
2382 20
3807 57
3349 51
4358 76
2919 20
1865 33
270 16
4338 44
778 90
1671 5
2530 38
2487 4
2343 65
1892 15
3865 72
3715 26
623 70
316 46
1392 79
2552 37
4522 10
171 81
3145 85
2351 75
792 32
1011 58
4560 35
275 16
2356 64
2023 63
4546 68
2787 52
2510 72
2152 81
3653 3
4642 16
4448 99
1786 60
1350 73
1859 46
3284 29
1964 3
641 65
3456 33
2744 33
55 62
737 46
1968 14
2049 55
1895 7
746 97
4233 17
2922 10
3396 85
4575 32
3973 36
2914 67
3350 45
4428 84
1847 35
1846 39
756 64
4054 24
2167 55
4717 57
925 87
630 100
1197 35
778 50
676 44
2357 11
2921 54
736 76
697 96
4689 81
2037 67
10 32
1569 60
880 85
1091 75
2760 72
1363 82
922 48
3763 91
1910 45
551 3
2277 60
1641 59
159 74
2717 7
3505 74
4084 93
2925 75
3660 82
1417 45
778 99
241 71
986 35
3785 77
3816 92
1007 34
523 96
2618 61
4600 8
820 23
986 39
2774 16
815 32
4445 84
867 75
794 52
4446 43
2185 9
3043 56
1390 23
552 75
4233 5
2516 35
4467 28
622 45
4019 37
960 91
3514 60
2874 64
432 19
4596 51
2372 18
365 14
1433 24
1357 1
3251 54
826 96
1182 94
776 5
4347 75
383 1
3250 11
3757 4
780 89
4214 63
1205 28
4033 97
4250 91
3042 73
2294 3
4685 64
4507 2
231 70
1335 89
2738 29
2280 12
3294 5
3479 89
1767 93
3638 50
2068 50
863 3
2948 78
4342 15
1177 44
4610 14
2899 78
4147 99
2019 37
1288 58
3425 76
2488 53
1538 36
1169 31
1965 47
1349 61
278 48
4628 88
769 29
3367 34
243 34
2165 40
1151 90
629 77
2560 26
4726 17
2285 86
3582 73
383 71
4254 44
2251 62
1218 1
1934 95
4487 7
2040 27
2556 25
4260 79
3200 51
250 77
990 100
1152 25
2451 67
3885 38
3639 79
2251 5
3753 90
1266 41
206 49
2894 91
4251 69
2238 24
1914 62
1252 8
4118 27
350 34
1577 97
25 77
769 90
4416 21
4238 49
3728 59
1105 73
2069 61
4551 51
1945 93
3955 96
1956 43
214 18
401 69
2634 66
3386 23
3980 94
3287 51
3610 83
4144 62
2743 22
3979 12
4492 15
4427 5
341 18
454 81
916 93
2525 85
1124 2
4352 1
2851 81
1525 16
2785 85
450 7
2022 59
40 98
3351 2
4403 33
4480 21
3066 2
1515 26
2716 26
3569 49
587 21
2006 84
456 37
1070 68
1864 58
2553 64
1831 92
2208 48
3654 73
1666 97
560 82
2755 11
2912 47
1860 51
1765 89
2736 34
3332 31
37 2
1250 96
4713 39
2775 37
1533 89
1403 14
3613 28
2575 2
1169 75
4437 42
3361 89
4199 17
406 34
3022 89
710 66
3099 37
624 27
3977 27
3938 23
1975 44
2526 83
1496 70
1564 89
4401 77
83 73
2912 22
1841 40
3869 55
3721 13
4680 35
1092 48
3473 1
4613 58
4074 98
4404 58
3693 80
2718 1
1942 16
3557 45
2929 31
827 93
4367 17
4511 62
2933 18
3297 29
3477 94
30 27
2653 23
1807 33
3943 36
4666 74
2041 88
2798 33
770 63
3854 19
1803 68
209 100
840 20
1118 73
3492 34
951 18
4163 23
4095 5
4303 80
50 51
4183 58
3892 41
2028 81
3619 34
3669 48
2759 83
4710 67
3270 31
1490 6
1644 71
3303 38
257 53
3555 38
3292 97
3715 88
2625 44
3940 71
3954 17
3623 50
4456 88
333 62
2933 61
1881 17
1371 80
4563 16
3538 70
166 7
1271 100
2449 42
3127 31
950 38
2120 44
209 43
2955 72
2801 24
4053 15
1262 58
3268 56
3558 78
2521 81
1073 42
826 33
2077 24
2122 29
3522 99
1305 55
494 94
3739 47
1677 96
309 64
660 75
968 31
2007 75
280 58
400 17
703 28
3887 67
3736 71
3232 46
754 6
3965 63
1919 97
3535 62
4434 49
2085 8
2864 60
3414 78
1995 20
701 14
1259 71
3428 10
3559 19
764 35
849 46
3641 4
3344 65
2502 75
911 33
1839 87
3267 46
1437 51
3892 12
3476 54
3583 66
2438 63
610 41
4081 74
3309 80
268 80
283 69
2310 71
2042 69
1483 6
962 91
2105 56
3842 30
3364 54
3398 88
3457 26
1997 13
1746 33
3860 41
4344 65
406 5
748 55
3049 96
28 27
1264 49
1458 46
1682 79
1609 95
472 30
4615 1
3051 4
1978 63
1386 46
4148 97
4700 83
2560 46
896 53
2085 11
2008 71
2358 23
860 3
127 75
3640 21
2746 72
81 68
485 67
1445 60
1380 4
985 71
567 82
2165 3
798 90
3469 48
3405 50
1489 82
706 56
4528 58
3199 70
651 58
4270 96
3633 69
1998 52
3566 4
1411 30
4578 6
2734 5
2376 14
2908 8
2599 14
985 32
2401 1
1412 57
547 74
1086 27
1681 76
4622 15
3146 90
495 82
1863 32
1506 29
4557 89
2002 9
3303 10
2972 53
1342 7
4190 14
2232 85
1742 71
316 79
274 65
3166 49
2984 52
2901 53
4442 2
3944 24
1142 96
2594 66
1417 95
194 73
540 16
1522 47
964 36
828 36
49 45
860 65
369 97
2850 95
4355 4
2964 12
181 19
844 40
1234 35
179 43
2223 51
3449 97
4664 34
51 90
1100 65
4074 39
3489 4
2702 88
221 58
1181 84
3614 74
1125 54
2037 27
4186 93
2035 55
1603 62
4559 92
1822 24
1479 79
1722 20
2781 26
592 99
1384 75
758 73
4595 41
3605 66
1108 75
767 62
2558 46
3245 5
856 40
2211 62
986 22
269 81
1512 34
2033 89
3433 66
3617 62
2714 99
3250 74
4006 61
4079 43
3005 90
3346 58
1606 53
3149 22
3110 50
152 14
1187 39
4356 75
1140 20
332 50
1320 26
1057 29
1611 20
4727 80
4345 95
2250 30
1316 48
673 89
3018 16
1224 98
2503 47
3200 56
4275 24
3432 64
2205 68
4200 49
4107 33
5 17
3103 57
2189 12
940 39
126 91
2288 81
2254 71
3051 26
1184 7
845 6
3711 91
1440 92
2001 87
1861 47
1760 72
2420 8
98 89
2799 35
1916 20
1506 16
324 42
3443 28
3566 20
542 32
3323 72
1734 73
3314 87
2037 40
1493 32
2380 68
4259 61
3657 31
3334 24
2122 89
195 58
1450 3
2740 43
3389 6
3240 16
2685 5
1180 60
3375 68
2064 80
3110 95
965 3
2742 16
3140 34
4650 33
2858 84
1841 92
2241 40
503 39
512 74
428 34
4453 3
332 10
2747 29
332 85
179 34
601 3
86 20
916 19
3505 33
4462 6
3287 80
3808 59
2229 84
4659 49
537 95
2709 77
4073 29
758 34
4185 46
2099 93
1030 49
2144 4
534 51
1390 72
4496 72
353 35
1782 72
805 79
3614 4
3920 52
3654 50
198 2
3865 2
672 22
3308 27
3668 2
3075 90
4109 64
1262 12
3262 84
342 26
1977 92
1546 36
194 16
4585 50
1373 57
2202 63
2173 22
4714 99
3745 74
3627 40
1117 60
3540 19
1064 32
2185 71
1986 34
2963 71
2640 41
2012 96
616 37
2106 65
2339 27
4370 74
4108 20
1542 62
2383 85
1894 33
29 91
4550 65
4349 23
845 45
3216 79
97 46
3310 36
938 92
748 55
2065 61
525 55
734 76
2214 53
3282 65
1734 4
206 38
1292 94
1917 25
198 34
474 28
2485 46
2250 29
3155 56
1423 12
4390 53
361 50
2028 53
3152 71
2206 57
3096 46
4097 2
3014 35
2851 37
38 57
1079 28
1932 2
1495 4
1175 23
3920 3
3496 28
1886 24
1471 8
2382 24
437 17
1074 67
4470 47
1201 48
1541 20
1643 69
3474 87
2767 87
1957 29
1987 64
538 32
817 70
4112 28
2893 99
3913 11
3381 65
3033 80
579 100
3534 2
1205 93
3558 6
422 42
1361 73
4664 83
4379 19
1360 75
4522 29
1451 8
2584 81
3612 19
1637 31
1336 59
3422 82
3220 7
1316 17
1698 18
3603 83
3032 15
882 41
4020 81
492 34
2482 97
1535 48
1813 89
3917 5
4320 63
1212 44
3552 51
823 21
2772 85
3390 27
2151 59
2954 28
2844 89
3606 78
1017 69
1822 48
3878 25
3810 58
1172 15
234 66
2344 88
4287 55
2735 40
148 51
2511 1
3941 31
584 43
4548 2
4479 39
1804 40
2446 26
2634 20
4464 68
3075 59
678 71
206 14
3818 86
2173 34
2585 51
4285 3
1373 32
2052 31
2676 18
3171 43
2437 14
4398 47
502 21
3580 57
2846 69
4718 52
380 72
4353 15
4731 1891
