4378
9326 9
1998 7
4318 53
26345 50
24150 3
5917 91
15318 96
20094 60
6177 24
15108 47
8976 69
11905 70
316 11
18134 41
11642 91
26215 11
9625 82
4300 84
1052 51
2011 46
23760 79
1153 86
4154 84
2278 70
10236 56
17780 1
644 75
1840 26
6283 16
24970 73
18666 92
18809 18
5807 59
5001 64
3440 47
17183 25
16351 70
5534 38
5279 91
21981 41
21846 68
984 41
13316 99
9381 10
14995 50
20138 6
22703 84
17934 28
983 28
15725 2
7604 48
3792 32
5290 98
220 23
29358 86
27721 66
20055 73
21910 20
21047 28
20219 90
20075 75
13984 4
2161 31
9484 7
15674 58
8160 92
2432 87
25797 27
11354 30
24739 52
22542 96
10004 90
1318 26
1577 34
983 10
21002 54
1852 95
9682 31
2009 62
21341 76
22271 28
12362 56
12668 26
27366 90
7190 43
13147 10
30311 13
1316 42
12268 63
9412 11
21336 57
9656 10
23598 92
3242 19
2702 64
25063 79
10575 63
18451 95
608 23
27420 88
15623 59
23404 81
867 22
10595 77
18640 29
21764 14
1959 38
26094 49
2152 96
16270 39
18489 85
1428 7
20562 62
9379 9
19618 66
21325 74
11349 13
7998 53
14504 70
23223 66
3579 83
1616 49
11047 88
21141 88
2835 46
30440 65
1171 38
5962 78
11311 5
26467 66
5404 65
13666 93
19239 49
10553 86
21470 97
1034 96
404 93
29660 50
1205 67
20371 60
10070 27
20255 39
26384 94
5107 58
24847 20
5561 74
17510 98
18244 99
16037 92
1990 8
5806 8
13379 16
27076 39
27973 94
16101 32
25810 82
25690 34
18587 42
19340 53
7286 68
22297 40
6414 76
20263 1
25305 8
28665 9
11595 82
18112 34
7754 86
20659 14
1505 25
4193 66
15928 97
3398 7
18372 89
29085 11
30139 48
14966 48
16075 17
11784 4
1547 54
3144 80
28722 9
11707 99
6407 94
1160 21
15640 58
13265 81
11183 96
12611 35
5378 34
9452 25
2218 26
862 36
14422 81
23985 1
21185 87
1213 30
2785 61
6471 59
8034 40
5996 77
30290 43
26588 18
8478 26
9081 44
23741 31
13601 46
25131 81
19911 9
6937 52
24265 48
3811 49
3709 62
7106 46
23309 63
20547 47
24454 5
264 34
28459 12
13932 52
800 44
12125 73
30179 87
13094 46
10764 46
24698 53
13817 91
9304 30
8883 56
9531 39
18613 86
28306 60
30463 45
28783 88
4198 59
10115 26
4910 23
330 56
16090 23
20611 42
19523 43
26083 78
27624 76
8458 42
1686 37
3510 22
15335 37
24887 75
15358 45
27683 65
5684 51
21578 88
2813 12
10988 44
27567 22
13098 75
13461 73
27835 85
3390 74
14048 19
8987 44
8090 77
4682 79
13082 8
20652 66
24441 28
20285 41
16553 61
17829 51
26796 73
23562 48
20 69
10025 14
6762 7
10917 86
15298 12
21918 57
2383 57
11654 8
4899 95
6960 15
8666 79
3626 76
5256 27
27213 96
23280 46
29586 62
24567 38
11304 1
105 80
22723 6
10648 24
7990 37
23869 86
29508 12
21563 23
17843 40
28335 52
10659 65
7119 12
25630 80
1569 40
6640 15
20460 80
4025 67
29677 40
12352 93
7754 16
19722 55
4556 23
19756 44
27976 70
15965 38
25950 52
1120 79
18022 5
25152 14
21160 63
15052 23
20683 49
25093 66
24209 94
19909 28
23489 96
28739 27
356 98
10469 83
324 62
14165 48
2385 91
25815 50
10294 42
22490 50
3307 31
17868 63
3965 47
30515 93
28076 56
20986 25
18403 64
24072 81
27245 41
41 69
14053 16
9924 54
16878 13
17890 70
310 46
1061 25
25940 28
11931 6
23785 66
26476 89
15014 36
24966 59
27801 35
12162 90
28495 89
12396 71
2373 99
18129 21
23199 33
1561 28
5404 63
18967 82
28746 73
27871 16
11766 20
3800 72
17127 19
9490 98
30668 14
16857 69
5746 14
19338 84
30522 33
5541 88
715 37
4132 75
1045 55
267 77
9780 24
1106 58
7054 71
3486 72
26583 92
18757 7
15202 26
13876 50
19006 24
18201 36
11182 92
21863 75
19929 47
21162 87
20931 39
9240 47
25468 39
23656 51
25240 5
18407 97
28382 45
1753 77
11589 45
29115 70
22812 30
9410 43
30088 70
3136 79
13107 52
16467 5
24131 87
629 34
26761 83
4349 47
25595 24
26074 34
357 4
595 28
26459 35
7576 84
30066 13
27181 90
18352 81
1112 75
3648 15
20425 28
3434 19
3866 65
22979 55
8615 91
9377 53
21408 79
11474 98
29788 41
10126 14
9968 85
13737 26
8449 85
14605 57
19414 83
7784 34
962 52
28450 46
12640 41
16274 57
6671 21
19825 35
16736 44
25231 27
10686 59
20420 16
16110 83
5162 55
22246 30
1161 88
13539 35
1811 43
17078 34
14162 97
29790 76
1630 95
2524 76
11091 68
9027 14
19 27
23311 54
26087 31
23223 96
28508 24
7558 27
2315 12
21926 8
20393 12
10110 93
15842 89
12094 61
1696 78
1207 49
12079 34
12657 88
9877 70
19703 91
5086 1
13174 23
2470 27
2694 67
18812 91
2120 21
25490 15
12465 9
1738 55
1334 100
23693 18
8776 98
28141 70
26641 42
2991 95
18464 96
10129 54
18001 5
2418 26
14225 74
27842 67
27376 43
4663 61
26872 54
6593 18
15677 74
14529 31
1607 10
8310 32
1867 100
10423 52
6447 28
4840 8
21616 29
312 90
16973 97
15814 77
24519 48
3838 65
24315 69
21217 89
4782 42
3985 1
14378 65
9136 28
4937 95
25367 51
4303 100
27595 62
25340 95
18220 55
19554 47
11120 36
3317 94
29008 9
9569 13
4609 59
25760 9
16742 47
29643 72
149 90
21552 2
1078 12
934 26
27682 39
15133 44
17899 93
906 97
18601 54
23713 81
13462 79
21202 83
25353 45
24122 57
4777 31
22722 34
17370 29
22059 82
14716 25
19036 45
29141 12
27130 67
11211 48
331 81
19543 53
1284 19
14390 32
504 30
30178 15
28324 80
11200 11
4790 52
20123 18
26975 98
5201 45
16794 25
1757 77
16572 60
4916 63
29516 97
4451 46
24596 34
16282 60
20856 2
7794 89
18695 50
6421 19
20816 48
1453 9
8695 30
2589 99
18952 63
14576 14
21642 3
671 24
7000 33
5814 65
15404 26
29224 59
25597 11
21666 75
25739 49
19214 89
18488 12
523 46
22553 2
29768 52
18509 14
27175 90
1694 85
17474 81
9989 7
1864 62
2914 73
23370 60
24621 62
13403 32
1128 7
5653 24
12053 95
24681 89
10222 83
4154 36
9489 99
90 58
23533 73
14006 23
20476 69
4557 72
3039 69
27239 32
28848 54
1428 42
3988 96
12945 63
16783 6
4577 85
29085 20
1901 91
19710 64
3442 63
19921 12
1124 73
21476 59
14690 57
16331 13
29414 80
17455 47
5123 39
24937 34
15594 19
16207 52
2892 3
22862 38
18196 20
12474 19
18261 59
370 92
9089 97
29798 79
1245 91
27981 90
11313 46
3410 66
2005 7
272 51
13703 68
27645 65
28049 64
18219 71
20683 1
17645 100
2029 62
18375 15
7849 21
30506 95
10021 39
7821 87
12719 6
704 26
27821 88
8573 86
210 30
3905 42
1449 5
26457 69
27114 80
576 69
19744 38
26152 61
17457 50
9687 66
30500 85
8628 44
712 42
24354 39
10917 9
27148 60
26418 20
29889 6
9289 57
10755 24
17367 6
25946 56
14552 73
17839 20
20099 20
19989 45
28609 32
2282 42
740 72
24863 82
11670 45
9684 67
5391 31
27688 41
28300 67
17231 6
29692 31
28389 48
4348 73
7041 30
23557 71
16782 83
12260 70
10838 39
380 18
19296 54
3431 33
27644 18
6866 20
18716 59
3401 98
11109 97
29632 78
9094 26
16244 64
24777 39
28449 15
21991 88
646 9
8225 41
4549 66
25740 51
1536 89
6061 98
27873 49
25413 37
21864 71
7790 93
8330 5
3047 69
21032 22
21165 1
28222 31
25803 32
13917 46
18546 64
23387 12
30540 33
30537 21
18446 73
25509 82
5709 10
16337 26
7314 28
15300 6
13488 13
785 17
29269 58
9155 68
19424 84
28290 29
17778 3
18835 54
21064 85
25898 84
24648 18
15238 57
16857 75
26988 91
27128 88
27349 82
11913 95
4068 64
1258 57
15898 82
27854 3
20941 61
1370 94
13270 91
18471 22
30603 60
1922 21
5357 8
18836 90
4898 73
3785 100
14117 65
3608 41
2748 2
5012 91
20394 93
11582 13
13094 32
6686 57
21901 58
12178 85
613 43
10469 15
29760 13
5411 9
8665 10
22316 5
3612 27
27656 41
2416 88
27514 99
20187 29
30424 99
2422 48
2585 85
19998 60
25392 12
23917 54
29593 75
16872 82
4145 16
7802 84
21322 86
16674 75
25855 47
19944 2
7621 29
5653 85
14147 4
28579 74
1909 85
8435 9
16810 70
13502 97
23237 25
19022 28
10852 17
13806 100
22347 71
1439 54
6565 6
15884 40
1965 9
25536 94
24616 4
9367 90
28708 9
13682 49
11687 48
14383 27
5521 98
15833 34
22372 18
14619 50
871 68
29947 44
11940 22
25541 85
10792 12
23108 56
26414 36
2872 64
5764 86
22277 95
3536 72
17321 58
7974 37
12528 90
3802 55
7403 14
7059 30
3230 61
19617 67
27897 42
674 21
10 79
17918 59
10864 84
28842 91
13587 100
19661 57
22290 16
13996 2
7165 18
19566 50
598 19
22571 84
11760 61
8263 70
11153 68
4606 1
16248 71
592 1
11558 57
16574 76
25348 85
22853 79
5716 22
24394 90
23399 43
4039 29
3600 86
5446 74
7770 32
23099 58
5494 41
21911 54
26359 7
1434 15
25154 12
3305 37
22591 7
9696 79
18773 44
24617 84
12182 97
23694 7
14646 51
796 53
1858 65
12072 15
17550 53
28294 2
10480 5
28087 48
15531 29
8018 51
28718 29
10567 92
23551 6
17521 72
15602 12
14954 33
158 38
30115 52
30225 93
22452 90
30403 26
18928 9
7113 15
15421 76
21323 8
1571 37
27192 82
24098 10
24120 83
23369 22
3043 23
13572 10
3376 91
13622 12
23600 80
4231 94
3580 58
6400 45
14828 90
1766 3
24841 36
4993 28
27077 65
17176 94
1002 4
14297 51
2257 4
23555 6
11220 73
11755 87
3845 30
6730 63
4129 75
20699 32
25023 22
18214 30
17613 87
23958 99
30269 83
23250 58
9468 86
12618 82
1060 29
17168 53
19826 2
6122 11
18426 79
14757 97
10009 83
10924 2
21932 70
10969 80
383 19
16010 38
794 76
11256 21
15702 31
25284 20
12868 11
467 40
1778 44
28508 59
9334 38
14143 57
8398 46
9113 61
15385 100
17301 46
15880 13
21637 45
18319 88
16689 52
27872 59
11118 43
11161 98
13299 22
4412 92
29801 20
9697 16
24513 30
28455 78
1243 99
8048 42
12035 7
17742 69
430 29
3896 99
10533 57
30594 16
11889 45
27788 41
298 44
18745 54
11064 61
12706 65
978 69
10252 50
15208 79
28184 69
3786 11
1594 71
27693 81
26988 24
30333 67
17700 92
21237 66
21891 30
29932 49
12239 57
23538 26
4387 33
44 49
1381 81
10395 78
650 53
2195 62
5044 58
1596 33
20884 85
16353 39
25006 72
17441 53
10983 87
20245 41
27111 55
4798 72
29131 44
5444 46
25882 12
20874 19
780 1
17926 61
9381 91
26064 66
10006 36
8184 95
1305 56
28957 66
5409 41
13115 16
16490 78
8133 97
25858 85
14324 92
18708 39
1886 66
2566 95
29898 39
5107 47
5443 67
11612 70
13675 18
27418 64
3346 77
8343 56
20743 71
8254 83
5934 84
24624 54
16595 52
22329 74
24382 31
9730 17
18056 52
24712 56
17069 4
3020 82
8929 81
9165 72
3880 70
15795 31
23585 25
6733 46
20770 54
15549 13
5258 49
22898 20
12883 3
12631 84
28903 53
11594 38
26677 26
19920 6
3843 26
17159 39
12934 6
16604 40
3120 26
25469 26
27081 77
14354 95
7105 35
15784 30
7621 17
29293 52
11664 53
16675 99
17412 88
25295 8
9337 84
2225 79
30293 61
25209 85
7388 54
21688 73
16714 64
29589 3
17183 91
5569 45
699 50
5037 81
14890 96
1786 93
22593 26
7729 93
4586 83
22708 26
7612 81
16116 47
19919 82
27365 21
991 75
29871 79
862 92
6055 23
1629 92
9085 62
22622 51
3510 33
27413 89
14173 5
2559 80
15094 32
12260 32
22196 2
25262 42
18156 55
380 47
9416 97
14579 74
7488 44
4564 13
5190 64
19924 16
2113 83
1704 67
18877 20
17247 26
23393 71
5 53
3617 2
8996 28
11701 19
1678 27
20809 7
29880 70
9334 10
21064 93
15473 52
25651 50
19842 27
306 31
21688 86
195 97
2524 70
1301 65
11683 98
23255 66
2087 37
25336 39
11160 19
11076 39
20271 71
14560 54
22116 31
26916 6
22625 1
21672 30
15286 86
26786 70
14926 40
10863 63
24994 80
22895 39
25388 24
25366 24
18719 89
23872 33
25429 69
726 34
137 8
11854 2
18374 28
28519 22
17951 9
21973 43
1185 14
1850 55
14982 6
29333 96
28587 46
30463 61
9029 7
3924 5
19151 26
4383 13
15687 26
2394 13
24217 85
25475 78
8028 11
1779 83
9404 44
24172 29
11447 73
1538 7
653 57
23258 10
6001 27
18983 30
4997 90
14613 17
29445 100
21487 80
962 68
3879 82
22227 20
18085 79
664 70
26463 82
4254 77
22314 79
5304 94
3791 12
26381 83
6754 80
28511 27
29647 16
27693 79
27574 65
16938 93
5241 63
24557 32
25491 53
2538 15
1340 25
8865 21
24040 5
17173 84
22280 82
14208 69
4268 55
13381 20
1654 25
22310 51
12886 66
18615 64
22945 56
4626 78
12388 16
734 93
18167 10
809 11
30165 15
20108 41
15274 80
4658 54
16814 52
23583 8
579 5
18008 36
3448 7
27218 100
2248 14
10411 64
960 45
6424 66
12268 70
13983 85
1687 60
7174 95
2272 46
25739 9
17936 26
1237 48
7210 27
12331 30
26308 71
7652 47
4118 63
17182 60
14417 10
21683 87
26418 84
9577 56
999 20
13417 100
20176 33
2052 44
14969 94
28751 20
1432 39
28423 92
11233 2
1636 63
8626 13
25813 11
11452 45
16774 60
24560 4
7153 72
17723 76
17567 26
24994 68
6610 33
16273 71
1142 52
29552 37
16724 92
20088 8
19081 65
13253 80
30006 60
17324 42
6010 8
20814 67
19101 48
22125 95
7566 65
22911 60
19344 57
530 29
19248 63
5902 26
18810 28
17456 25
25964 20
118 58
16299 25
25543 56
12917 77
13941 48
17879 6
10005 45
13344 95
4751 24
4757 68
4721 4
29286 90
17801 25
3553 40
1714 18
21990 18
1518 93
29595 88
30645 3
4704 61
20109 39
1542 68
13019 55
8507 14
11513 60
20553 18
13704 61
19457 90
8200 27
258 70
5030 43
18142 65
1620 100
9326 74
28191 27
23332 13
7357 73
26513 95
375 44
8649 40
3302 40
18965 30
5103 23
19943 73
2995 6
22803 29
27826 54
1851 23
2001 12
18827 39
14765 69
21671 69
26670 97
10978 51
1648 32
5809 43
23165 53
10591 98
25166 46
4610 67
12723 48
24749 32
6017 65
2535 38
21645 68
15964 11
20742 28
27347 85
15368 67
29792 100
18797 95
1243 80
487 94
929 84
22860 43
22072 90
1857 49
9769 64
7609 51
26057 10
704 92
16968 22
11987 100
11663 36
26482 51
19571 46
26169 42
5423 94
13131 75
12817 21
13713 56
1156 12
9553 84
9197 77
3331 53
21961 93
19552 12
200 71
20923 9
20674 19
1445 66
8067 60
25707 40
5269 51
25298 49
8777 45
14278 92
2714 55
6463 36
14435 31
30470 66
14543 61
24519 73
26897 63
15463 40
11350 83
21911 35
15864 19
22442 86
29685 65
18595 47
1439 27
9363 48
10901 61
5154 40
9713 49
29035 86
4547 8
3853 62
1744 6
30078 73
15410 98
2723 95
23611 67
22430 71
18487 73
24808 13
398 9
17567 86
10828 90
4897 69
4865 33
5593 33
1933 12
106 80
2343 8
1961 14
8254 16
1008 93
4786 88
2049 47
19011 99
27590 36
1883 37
25747 61
952 28
22372 77
2554 13
505 92
25878 38
1509 2
15282 85
400 37
7266 83
19572 89
24006 97
28744 94
22273 83
28007 15
1150 92
21782 90
13454 42
26132 31
341 94
22387 74
6468 73
17829 52
11720 84
30170 1
6278 25
25482 87
7647 52
19533 21
28506 57
11763 62
14928 26
27345 16
3817 51
2137 72
13127 80
15342 52
14080 91
14838 62
23250 58
833 3
8338 23
27719 36
5990 75
15272 67
14388 68
14737 65
26202 59
1660 15
26784 32
19290 23
28266 82
22802 24
30003 14
2284 45
8758 100
11321 93
25710 13
21974 31
29377 95
27137 28
650 17
24682 93
4595 82
27789 19
17307 13
64 48
17688 46
23688 24
11971 23
9393 24
18270 63
10142 21
14339 47
21341 76
15450 8
1790 65
8975 28
13990 25
12931 56
5599 61
17858 6
15410 28
13750 86
9 72
25242 82
17261 99
29104 82
4102 99
4919 69
23557 88
25752 82
17994 65
17120 9
5228 18
8562 78
24328 28
14590 46
22617 81
8877 55
24841 22
13214 43
24391 19
11414 52
3098 30
4595 70
10997 30
16354 88
24459 12
3794 20
5604 38
7209 82
12465 40
2869 22
29149 45
21093 9
20836 20
26809 9
13928 6
26487 76
18050 46
29728 32
16214 38
1698 31
3690 83
24527 76
6968 36
17422 4
30593 78
20048 39
27109 32
28486 40
1713 41
27858 74
19192 63
30139 59
28133 43
7588 21
23631 32
21823 23
4750 49
12990 11
18573 1
7818 18
9249 17
14392 23
26009 29
1977 7
17047 90
20176 12
25374 71
3785 41
13547 10
5737 89
2313 77
11297 76
12192 46
10374 47
1550 35
5382 66
11064 93
8915 22
20002 40
3620 76
19134 62
16797 56
2306 88
19979 2
21053 98
2645 78
4267 76
28592 6
11591 35
1553 88
2033 21
29928 61
1391 7
3083 2
20648 9
22768 49
26831 17
7200 22
2765 85
13032 21
131 19
18770 15
606 50
26708 33
22316 38
13382 64
9774 51
28569 87
12142 14
5575 81
24146 65
8838 95
27250 76
22849 13
696 43
8392 52
1653 45
18247 75
12618 30
17013 44
1287 10
16397 22
11550 62
6786 28
10716 38
1519 1
11337 39
2380 21
8526 21
6120 55
11959 21
24339 45
3721 81
7195 27
13462 56
3707 100
29262 60
23118 25
3288 69
28426 40
371 28
18026 52
13237 15
4012 41
25356 31
6909 54
16678 91
6450 25
30618 55
952 23
26475 48
16590 29
3804 98
22513 30
389 32
19096 14
9895 27
25890 46
12733 17
7181 65
2387 75
18792 75
4123 1
24203 20
1086 57
24069 35
26864 39
12758 63
11847 59
12767 41
2893 91
28310 47
15956 7
5118 49
10121 50
232 11
29132 55
11793 2
15807 80
8839 26
797 9
12010 86
7246 36
7675 70
12344 7
1278 18
28247 27
107 35
20752 36
10470 80
23106 62
21617 65
1584 98
30689 34
12346 67
15502 42
18144 58
7759 58
10412 96
9638 53
103 35
4663 72
13004 4
2431 82
29572 7
7618 10
21264 79
16709 83
5107 92
463 29
4531 78
26633 37
9775 44
45 13
324 49
19773 89
28234 30
15987 37
9427 92
30522 56
15959 79
4218 96
24346 39
13754 91
7408 58
10897 29
20562 42
17502 19
962 40
11321 68
15626 73
1339 22
1484 4
4760 31
21653 77
6916 1
20018 69
17143 50
3977 93
3128 20
1727 7
9539 27
7745 98
21751 96
9743 45
20111 31
26459 24
467 64
5714 38
15247 91
5690 86
10821 24
17341 55
6943 36
14724 34
807 1
17160 11
10426 75
29093 98
314 48
2033 84
5892 21
12107 100
2978 35
11191 67
2625 77
489 96
15973 42
17311 79
8923 37
30260 68
15600 35
18290 75
6112 5
1193 39
5265 55
2045 79
24961 20
4100 15
12029 86
13713 91
29589 1
29642 21
21708 3
30337 77
2068 58
8897 45
16377 62
3494 94
429 73
21874 28
15971 36
4318 81
11759 22
18606 56
25678 42
12168 39
4210 90
3078 95
20194 63
2314 12
7344 24
24658 97
30379 89
4940 60
230 18
9771 49
4632 48
4410 31
8244 12
23664 28
2044 64
6469 30
7618 33
11973 58
29200 9
11235 8
22169 9
5135 27
12142 62
23051 26
25717 69
1291 35
1816 79
971 39
58 26
4723 6
23151 46
30320 84
1149 98
1070 96
26556 3
5043 21
20405 9
26401 87
7339 95
26507 7
12131 6
9223 60
219 61
18181 3
14823 88
30175 50
15 20
20145 46
12632 77
123 7
15696 39
308 63
17902 10
18096 41
21704 73
17781 11
28807 97
10619 11
9880 53
28100 54
23845 5
21979 61
324 92
11694 55
25966 46
15264 67
25650 50
6363 79
6954 78
25571 98
21039 84
369 10
25289 61
24446 53
13289 61
28318 81
7643 74
17807 53
19062 32
8978 47
26006 68
16889 62
12748 40
13186 73
21843 7
13283 9
29510 84
11558 69
25873 72
23607 96
10278 87
19516 2
21489 80
7204 84
11277 49
17027 82
8888 61
17309 26
24452 12
3520 43
7760 67
28632 38
648 33
24125 83
600 24
480 95
28341 36
3397 64
863 89
29890 58
23153 23
9129 89
12732 59
15539 3
2756 12
28735 51
17417 22
5353 62
3625 62
11869 5
18771 94
22126 46
22271 88
15458 8
13276 57
11920 22
28170 2
25134 83
19338 87
28004 11
13555 46
10148 52
14438 90
25662 99
14531 4
15151 53
7453 50
21562 98
5228 54
26683 5
16770 26
27831 36
25409 70
7607 81
19722 53
22999 88
17272 67
1178 63
4431 70
25344 84
26799 63
9819 38
25742 12
6494 70
15973 52
9079 51
3112 90
5727 4
6780 14
512 57
14117 20
18997 41
1998 23
23495 27
2220 17
23127 58
28756 11
5512 33
12940 83
4096 63
20560 100
1214 38
8118 66
22190 75
22564 95
7803 81
11969 38
19109 95
5929 37
1491 20
1142 40
22378 11
1562 92
12894 72
15872 57
26185 55
10646 87
9914 55
11285 86
7375 44
17570 5
14086 85
1240 5
11088 17
6948 99
24423 74
28258 99
11106 6
17513 49
10887 50
25043 44
3680 4
3488 41
10257 49
1323 6
7144 47
27740 8
29494 63
3616 14
93 19
278 71
18731 54
1164 42
27494 24
10665 67
12200 59
7403 77
15981 10
9173 90
11115 65
8929 66
19234 37
16316 40
1715 1
29618 37
8693 25
8807 82
10182 83
2249 68
28831 19
6210 30
30572 84
4658 7
28826 19
30620 65
22385 5
8480 93
26020 73
4905 68
10534 19
25191 69
11328 72
15488 32
25569 13
26882 34
22581 26
22173 62
15224 72
2191 72
25357 57
112 4
22218 39
16334 1
27287 63
7947 2
5687 23
13094 60
1910 3
28871 93
27171 93
14112 45
847 22
3872 19
14711 63
27369 30
6126 91
406 41
22559 59
25300 24
7458 24
2010 16
3469 55
25302 40
16269 79
17573 37
11061 62
10505 95
5909 33
20532 29
13071 61
18474 58
21862 2
12918 53
3608 55
4635 46
1134 18
13773 91
21201 14
4705 34
21727 34
8579 39
7102 24
6311 28
1217 58
3138 91
28136 99
21305 88
9629 17
16025 52
12124 77
411 77
27554 88
9598 42
11690 29
1710 46
27524 18
21703 48
13415 12
992 14
24904 77
6576 6
13227 100
25342 68
22202 4
7512 17
30356 73
26888 76
25063 83
5956 91
27073 91
10405 72
29603 91
4059 44
29144 17
3230 71
13828 83
13031 78
20992 21
29281 70
758 79
12826 34
8807 13
21631 86
14949 69
14215 56
22205 84
1326 91
8549 19
26661 47
21688 95
217 37
12301 11
30288 15
6798 9
8266 49
26696 35
17480 89
30078 67
21462 8
3139 53
5807 34
18504 20
19761 37
27890 88
22287 45
25007 95
12870 6
18571 9
26194 92
25342 8
12193 50
14600 75
1881 39
13952 66
8949 94
12970 23
10532 17
5639 76
21910 60
4721 58
14847 65
8551 60
18176 54
15525 2
26964 91
1271 22
1870 1
19280 52
29315 12
12310 67
8644 84
19649 8
18255 5
7076 19
5957 37
4618 31
21087 100
8325 62
26845 51
3459 60
18880 94
24098 20
12857 86
16710 89
4449 3
12520 57
21546 33
15793 87
11670 98
14535 14
12071 23
12263 61
17814 50
28596 1
28104 44
78 66
13821 90
20519 61
24395 73
274 94
13131 14
2973 48
25106 91
11425 45
1139 3
20759 51
24098 68
29741 39
7436 15
9114 74
20390 40
7726 45
16499 99
16557 70
24938 17
13533 83
5031 79
5854 84
5985 84
1210 16
14364 25
19517 21
2335 34
11015 74
17961 67
21727 68
11360 64
13386 3
24458 48
6492 29
12159 96
19151 53
20958 71
11602 2
25600 33
29987 42
18730 44
5600 69
14599 43
25755 49
4693 45
8236 4
17886 92
21451 23
28074 67
18398 20
25715 36
29967 75
29017 66
11682 1
23511 42
28933 15
1031 72
7593 73
6848 29
29969 24
14072 63
9769 92
520 56
20952 98
10555 54
15832 15
16172 54
10694 33
22911 44
646 74
14030 34
12168 97
230 29
22336 36
1861 20
29842 43
19834 99
2941 6
27334 7
18330 3
13477 78
28917 16
8852 50
8987 60
21943 52
645 75
20686 55
11219 70
27748 66
14924 26
23369 94
16198 23
21315 70
225 18
11777 14
4665 86
5712 11
23258 53
5522 11
24375 94
5483 44
6215 22
10685 67
9487 22
14039 41
17014 35
18409 82
30036 27
10683 95
6860 22
7583 70
21212 75
14501 61
323 85
17165 46
8257 22
11266 38
17045 59
25989 19
7779 55
15527 80
28517 88
507 99
757 63
5707 68
8727 44
12170 49
28331 47
27146 7
19875 65
512 16
27746 41
4324 63
27654 24
19468 83
24312 47
15931 80
17601 1
27239 18
49 84
16985 11
17241 72
1465 47
3791 85
23784 63
24021 40
11551 35
3522 25
8056 11
2883 19
18748 15
29174 89
24573 73
18996 84
1557 31
22830 89
15183 89
14139 52
17891 82
8304 17
10152 79
13170 54
29573 35
4744 29
5928 45
6900 40
27899 90
9860 18
10836 62
2916 47
1534 77
20022 86
29331 34
14948 62
27170 24
21685 88
17584 44
23583 76
2057 6
19677 86
7004 3
6593 9
27443 5
4042 44
2472 52
6137 89
7894 58
19297 64
15759 14
3454 6
28749 95
8391 81
4714 81
27014 72
18835 18
21224 3
13178 19
2640 12
7115 77
1265 98
20066 88
924 75
22971 52
2262 86
21929 37
29998 82
587 69
15822 28
21308 52
29007 5
15115 33
1763 68
19179 34
29516 28
700 72
8481 77
11496 44
26101 27
17281 100
702 96
22603 42
14878 52
28166 42
10481 38
11664 51
3362 60
857 97
28354 13
12567 60
24411 34
10171 46
17281 99
15779 72
23211 100
5393 22
338 83
18140 43
10486 3
9573 64
9048 98
11213 48
23205 55
28005 7
1249 19
6502 40
23845 97
26339 77
3898 23
1292 90
359 39
11091 62
28806 14
1732 54
4701 88
15952 70
12844 72
15451 77
916 1
26647 18
26454 5
6977 28
1892 81
8203 23
27507 85
19289 84
1505 22
1839 48
12470 33
24938 92
19196 81
29359 79
7829 4
12706 78
5474 38
1624 68
74 39
12814 74
23693 14
24347 33
853 70
27939 48
30607 16
19854 63
17912 29
1080 12
11131 93
8298 68
30138 83
16906 61
20971 35
1823 83
1526 66
15670 35
3962 49
21499 43
17928 37
2755 40
6731 89
18262 40
117 36
149 72
4225 57
18794 97
2244 8
2043 72
24261 51
11555 40
21070 9
34 71
14019 33
21139 5
26291 90
12447 24
5549 66
24945 71
29781 1
19433 66
23222 67
5013 14
27866 56
477 93
28056 46
3965 39
13230 36
8761 42
29968 79
21195 63
23679 82
20257 70
7516 2
11461 28
464 13
16285 91
28356 50
18644 86
822 50
4632 42
13326 37
18694 32
7212 28
12002 47
28936 21
28812 40
25235 40
15023 81
26881 13
24124 75
11483 74
6423 47
13648 90
22288 66
20685 58
1829 76
27597 39
8356 86
18929 40
5511 24
21843 97
27580 54
41 68
11187 28
13380 76
20157 23
28114 99
465 38
6917 68
20527 31
20217 56
29497 50
21117 92
321 31
16165 76
10639 7
20634 99
10309 35
24629 87
16020 56
16076 98
832 10
24780 76
26368 35
4232 91
27163 3
6865 37
1281 62
10695 1
469 41
16878 17
8802 41
5509 81
11789 4
8723 24
29626 45
19522 11
1148 86
28144 46
19008 84
2692 31
1739 30
7550 68
3743 42
14163 29
15637 13
23671 85
7016 1
23227 97
10494 68
2265 55
12173 11
9293 11
12171 28
16743 20
28902 63
415 53
3062 14
1064 29
1729 91
17608 36
8732 67
23782 23
5129 5
23269 91
26879 53
9136 96
14965 5
4758 23
25924 95
19289 90
3164 89
29313 48
13237 5
16374 45
1929 81
8142 74
9153 2
21860 40
28589 99
21674 69
25079 37
17856 80
16602 85
26309 62
12943 1
16365 97
12808 78
24019 4
15329 45
1553 19
18324 84
6671 96
24812 80
7192 98
30140 9
2739 69
11216 21
1584 82
21284 9
29825 45
18516 44
5963 20
23380 21
18493 6
3681 56
20385 63
16695 12
2352 9
7301 39
19243 36
20894 21
17319 50
625 89
16425 87
26043 38
4978 43
908 13
3484 19
26023 12
14950 60
14621 50
22989 38
23260 44
18140 86
15732 12
16580 34
4795 63
18991 41
17858 81
4818 25
20743 3
8001 92
17644 12
8968 67
4712 41
16631 77
28157 97
9661 47
24298 97
12473 26
20129 47
7948 21
11387 33
27891 93
444 88
24916 42
20849 10
30614 24
16784 69
7094 47
1793 77
27799 86
745 12
171 38
986 59
10351 93
1797 79
19499 36
30279 62
1707 86
17940 56
21206 58
1887 25
24 32
12877 28
2016 87
19673 52
20975 17
29129 66
23436 71
17376 50
5031 39
8534 66
29256 96
11141 21
21965 96
30437 47
21121 72
30522 94
8304 67
1053 88
7034 59
20824 74
2471 93
22661 52
7098 51
11673 66
23561 85
11437 82
1948 95
27551 15
19763 28
1047 82
3964 60
2411 23
17478 45
10166 34
1777 48
26086 46
12390 66
278 46
19021 29
4955 66
28476 10
15331 88
9757 7
14843 20
17269 13
26975 29
1281 10
2648 97
23361 11
25137 6
1593 81
16363 81
26324 81
14642 48
15468 98
13199 51
16105 18
3550 100
23590 52
1556 16
6970 12
30425 15
20997 58
10859 63
22793 100
1144 28
12667 35
224 59
20890 45
8946 5
2880 97
12443 57
16567 82
1416 86
23501 88
797 50
15147 11
90 82
2530 13
1564 11
13639 80
27454 44
29953 61
3578 64
6496 95
25646 90
5105 42
4328 88
28239 29
10695 2
9019 93
196 75
3567 96
1483 60
25520 35
1456 63
27555 12
18336 53
26849 19
24789 84
27341 61
20175 28
30630 97
16094 52
17752 19
9605 51
29848 18
29228 80
559 43
11029 34
25238 86
1425 12
981 83
20084 4
28996 21
14022 7
30346 1
22715 25
7047 3
2277 28
18299 4
18345 66
22027 96
26352 55
2707 58
14366 40
19901 84
22088 54
26963 45
24738 69
13905 52
14646 92
28991 35
7132 13
10429 75
8550 98
625 65
795 23
4540 66
12903 60
7618 75
6352 2
12365 84
5164 57
15351 11
785 72
9265 43
30094 36
5011 45
22040 10
3184 45
7879 12
26542 14
28355 26
13780 48
5113 29
13925 58
23826 59
22893 55
18341 88
1898 51
24235 57
27403 2
23860 39
6702 73
26969 14
30663 22
899 23
7437 17
17801 27
5243 42
12046 60
21283 61
14539 45
23621 76
23835 89
17184 4
16471 20
1817 18
17810 37
17849 58
23430 87
24555 89
5581 91
11303 44
26197 33
17368 57
2830 27
30373 70
997 74
4094 7
9462 98
6901 63
6397 76
6224 90
26638 66
23260 65
22151 99
1557 78
12354 39
10913 86
21519 69
7700 80
4961 100
10131 100
14919 47
4032 84
21406 64
7808 54
1431 98
13066 26
25106 37
8766 21
10308 82
20281 66
28984 69
12838 31
13727 83
16726 80
5999 23
28820 24
1002 19
15026 56
380 67
26984 96
9944 6
3935 83
13573 95
26760 82
17060 50
5298 72
25367 11
24668 32
21997 7
4039 63
19104 78
24656 45
3203 36
13309 14
10998 58
6998 69
29148 44
12662 27
17999 20
1650 65
15250 6
21400 28
29766 2
22251 32
9185 93
12175 56
17501 47
2416 27
21549 88
25288 30
12405 95
22513 82
24442 7
24952 69
24408 64
14450 80
19699 69
21779 10
30511 82
15228 4
12900 80
2773 56
12 84
668 30
24255 92
29244 53
22114 64
18146 6
5275 77
11148 98
11655 83
28515 69
21680 16
9802 7
8761 26
14263 14
14428 62
20417 9
23831 43
26235 7
23585 48
20865 10
17699 30
5072 5
23077 24
24539 16
16966 32
2028 32
21681 7
6246 18
4044 48
340 60
4275 81
28797 38
7908 17
21430 41
8252 80
13246 73
2338 89
28260 40
7426 1
4748 2
4861 41
19074 32
29406 90
16526 56
15952 30
12745 66
14927 38
9006 79
27869 1
27892 40
8950 92
4124 91
4805 8
2630 30
28184 52
7112 45
291 4
13313 61
304 32
30699 40
4141 89
5872 82
22554 48
25087 76
21096 29
22750 45
56 79
8642 27
13942 25
7965 27
593 36
6071 79
12782 58
9472 35
21853 86
23461 6
19404 49
25185 90
12538 53
27414 22
16111 35
16924 19
30699 55
26584 53
11420 78
26769 8
12947 35
26240 22
24313 3
2598 3
6526 61
19683 66
7059 2
20931 98
12249 75
16539 85
1497 24
22357 27
28149 54
9608 22
4510 12
9804 12
985 51
11340 62
1435 14
21532 40
893 15
28877 77
3563 39
9919 40
25502 91
10423 79
24206 36
19249 55
27200 61
25080 61
26086 7
7155 71
1768 69
20802 2
3901 100
30602 82
21773 28
12428 6
5437 29
9981 50
1858 65
11665 30
25718 19
21594 89
6322 15
26704 10
3547 11
4401 82
168 65
395 58
18757 42
27926 30
9291 2
14664 33
2031 5
7204 19
22906 49
7507 73
5881 85
11637 40
18741 46
18361 57
20965 43
20907 68
27171 31
11598 54
25885 22
12651 39
2829 19
1081 83
8299 37
21468 4
28000 79
2594 25
22911 17
5421 49
28592 96
21339 31
24172 29
11532 13
18480 82
2228 95
60 56
17711 33
20282 89
11861 27
1320 65
8143 16
22990 78
18985 45
29552 4
20007 51
9226 34
8797 7
17368 23
30458 97
19383 84
3045 96
1002 70
11531 60
23228 34
18679 9
8285 35
21923 35
25001 55
30605 37
4148 2
7950 42
8749 76
4071 38
30354 90
1821 29
18848 55
29448 17
19854 54
29094 65
15226 34
2357 58
28836 25
20224 33
27610 74
28793 49
16179 7
21128 47
18944 62
15139 23
20224 94
14623 44
15059 36
15941 98
11953 38
8105 19
9052 23
28727 9
14419 20
27023 75
841 51
22291 78
29653 79
14141 53
8043 51
1847 38
2443 2
27813 7
15416 86
12741 20
17580 84
18363 23
26698 84
17190 10
9684 72
1783 56
22238 22
4483 95
1411 85
8151 72
19030 21
6987 35
18075 56
1370 40
3768 19
21936 46
6374 29
1686 72
1068 88
2858 90
19342 5
3297 100
14722 42
18930 16
12195 63
25339 48
5801 2
25224 83
2713 26
27363 33
5945 97
30254 81
6343 76
23726 54
5354 28
5482 51
8169 11
25845 24
8731 53
28296 38
4511 51
23379 86
29772 79
3093 57
15851 93
2283 2
24228 42
9061 76
5559 67
1776 89
23661 80
29455 12
1374 85
1259 7
11154 17
12652 32
11997 26
26503 49
30504 24
2843 45
11515 69
20248 53
4578 56
12672 59
17694 12
1472 22
16539 76
337 98
8738 61
17977 89
5328 83
2247 18
28359 63
27199 97
22307 60
5826 16
2096 38
12562 60
474 99
14501 6
16484 92
5624 28
19293 99
16678 83
12496 73
14009 39
16572 51
11968 57
7363 16
18978 87
28710 33
10801 13
25585 55
9858 23
9075 17
5373 34
1265 23
22576 8
10908 54
10216 50
12223 26
18435 88
13885 76
8576 92
26683 67
29144 34
16922 37
1169 60
14504 41
11024 100
3991 5
26287 6
29742 61
288 60
12350 98
20144 95
2392 63
30654 28
8253 67
9006 7
25750 5
20490 51
28901 57
10505 57
25276 92
15971 49
813 82
4579 99
21377 25
10558 42
21036 73
6819 59
3073 62
18323 76
19875 17
14835 67
2364 22
22368 40
17521 97
24258 85
8853 36
25636 53
24348 85
16067 63
19539 77
7524 41
10831 75
13547 25
27171 37
15658 83
12631 40
12279 46
12693 78
1682 71
10404 45
12516 67
7323 73
9210 25
10318 38
22900 64
27661 47
3626 6
30350 90
2736 25
14887 5
25130 89
25152 68
4961 99
7433 5
16406 39
11624 44
28310 72
22838 39
2446 36
1962 85
4641 46
9237 100
14392 44
6352 84
19737 32
30323 22
17468 66
6984 59
13913 23
28416 70
6854 69
1700 92
11008 79
17614 73
9352 90
18968 21
23792 59
18901 4
23605 95
5887 83
29007 65
1410 44
29959 47
15190 15
12041 28
12002 42
4410 44
3136 3
15691 48
12235 16
2191 47
24704 31
29193 5
5811 66
16074 92
6914 25
12410 88
4488 30
2612 91
17747 98
22423 69
18455 65
10777 44
14883 46
16543 47
20117 48
19787 68
24522 51
19861 60
10265 96
10398 26
29377 42
1984 46
22815 14
7530 87
24613 22
20011 78
2567 79
28684 46
12343 8
5155 93
14740 85
3685 4
223 69
12220 78
1919 68
26202 21
4132 48
14412 90
24224 26
19538 86
22197 16
29934 32
10266 100
29115 16
12899 35
23296 45
27952 42
27525 36
8357 97
7333 93
538 67
18597 61
2323 46
18244 52
4210 71
14483 64
6123 35
29191 22
14777 75
16845 21
10383 85
1134 40
18898 77
2130 38
16389 63
23673 84
406 77
9256 23
6006 55
1506 9
16637 21
2006 61
13999 53
12191 13
14922 94
30443 86
7843 75
9059 92
5088 80
3189 16
999 14
880 72
4887 18
20874 14
6453 52
26906 83
9897 52
25539 46
27114 92
23518 83
2359 75
11196 97
17544 5
16186 31
29636 44
9109 34
13620 87
18816 92
24632 81
11636 35
4152 97
23112 73
23518 43
530 46
3202 65
26859 58
27110 47
1786 37
28196 95
777 61
30180 69
1388 51
16594 70
23300 56
22096 96
6286 17
8807 38
26242 56
24324 11
1098 53
7521 4
3311 69
961 37
4889 50
4960 21
26104 64
2730 87
19823 23
14251 39
2066 88
20167 57
30591 48
6571 74
26353 90
4739 72
8210 20
16237 93
16913 65
25134 79
3829 41
20517 42
9009 38
1661 1
19320 98
20134 86
27858 89
1797 65
13040 48
25578 26
205 74
15555 18
7989 58
14736 71
18042 37
29847 39
7460 41
25689 40
14809 86
8644 52
13087 20
24234 94
26989 74
8306 23
14216 66
4878 71
1310 52
2093 5
14153 11
30385 96
7249 85
3683 58
27727 78
13285 81
27931 29
250 85
17419 62
25761 65
8715 100
8310 73
30192 41
23805 31
6409 17
807 28
10743 80
1464 10
2495 58
26362 76
12062 77
18098 50
17437 94
3155 9
16868 60
370 17
1764 69
28794 89
25295 45
7073 22
13786 36
8218 53
15591 63
6540 78
6380 47
6596 37
7224 21
18599 22
2567 21
16490 43
29780 72
534 91
11246 31
24036 84
30414 75
19680 42
168 21
13679 46
14784 55
2327 84
6143 24
9769 57
28230 54
2475 23
19970 31
23958 6
9985 24
14146 82
6532 78
6686 42
11925 57
4772 45
27290 65
1437 12
28203 41
20288 99
6433 1
28561 51
25583 85
1465 31
25398 86
4159 21
10643 67
17937 36
973 12
14990 47
2763 14
13012 69
10457 3
5851 91
11215 3
2799 45
29305 39
15716 8
16348 81
15493 79
24778 96
26829 77
20403 14
22362 19
19134 83
14494 23
4120 59
5976 8
13452 15
962 94
18517 20
1821 32
15920 77
15114 52
18613 6
554 87
8678 13
23464 74
28937 71
16389 52
17075 86
29109 93
18214 38
19992 38
19164 30
10923 34
7524 97
4736 89
23149 64
30699 43
18721 85
11903 27
17844 68
16696 40
26940 77
267 7
25539 90
10042 54
15514 22
2299 93
27889 47
22013 96
2213 32
20529 100
26969 26
26479 9
4040 68
17771 54
12121 5
21990 79
6133 25
7969 44
29205 14
1704 71
287 12
7659 92
24562 18
13344 98
27583 87
26376 33
20764 69
24831 85
28499 74
28377 18
1536 76
14872 26
24795 45
29538 7
30162 50
307 9
10587 3
1744 38
11528 68
22396 29
11355 86
10733 11
15325 45
8193 40
15978 40
30382 81
13519 82
29239 58
11159 88
23206 63
15137 39
7286 75
19958 83
24976 24
8538 36
13945 16
13345 79
4041 43
6084 13
17375 46
22452 8
19667 60
27374 34
26284 19
25552 70
24019 29
21035 31
8648 44
2969 72
28692 58
19985 70
11135 57
28856 12
13186 89
5882 81
20479 47
6618 41
1328 27
7046 52
25566 89
320 100
10707 45
3863 57
18065 91
748 15
6212 8
2132 66
29942 14
21449 93
21506 33
12199 1
11211 87
26499 31
22445 73
1488 37
6708 20
24411 17
3980 3
2574 22
9273 97
22678 87
25608 89
26956 29
13638 24
21243 56
21551 75
7154 33
8873 50
10072 3
8243 76
3264 68
7704 63
3581 53
1000 79
7992 12
14376 46
13632 56
329 39
20000 10
29399 59
26615 31
15091 71
23044 22
25603 51
17409 4
24232 30
1970 33
26609 44
189 69
8142 4
28348 90
25543 58
17809 19
16877 80
22521 69
6161 27
4197 46
13109 92
11269 52
832 15
11301 46
14070 88
29116 1
21542 21
14146 20
8229 31
23747 64
27772 56
14898 3
7134 25
27647 83
29533 39
19947 83
3037 3
6172 53
30664 98
21100 70
28931 86
4615 50
8993 59
13621 90
26071 64
4468 87
961 2
18378 92
10498 33
13145 35
14113 44
9780 92
14290 48
26737 67
7427 64
11648 39
202 80
29627 39
346 21
573 59
30155 91
265 90
7884 54
9986 35
10051 58
6960 22
471 26
8934 16
19966 63
11053 81
12889 40
14342 53
24062 13
26111 69
24326 13
10755 32
250 92
17270 17
18230 49
5250 43
153 66
21675 50
13749 73
20906 92
2376 100
12920 28
23346 96
28841 33
21692 47
1036 54
16576 5
15407 12
15385 95
25879 53
19032 19
20721 52
8888 83
21747 41
18773 41
17447 19
18584 66
5241 14
7926 2
23055 98
13530 32
3288 85
28383 74
19560 28
12355 83
5635 65
24985 39
8439 63
20413 47
21807 58
30477 58
4102 89
3798 54
11097 98
26893 31
753 28
593 69
13246 66
7627 32
29270 71
27215 93
21089 29
10848 83
19773 67
19838 23
21128 10
25927 87
20206 26
746 44
5439 9
2271 95
24005 32
17622 81
20436 78
26093 59
18850 93
8997 49
23129 2
9751 97
8811 88
3555 26
3622 16
7786 61
7816 47
28605 36
13396 93
12756 6
4453 76
22660 10
1091 48
17323 43
29172 74
14254 91
12821 47
14885 94
28969 42
9940 90
3376 76
4318 84
8316 95
17461 14
11968 5
870 47
10346 63
7474 50
14386 45
5998 35
3827 59
10448 50
8634 44
12274 94
3613 10
21049 37
6351 67
3850 96
642 42
4923 85
28330 77
24776 3
14713 14
7880 50
5834 19
9631 28
18504 15
7028 8
13683 81
13542 48
20978 27
28154 8
15914 76
20312 5
22031 93
5048 7
8762 58
16791 66
24381 19
3374 10
3891 32
5796 50
18843 42
22659 99
15718 95
23145 86
6478 66
1041 99
20074 3
27695 58
24831 39
8338 26
15258 35
24872 60
14427 25
15436 86
21652 20
30439 97
17043 33
19683 80
19899 97
5603 30
17626 85
8753 22
24246 92
25591 36
19689 40
14515 39
28911 44
26341 81
26494 8
9226 50
24085 1
14030 5
26328 43
2430 91
16027 76
16572 13
14653 46
10870 44
18487 32
6425 60
20340 49
1810 97
15460 30
24117 29
4940 9
24657 97
26336 37
10947 9
28179 88
17210 59
11310 35
6236 35
24351 65
696 55
10260 58
20987 47
8777 9
14950 74
23582 84
13951 3
26221 27
12551 9
28186 100
2861 83
5100 45
21249 2
30363 54
15915 32
9002 89
15581 93
24438 15
14598 28
784 32
21961 92
21064 42
17197 76
3978 54
551 16
14062 8
29812 37
6154 53
13754 18
16907 57
14226 44
30212 62
3790 51
4997 25
23714 62
13168 19
24593 96
25864 52
15270 24
16715 15
17252 39
18562 23
26367 52
15894 12
3149 28
30373 49
28151 82
19541 84
21108 44
11624 58
12088 12
290 69
3112 50
7814 39
15186 23
12887 93
14555 53
28158 20
18232 7
19895 50
7073 40
16530 9
11971 23
7878 55
1462 70
23112 94
1838 15
7580 6
12533 38
19692 39
16793 88
7511 100
10850 16
13963 52
23942 92
4758 60
19616 14
4089 97
11103 51
27134 36
19067 83
2892 55
7918 39
28345 87
18784 96
607 34
12771 37
16626 45
3040 6
30033 13
22097 61
23642 26
11313 29
6403 50
322 86
11942 47
26285 21
30109 47
5342 28
15887 90
29777 79
5385 18
21400 56
24529 27
30015 92
16759 82
16898 39
1725 58
27452 87
21463 83
4515 48
29030 34
17459 10
4706 82
27496 89
24903 97
29872 100
7954 94
21024 2
16539 10
8806 90
30245 76
5375 90
20788 34
24234 6
1200 24
21020 96
15077 79
28917 63
7876 86
2291 72
12808 44
12645 56
1715 78
15587 71
11769 86
29501 40
12933 93
10161 10
12185 53
1906 27
4992 78
1045 27
6092 85
7899 43
7147 29
14310 91
3579 98
13657 24
21983 31
1866 90
30355 8
27564 33
22972 76
13952 35
405 15
27210 73
23716 60
13506 37
6338 53
9165 72
20222 26
9899 67
22216 19
12146 79
2804 60
2235 93
30703 1353
