4443
15545 92
14997 20
11308 4
1687 92
8736 96
9164 50
1632 100
11856 6
1623 58
13520 32
1901 17
3705 57
85 62
30 91
8393 100
14 64
15905 29
15780 60
15688 33
10919 6
10554 50
10430 41
11378 88
11400 55
7806 6
9595 85
8550 5
2025 64
13477 45
16025 48
693 97
10571 63
4450 70
11761 96
2369 79
14305 100
4511 76
14511 17
11073 76
14795 66
82 47
6705 54
8094 44
1157 56
6536 39
15111 74
10402 90
288 24
9665 61
87 56
13453 100
15531 72
7414 40
8927 92
2559 12
3634 16
7536 38
6516 59
2544 92
1560 49
13234 76
5889 54
15123 52
12442 93
12528 2
4132 52
10325 99
11118 16
4149 8
6532 92
4731 53
1228 17
11393 98
4153 40
11139 96
12287 23
2673 53
5643 64
9509 94
1492 48
11160 59
6707 84
4723 20
6892 69
13573 7
13278 69
4830 38
7425 80
10552 3
3597 88
4814 69
2811 33
10695 57
8817 96
6155 44
12855 70
4527 58
199 71
9141 24
1152 35
6681 58
11390 61
7504 48
14905 27
4401 62
1754 85
4857 13
795 1
8272 8
2064 97
1939 71
2590 47
9269 54
2503 18
4420 78
2040 54
4020 8
8957 90
2040 42
9180 8
10005 9
4743 93
1078 99
10617 17
704 86
14377 69
11326 26
2135 66
10106 96
7963 53
5281 62
9815 2
11402 69
6635 34
11608 24
1362 16
12862 75
11605 1
163 16
12836 78
10431 32
1956 94
298 33
2277 21
9431 27
3666 88
10728 37
1807 94
2537 77
14471 55
10892 10
11868 43
15610 49
13946 12
10087 26
13790 16
11497 81
12048 49
2019 33
3643 38
10485 19
2566 19
4940 6
13361 47
1402 1
2312 1
8993 29
4529 52
5617 21
12766 88
7350 75
12290 98
12274 66
3168 58
812 41
15808 50
880 40
10182 33
5622 17
7293 13
229 36
14934 10
15412 52
1719 77
4044 34
2164 35
1619 83
516 98
5505 41
8050 32
15417 85
8236 57
2556 19
8659 68
14940 30
4432 48
8746 70
8204 37
8172 95
2530 88
307 1
1216 91
4210 80
12365 86
1076 64
3461 73
16088 37
8934 99
5351 43
5475 82
3582 50
2678 80
4582 88
12560 57
15651 23
14647 22
1318 24
6158 34
10721 80
8849 11
10429 83
7977 31
6962 50
6152 15
307 33
1207 84
8709 28
8524 36
16166 1
1945 31
1449 39
6528 91
14659 2
5435 72
1570 3
9530 17
12908 4
505 11
9583 19
13562 83
11901 100
5470 73
2879 89
5178 49
6702 85
8937 75
12287 63
4291 39
405 60
13359 95
6994 47
10681 23
5353 69
1755 5
13839 17
4722 17
631 84
4684 35
9184 8
1626 88
6665 9
9614 57
13633 24
11122 81
954 56
4574 13
9635 94
877 15
2100 78
8711 24
10376 62
11737 66
9674 21
10243 4
2053 33
15803 58
14076 68
5921 32
5372 97
6388 3
10842 5
11466 92
9189 100
10941 51
1859 21
11453 34
7427 85
10656 85
1042 44
10704 5
6446 60
9413 34
12218 86
8844 74
4084 66
11176 27
9511 83
10817 46
6463 63
15643 56
4543 56
9100 49
14515 27
2597 96
3843 8
3128 82
15491 98
2529 95
1514 20
5636 9
11700 64
7168 10
9663 99
4382 80
3379 97
14822 94
11266 66
10342 10
8795 42
14634 93
15083 1
10797 63
6957 30
8053 20
16002 81
9417 86
14080 30
1291 79
8905 52
3492 81
2615 61
1502 97
7515 32
16081 73
1839 93
956 37
204 72
317 32
8788 52
15428 62
9092 13
9580 73
15205 20
9777 68
6047 70
12217 95
8139 56
10603 68
12745 25
4376 14
5974 56
7247 96
7324 96
13227 92
799 41
6569 9
575 52
5087 53
2983 30
8922 75
747 78
11079 16
8382 61
4341 81
14316 81
11032 64
1518 52
5953 38
3931 45
1619 64
12983 80
6002 49
11621 99
3583 4
16209 5
622 6
9800 94
6108 61
9540 36
3300 42
1141 28
15890 72
3203 80
11769 3
7601 51
9344 60
10731 69
14074 45
14651 13
5812 16
12072 32
12373 99
2498 65
12907 66
1914 17
4424 32
12044 59
7829 43
9688 16
16105 30
4168 7
6929 72
9965 81
7851 59
115 51
5618 2
14942 44
15440 99
13982 32
6520 51
9863 85
14137 31
4688 25
1595 99
4986 16
2672 1
13253 4
7238 84
10714 39
6647 25
8374 60
5524 30
707 51
6333 85
15592 97
4687 60
9798 67
15047 58
3825 75
4500 12
6277 13
13902 94
6266 23
15879 63
14299 7
5602 12
15098 20
1155 83
11903 75
7693 43
11747 59
884 84
11653 99
15539 35
2112 15
479 84
15739 51
3051 61
5055 11
14908 67
6858 93
9695 28
13631 3
14002 35
10169 52
1872 55
8603 43
14810 76
10182 66
180 52
9701 52
15098 93
3715 20
14511 60
15843 40
11892 66
8053 22
86 80
14637 78
8703 12
7322 24
13295 46
12630 3
9488 68
895 59
12080 70
5000 15
1842 9
7021 54
3497 78
13288 78
7498 57
5893 25
16125 50
13332 72
8528 91
16290 49
10153 8
15556 53
6398 80
13360 18
5532 21
208 66
4706 54
14699 32
243 10
5483 22
11428 87
5793 47
8341 84
6311 77
13377 72
1518 63
2358 37
9783 73
3469 56
12546 92
8955 37
8549 24
11725 68
16194 11
11164 53
2078 27
9657 90
14283 75
1926 35
6953 78
15711 71
10931 76
9302 64
5205 98
7843 19
13596 12
11544 89
11504 73
3673 13
2597 25
2917 75
13393 81
14027 20
5881 13
14904 59
13902 22
916 28
11198 14
10263 58
12742 28
3113 86
16294 14
11090 18
8050 57
3312 71
14818 88
171 80
1707 97
12647 18
5458 69
8890 48
10174 17
12832 98
2871 13
10478 92
11571 59
14856 89
5066 51
14864 100
14304 49
9849 44
13051 28
4667 71
12334 18
3202 8
6409 4
4224 29
12398 100
5856 94
3911 19
7479 72
14660 80
12326 48
14510 18
6853 15
14819 49
15235 82
7308 43
10263 94
9423 44
8350 6
2531 17
13541 100
5638 33
9670 80
623 58
8282 42
3232 74
6765 3
14625 91
12405 79
11821 51
4520 30
9250 83
4364 27
7568 44
11440 44
5740 88
9899 63
8929 47
13756 72
12836 33
12913 20
8777 53
2333 81
9470 86
1171 44
8028 13
4560 11
14464 8
15736 87
5913 41
4678 41
11879 10
8251 87
9383 91
158 73
12430 61
14052 52
14388 57
12050 60
3860 36
814 65
7536 54
2008 7
3891 20
795 26
4625 91
5959 70
2145 50
84 47
11252 83
9912 9
5346 64
13328 64
4362 91
9626 38
3722 80
15534 3
15289 19
9740 52
7935 37
6915 99
4896 75
9629 23
7198 56
2133 89
4053 66
10727 86
14394 85
5736 74
13437 83
10040 4
16097 7
9595 18
4842 82
73 31
9583 51
9125 64
8943 72
2952 12
10281 89
8023 55
10381 45
12653 37
14618 69
11515 78
11307 55
5432 93
16017 47
5629 10
15775 14
3959 84
8519 32
7517 51
3533 54
14821 69
11334 16
4212 67
5328 54
2007 42
14760 46
11147 74
1813 97
12919 99
12569 42
2805 46
7041 76
12681 3
6076 66
11666 57
9581 85
2048 45
11945 21
2223 7
13894 87
7449 73
8204 87
10355 61
6114 88
9949 32
15777 16
9242 32
4329 30
9731 68
4339 12
7865 18
15722 98
11958 14
14458 96
7126 99
12683 68
784 49
5743 76
8231 6
13627 37
16132 94
3833 32
9771 74
1408 27
4825 10
6156 11
7470 69
11976 12
3144 98
5678 14
16108 5
12626 47
12453 47
2809 42
12816 18
14791 14
10875 31
5459 34
14649 85
9186 51
241 82
16017 14
15026 88
5677 48
8773 42
6471 58
3428 51
9029 70
457 96
12241 24
8329 5
1071 53
15747 15
717 10
10844 77
7363 43
7299 88
6047 49
11437 81
5186 48
6049 9
5868 21
1357 71
14334 77
13314 77
15047 74
5127 78
14017 46
12115 40
3727 29
10750 70
9074 10
13941 88
15199 56
3207 33
3413 91
13623 53
10310 42
2409 67
9779 70
11162 25
9997 21
6040 23
14552 16
7210 80
13426 33
2939 47
12182 48
1212 58
1707 88
5968 92
10944 42
10480 8
10877 5
8044 44
10032 47
11888 27
12737 72
6908 54
13507 43
1010 1
13215 81
2117 1
15575 22
7899 97
6570 8
12064 78
6445 67
1472 99
16056 6
12735 41
14496 100
10180 58
7434 15
12523 29
6441 7
2705 85
3723 6
15469 25
2872 51
708 22
6009 57
6496 83
2191 25
130 70
2502 86
3964 8
7298 79
9764 79
12316 10
4389 69
6411 81
14232 1
3167 22
10419 80
7596 87
4449 38
10662 89
15982 62
11665 100
13088 49
13698 28
10931 55
6003 2
7468 38
13243 70
5906 73
10848 64
14328 40
14581 84
12404 1
15415 42
3726 66
15090 66
11540 16
484 41
7307 20
12052 96
6602 3
13440 76
9155 67
14194 46
538 36
2089 52
6711 12
8987 29
7459 91
12838 21
9367 53
15507 68
5553 41
293 58
7497 18
9969 31
6020 4
159 6
13254 22
3078 71
13644 93
12557 69
5024 79
7762 4
6863 53
4051 95
7936 94
8879 45
3588 41
11350 58
15525 68
4674 20
405 50
3269 91
11649 6
2217 20
14530 81
10165 100
15119 90
273 33
14905 32
10382 25
12220 72
9404 63
3870 88
1990 2
8995 10
10977 59
6759 33
12198 91
4728 48
1924 81
14219 40
12912 93
3182 13
9945 52
12055 4
5119 2
11098 24
16099 2
14103 89
7463 20
8207 40
11676 25
2323 84
567 26
2807 60
9740 86
271 14
7408 86
10326 72
11896 46
4561 21
11814 46
2843 74
12798 80
1881 57
14270 35
9197 6
7156 37
6055 4
8915 17
8412 42
1731 80
2320 83
13522 85
4694 75
15305 70
8155 31
5625 37
11062 62
564 31
9280 8
10646 28
1456 11
14855 27
13453 29
13090 39
870 46
3959 86
9705 30
3263 53
12886 81
13811 64
14391 57
12155 84
3217 51
13987 34
6207 58
1613 46
16103 77
4616 39
12844 31
6080 64
1317 43
11011 36
5134 41
15377 15
5182 75
1812 77
8370 56
8786 58
5408 59
7293 46
4286 95
9867 93
11642 42
12574 62
1861 54
15201 29
7693 95
1935 43
13032 38
7446 93
10319 89
8120 36
81 56
6694 23
3176 84
1003 98
7795 10
10242 73
5034 71
10087 60
3381 41
2899 61
10144 12
5776 30
1234 14
3792 33
359 11
12706 45
9350 89
1607 72
8282 51
99 38
14022 33
10831 47
5805 7
2926 11
879 45
14654 53
8748 91
3631 97
12954 32
13109 83
6352 17
13663 21
15711 87
6926 28
8583 100
10853 22
13265 90
4636 6
108 56
13560 73
3074 82
15141 19
12083 51
10654 25
1692 90
12523 10
2319 98
9483 27
8006 21
4132 71
1326 59
7705 19
4771 50
2329 70
16255 68
568 77
11696 8
2467 77
5891 98
9634 5
12440 22
13135 82
4977 3
128 35
674 65
8319 82
9095 43
15272 76
13565 16
15078 52
9590 84
5116 3
4653 15
9067 34
888 54
1478 73
1016 1
10414 27
6776 64
2436 30
986 61
3014 96
14802 85
10042 17
8086 30
6184 27
10387 32
3948 76
2107 99
2509 27
889 33
3791 74
14371 3
1034 2
10098 37
2298 75
9048 90
5716 17
10398 41
2205 79
15316 66
5692 31
8715 24
7690 95
579 87
624 51
2811 29
3056 3
10280 4
15103 21
9530 58
2481 74
1500 99
2000 38
13700 83
3244 9
6188 38
11720 97
4037 92
11251 8
5714 84
5975 2
12250 26
2807 60
5242 52
2458 67
9235 22
6688 83
12995 78
11057 49
2325 7
9103 67
9465 60
6761 84
5213 91
11186 72
53 26
5493 65
11607 30
7693 29
8054 30
11550 77
6116 43
3439 31
6016 45
4216 5
12344 56
187 90
14334 84
7635 12
13665 58
4453 90
7142 21
3789 90
8794 95
7001 3
4228 27
10559 21
6293 83
15312 25
1058 29
2892 47
7214 100
7256 93
2632 36
15534 66
7441 53
5773 10
11835 44
6318 87
4466 99
7428 53
5054 99
1099 62
8628 31
16224 54
11626 90
13052 53
8494 57
13121 4
14924 38
16022 53
6220 56
14327 25
7223 45
3442 96
8850 4
309 28
14476 74
2283 25
5085 23
14153 81
10934 28
9276 90
14366 100
1349 60
2061 20
12696 81
6660 31
14297 2
12356 6
2662 16
8088 27
10862 54
12620 80
1479 29
12958 18
1891 50
14800 11
15696 90
16114 89
5860 44
6743 12
9463 50
14280 61
6734 93
6523 12
12686 39
14186 3
15820 5
5743 52
3551 22
9695 29
5757 13
14870 74
8938 46
13703 67
12092 52
14726 83
11968 21
11225 88
10456 23
10731 87
10117 25
15779 54
9857 65
9054 92
14032 12
14728 21
4121 71
12273 94
15539 77
198 4
7128 89
4957 36
9872 49
4973 34
12446 30
6229 58
5887 23
10540 90
4700 60
13943 6
7247 36
7643 44
8876 67
1145 83
13639 31
10823 82
11222 5
14570 49
10510 23
12397 44
624 65
15983 87
11594 80
5177 4
13190 32
5163 3
7425 61
9651 34
440 89
1048 53
15706 53
7835 6
13149 99
8352 28
6125 17
10698 49
13440 53
6906 72
7271 68
15796 80
39 33
9188 62
6879 48
2653 85
9228 6
7721 56
2107 78
11944 36
2977 8
8925 22
5746 41
2057 99
7916 36
4101 82
6389 92
2357 86
12902 57
12375 65
15592 47
9821 72
1409 61
10273 11
3473 74
4017 15
3942 18
15623 15
3664 99
14878 32
7899 29
9386 89
7678 79
15693 73
2245 46
10564 30
11627 12
15015 26
9447 10
6759 76
2398 2
6545 9
8158 60
4498 95
11310 85
4591 5
5762 28
761 69
10182 21
1251 87
1121 19
8725 14
7196 87
10952 64
1381 89
4184 9
14910 17
2710 100
8498 74
9435 81
8195 25
1204 62
10747 74
14769 65
14682 7
11998 86
11461 41
4657 5
15000 42
16042 90
11901 75
2918 75
9534 3
668 61
15063 81
8267 71
7799 75
11347 31
624 86
14896 94
5975 16
11816 51
2830 19
5287 67
56 15
8844 91
10917 95
12283 5
4346 73
1675 48
6479 12
4602 91
8508 45
1985 28
3515 24
7235 5
3005 24
6568 82
11621 73
10730 64
9882 98
9549 13
2397 82
1484 37
2331 98
86 5
11368 7
11001 74
9199 49
14298 24
15530 65
6469 20
9268 35
11334 66
9981 36
13399 95
11543 49
15327 82
7540 51
14746 41
7674 14
15233 95
10582 91
263 24
10130 23
734 8
1126 28
4000 27
12813 82
1347 77
3225 82
15190 33
5898 22
15914 51
16069 26
7118 63
8935 17
10840 36
1846 59
3203 44
12404 65
4791 88
7703 9
710 24
3064 92
9941 73
14790 69
11009 82
10767 60
10084 52
2168 11
8309 76
12170 100
8376 62
648 23
11230 12
2030 69
13644 28
1763 53
6074 37
2709 54
14308 3
2976 93
4711 22
12584 72
6004 77
6313 19
8451 67
8163 46
6114 30
6940 72
8233 70
14928 26
7212 8
167 79
6641 35
3043 82
1034 31
9385 1
9457 65
15101 29
4943 98
5093 45
6268 19
4841 72
11365 83
5668 37
3876 35
6209 85
7754 95
3699 83
14201 22
12682 90
14807 76
11017 45
14942 26
6620 95
376 78
8264 94
10324 19
11331 16
8245 83
14948 30
300 59
14019 57
13443 15
15327 46
787 2
8499 50
11402 80
2279 61
3341 26
9593 26
12003 98
10580 44
5361 93
5196 52
5844 12
5482 7
9485 94
11634 82
15551 6
5294 86
12917 87
1158 97
4699 97
11282 94
15727 22
14192 47
2845 26
7729 93
1547 67
13906 44
6710 8
13905 37
2763 99
6659 28
14744 29
10850 38
8288 52
2346 59
1673 8
1894 67
3822 3
11971 37
10856 18
12806 45
2056 5
599 50
5956 21
12609 63
10546 67
7362 92
4254 99
4642 11
2787 51
8303 60
2045 45
4271 48
10302 36
11801 41
1018 78
7074 14
3076 77
11089 60
7731 95
8046 46
6303 31
6745 97
2999 50
9495 63
5489 66
174 53
14752 92
625 50
5321 16
7106 61
13244 69
5857 66
9740 18
10560 58
9283 60
7068 17
5754 88
15305 95
6348 36
104 93
1294 86
9015 16
8704 21
6687 64
1281 78
8984 67
15007 36
8936 4
3722 67
14284 18
606 94
1878 92
1335 77
11438 67
2591 30
1342 81
1414 2
1546 60
11446 55
6717 90
2882 63
12905 19
15234 15
560 49
8766 69
5790 14
13675 67
1377 27
10545 37
7868 88
5348 92
6248 16
9182 12
10693 86
10323 39
2200 12
8015 43
15542 71
15947 58
15327 60
8325 36
2398 81
7672 97
16111 27
11306 43
1690 62
4869 70
9151 33
4999 10
5403 60
2071 37
12387 87
7222 98
14237 77
12271 5
7119 13
11986 52
5979 12
417 61
8144 39
6962 76
7142 54
794 28
5139 45
10987 33
4531 73
8760 33
7869 86
529 75
7889 13
8009 47
12585 61
5517 68
3309 66
2292 82
6187 55
10337 52
7251 55
1805 53
6884 78
9150 17
11306 82
12791 62
9764 90
13384 24
12538 53
67 34
3594 30
108 41
14783 91
306 78
7298 80
10440 23
2184 53
9146 50
11344 66
7274 70
14222 66
5603 50
7362 58
14648 99
12300 67
11215 28
2724 35
137 64
12396 71
6801 79
9291 29
5581 45
9251 33
1044 47
649 24
6151 4
2080 69
4502 71
7359 62
15789 25
8971 50
7370 82
543 57
2280 63
2471 11
10745 38
11270 94
3379 9
14550 69
13827 88
6751 45
15526 62
14486 31
3064 90
1091 18
4101 94
5188 27
13084 36
4851 62
13230 70
8474 46
10501 63
13275 16
3926 76
4849 4
10852 37
13651 32
5383 97
9878 85
3903 55
13596 19
9126 38
4970 85
13240 13
8261 61
15506 23
5471 77
13467 46
16282 9
681 46
884 99
14467 81
6106 33
3719 61
13078 58
2733 2
5668 72
4356 20
12827 4
1403 26
4683 6
1107 56
2860 26
3314 99
6262 36
12346 19
7766 20
6461 58
2934 9
15601 78
1048 7
4303 86
4395 93
4644 45
1880 60
13478 40
4896 66
3752 47
10701 15
5874 53
2355 2
1395 67
15511 90
10963 58
7413 31
5451 72
836 50
6464 84
5209 11
1911 85
11631 90
12577 73
4677 48
1107 6
7494 92
7311 61
9051 25
5140 98
14983 58
12077 26
7819 47
13063 74
7745 65
16105 57
4654 33
13326 84
955 93
3796 93
739 8
12730 78
5170 100
2468 95
14773 68
4307 87
14720 38
3123 25
9300 53
5173 49
1631 60
87 19
33 75
1 54
11403 30
1447 62
7202 47
1774 50
925 42
12059 47
9586 4
5401 15
7632 36
2933 9
2002 22
7060 33
12791 37
27 6
6233 2
13476 75
3717 19
12586 55
6352 44
6408 40
8741 21
653 61
609 83
7934 2
4128 24
7140 44
9772 37
3714 30
6834 26
1219 40
6666 21
884 66
5204 14
4597 35
14536 87
8214 6
11211 62
7393 100
12549 39
4075 32
15639 64
3589 91
8331 26
6258 16
15749 18
15002 59
1616 16
16255 16
11422 91
2969 19
16088 77
14555 41
8246 87
14927 18
5329 44
11414 60
5559 46
6348 90
7102 98
1996 34
7193 34
12337 60
9133 88
7972 17
2661 20
9813 11
12930 60
8972 9
783 16
15294 17
5705 85
7784 84
3484 94
5575 41
503 36
3655 2
15560 53
5988 55
15433 8
16085 29
9118 7
3336 66
7740 63
785 74
7076 91
9928 53
8594 26
13266 62
7802 86
822 24
16123 37
674 34
10553 87
2175 80
7666 32
7585 51
13131 44
4259 62
4486 83
8797 39
13993 86
9301 72
9854 43
7475 95
1273 100
504 42
1365 75
7918 87
11786 73
15622 87
7042 92
8009 49
14355 21
9399 61
8072 38
11341 46
8890 4
155 37
6629 57
12273 19
270 39
6488 52
2339 4
668 17
7661 73
5445 15
2762 29
2602 93
13471 24
8491 12
8043 83
12706 33
13273 74
11394 63
13295 67
9768 5
6075 4
12850 62
908 20
12043 83
3723 86
4800 93
1608 98
2743 60
12182 100
487 83
11351 91
9835 81
430 18
15780 55
12218 49
7487 31
4519 54
6768 36
12996 33
2811 19
6361 97
7530 97
11125 68
12288 90
13217 90
10028 98
9587 8
9155 38
10208 58
11408 1
3705 91
5611 71
15226 45
1284 54
5864 29
8404 55
6873 56
43 31
7376 77
11627 30
3855 97
5079 97
11752 60
9744 55
1471 42
5767 77
5114 94
13807 10
9605 94
1650 51
13599 7
7844 28
13874 42
10554 43
129 87
6753 66
5522 85
12596 7
11485 19
3337 22
16292 77
15207 46
2150 69
1625 64
9504 11
6573 49
6045 12
6112 78
4237 95
11133 8
88 94
12964 80
7368 78
2503 13
3362 99
7447 61
15583 67
289 90
14397 73
13635 56
4851 7
7325 90
2686 95
484 48
4921 48
16015 84
2952 44
5263 65
16216 33
3715 47
16017 30
4 33
10519 44
12446 11
12957 5
5052 76
2716 11
4217 67
8004 92
14193 84
11496 32
15705 49
4820 95
1264 45
7325 97
4944 65
13304 16
125 38
13301 33
13845 30
3346 77
5932 50
11726 89
6951 27
10941 79
14063 68
3551 35
9743 68
3440 15
10697 16
5861 47
3941 39
9432 71
3816 7
4385 57
8812 23
7775 81
6395 43
8407 64
1858 40
1732 13
8813 85
11472 78
7067 61
13610 14
4072 9
5426 53
7848 64
2896 93
275 46
14491 32
11071 50
1040 18
5866 55
3257 88
602 24
4135 61
351 23
779 72
9711 95
2180 86
9552 94
288 85
436 53
10128 22
3763 93
9472 35
10613 94
7402 35
12720 58
7440 42
7765 88
10255 68
15648 42
3728 61
11918 99
2291 98
16076 41
2748 67
7282 74
15555 40
5256 93
5982 37
6467 20
3705 57
12044 56
912 69
4381 56
13309 56
9330 69
4182 14
1389 82
15609 67
4706 27
9123 57
13757 79
4356 77
4682 90
4687 74
7059 84
16256 86
14350 92
13536 37
13464 44
7270 63
10686 69
3678 62
7450 6
11966 80
15581 28
636 5
14986 76
12422 8
11449 4
7639 74
13911 26
7475 72
6865 79
10487 79
1712 84
3699 1
9066 43
4598 97
3286 91
11369 45
15425 91
8955 91
14951 56
10866 18
11325 82
1436 26
4460 6
6074 39
2235 1
7382 86
10572 27
15446 92
2951 28
10706 39
3710 39
1994 75
13569 70
700 85
10555 33
4325 38
15678 86
6470 17
14778 71
8752 89
5764 42
4388 14
8876 46
6701 42
301 31
9781 73
517 40
6074 28
11820 15
9409 93
7920 5
15377 40
12235 70
11390 24
8500 55
13860 8
15762 26
2697 11
7087 69
8479 31
1734 31
7635 42
10835 4
13833 78
4995 19
3929 10
6086 25
1822 80
14680 99
5868 90
7006 76
3672 88
7258 76
4527 22
9120 40
3847 17
519 7
10746 83
11589 61
311 41
13156 74
3549 61
12954 65
4228 23
12519 69
13367 83
8836 75
11353 99
13112 21
13115 19
11100 23
9396 70
15703 8
10323 62
5927 60
6843 76
665 11
11932 65
13407 48
15208 44
5100 83
9134 67
4740 76
4931 27
10132 93
16255 68
2251 5
10061 41
10283 54
15070 10
5502 36
10517 55
6016 64
1176 2
1188 55
12199 31
719 79
2566 3
11332 26
2968 31
904 60
3116 31
13959 56
8187 87
5087 37
1593 48
15419 79
5653 30
11650 99
9582 48
12202 51
6158 49
327 31
3546 74
5560 91
8486 20
13436 94
12422 31
4639 2
7230 15
14132 81
13591 94
583 63
4334 62
9488 25
11472 76
9383 18
9157 9
14355 84
6866 64
5822 89
9505 41
2854 34
2625 20
7636 52
11405 73
11321 81
13599 59
473 85
2748 90
48 18
14606 81
14300 28
1614 31
13124 18
8521 18
7317 25
10917 58
15598 26
14853 11
16093 5
9743 89
12808 39
14063 19
14896 93
14849 66
10156 54
11471 60
8498 39
13766 52
9203 16
5350 71
14286 23
2612 11
9287 48
9070 43
16249 79
8863 36
10928 21
12690 75
3638 87
6283 55
9699 84
12053 31
15503 62
11960 15
7815 68
11335 55
7770 62
8182 53
15669 85
12335 53
3384 76
16139 97
7321 31
7501 90
1233 90
9525 60
10812 94
10710 80
2525 92
12009 76
6840 28
9247 35
10264 40
3090 47
10795 56
3314 3
15118 21
7292 69
12933 15
14546 24
2194 8
8743 37
2345 70
3001 83
11522 82
15076 4
13638 89
15292 30
4591 7
12977 34
12433 87
10578 87
15741 90
8218 90
14888 48
1482 61
10603 3
5334 82
14512 5
2161 46
11663 32
6254 10
11929 83
14112 24
15737 68
15354 100
14533 68
15195 25
12243 47
13157 46
9796 45
2347 50
6457 88
1987 4
5532 59
5444 71
14453 33
5049 18
11033 74
7488 29
12189 47
5142 43
4408 96
15019 95
3819 40
635 1
3394 91
3317 34
12093 31
2327 90
7754 63
11835 85
7315 95
15253 64
13102 66
14878 54
4243 20
10963 7
11092 3
9282 11
15535 72
64 61
10543 74
7889 18
9823 51
10913 5
13947 19
4342 81
3536 48
9002 29
13120 30
7522 31
11586 50
13669 10
7028 61
14538 8
17 100
8135 48
6528 50
4109 33
7470 90
826 24
9534 97
115 42
9502 5
8607 4
15198 43
6746 58
14237 55
10985 86
7270 38
15592 87
405 32
7067 90
7992 46
14173 71
5956 6
11442 3
5894 70
861 80
7516 38
4726 26
162 49
2489 25
898 37
1926 10
2694 45
14573 7
4231 32
12428 97
8649 60
11524 56
15241 12
1417 6
6705 82
9306 72
5745 35
5067 9
7028 32
1476 51
2608 53
3094 7
10132 60
14988 24
7531 12
8130 23
11165 58
4111 5
5082 40
11997 46
8830 80
12729 21
5456 36
2514 79
1930 7
12167 52
10384 10
15555 40
6305 97
4361 54
16269 43
11787 99
10857 77
193 61
4227 45
4065 78
1789 14
16086 23
125 4
7001 8
9549 64
10565 1
7985 6
8359 21
10182 8
4718 78
12145 79
9538 70
12526 89
9768 65
866 97
4796 34
1058 2
8701 70
9451 52
13282 11
14805 61
7179 37
5038 23
1272 75
619 47
5634 99
3082 94
4750 55
13627 37
10373 83
9053 22
9355 95
14408 1
13873 51
12930 84
394 48
11571 91
12829 56
3732 63
14812 100
14662 73
14710 54
5863 17
1549 22
4803 67
14054 13
3177 33
14555 48
10034 3
6504 13
15392 20
14556 59
3021 86
7301 87
15654 12
4720 43
536 45
7449 38
13897 59
5706 15
1763 29
399 11
15368 26
1136 97
14317 4
11939 68
15119 100
4085 25
1638 78
3466 49
12184 14
10216 61
13897 60
9621 75
13159 26
6922 23
13404 40
16267 27
5679 21
726 87
14062 3
7305 85
2605 83
600 76
12378 6
15926 26
6868 63
5740 56
4929 54
15247 17
15488 100
13016 13
8509 88
10527 11
8555 22
12584 9
4664 2
3522 67
10684 86
3882 19
795 43
10535 63
6347 74
15729 7
14953 27
3083 45
8996 58
15737 30
14586 1
15614 71
2303 20
4497 31
7830 71
12535 39
15689 73
14653 35
6931 65
3588 31
9475 14
376 74
12583 54
1788 2
7662 92
8480 32
2197 38
15567 41
6855 24
11074 70
4622 19
14544 23
3529 100
2152 90
14238 52
12584 30
8558 36
2642 58
8331 45
8461 56
1732 14
1691 53
987 65
11567 87
2831 2
1791 81
2411 57
7067 73
1559 71
1917 91
16008 20
6625 57
4763 48
1239 74
5897 46
5103 72
6789 60
6931 73
131 48
6354 36
12123 34
13308 36
689 67
5299 32
13942 13
1531 23
14126 21
5080 35
8651 45
8406 82
1276 38
6975 45
15395 13
4104 50
14401 92
3335 73
1015 91
1032 83
8787 31
8806 41
4813 40
5631 49
3665 46
12045 80
6875 5
4728 19
128 41
14246 59
12678 46
6641 86
2698 4
7118 49
9831 99
3491 15
12217 39
1885 35
13059 82
4030 77
5120 84
15991 40
12311 62
4669 100
408 10
11991 66
9098 87
12789 97
14699 62
6686 40
6814 96
10731 3
5440 13
2623 10
4777 92
3588 27
15701 67
6590 24
13571 69
6979 85
10088 39
2069 43
8573 12
5615 73
11086 12
8695 18
1835 83
14443 64
9052 13
13838 59
4696 10
12284 32
8799 91
7483 31
9195 66
12054 79
12968 54
4372 61
7227 21
1710 52
10906 72
4354 16
14159 40
6721 56
3354 69
6247 33
13816 91
6436 67
57 60
10391 29
6227 45
4217 33
2328 88
6690 89
10757 65
2482 49
9566 60
2190 29
6375 71
13717 21
10723 16
1365 80
9407 84
12188 52
13708 9
7879 7
5167 86
2208 39
13166 41
14312 86
1130 50
10098 25
11956 100
12109 13
64 31
13632 7
13600 21
4726 76
10901 86
8085 88
1996 47
10189 20
15372 52
9049 73
7954 85
782 76
2653 66
11541 51
15620 50
11740 53
9013 62
1899 44
3728 57
6769 26
14357 47
6199 50
8123 86
12112 17
6356 64
12582 16
7710 59
6203 11
15548 58
11382 75
10756 9
12861 28
7344 58
7474 38
14571 68
15610 93
8396 71
3065 94
2407 6
9465 40
6086 26
1405 67
9633 76
6167 36
365 89
14947 25
13340 72
11800 10
11337 36
11720 41
7063 98
7085 37
7331 16
12803 21
13712 91
15383 27
2330 30
14469 31
3932 16
10059 26
9060 13
12382 42
16063 44
5908 4
13546 95
13054 47
688 62
7475 83
1922 61
1582 42
14318 28
11612 78
8719 20
10008 27
6060 63
11992 49
3967 96
10883 41
3914 61
9857 5
15559 25
11002 66
7581 81
11493 78
8619 33
1866 13
2280 7
13157 19
15158 27
12551 83
8541 37
6746 2
6052 31
2822 19
4133 66
6930 37
12067 100
6205 81
16058 8
14700 66
3666 85
14462 3
1431 86
3636 8
4648 37
14967 11
12493 26
7134 12
12911 94
14095 82
4203 73
13667 89
6796 13
62 61
7804 1
13502 20
5473 53
8524 55
11788 98
280 28
1996 52
11243 28
12219 57
9985 31
14701 81
5818 17
553 92
15221 40
13045 80
11557 9
6218 88
5506 43
9072 24
3024 29
9902 6
5227 56
8282 97
12416 65
11152 27
13507 40
10977 76
6292 17
15393 76
14065 66
3554 33
11723 81
10881 35
5996 27
2064 12
2110 25
14398 16
4986 35
1209 15
14697 98
5557 68
460 50
10150 14
11449 92
14346 13
13695 39
10053 60
5119 9
14740 40
14271 65
14209 75
10686 60
3609 98
3568 97
643 4
15053 16
823 16
3692 97
14090 52
2219 93
5284 95
2157 24
7600 32
13892 34
3218 9
14895 40
2297 66
1644 89
14770 61
6003 38
2720 78
11209 50
11826 43
8189 82
400 98
9528 20
5206 46
1647 48
13409 78
11700 47
3812 48
9572 100
14521 85
15061 17
12056 17
2052 19
12614 42
2538 76
13325 24
16077 64
5675 48
59 45
7473 97
2081 100
4495 10
6622 45
4080 33
851 86
9807 88
9404 59
1716 82
14914 23
12126 52
5108 83
5501 36
14213 31
9834 50
6787 93
14926 49
11052 63
34 60
7133 39
888 14
8957 100
5719 83
10325 39
15596 8
3805 99
8921 16
3865 38
14316 31
6949 35
2190 39
14736 60
6588 70
4586 81
12301 48
6706 85
50 37
5899 9
12383 65
11463 61
12841 14
10624 21
2876 98
809 85
9676 57
15780 21
13684 37
9689 88
3554 36
8617 94
13013 13
16045 15
391 24
13772 34
80 83
7216 78
10964 93
12574 27
3796 45
15524 80
2849 70
14339 28
3176 86
11486 67
3459 55
1041 3
107 13
14376 10
10216 29
6809 33
13840 37
9923 13
4012 5
4539 49
13692 94
2817 24
14942 25
9872 25
3566 79
8136 96
12884 70
10020 3
13151 94
14449 25
13659 45
9154 53
9608 83
16206 74
11280 14
15012 77
11382 33
615 96
10475 20
11006 38
8442 95
5054 52
15126 34
15320 86
2803 53
13834 96
4689 35
13383 70
1785 93
7506 10
12657 56
8332 37
1195 70
15371 53
12158 17
10386 30
3954 40
8592 25
2610 32
14381 37
10588 42
10856 100
2523 97
12742 57
13633 94
15086 48
13280 98
14865 9
12969 33
4871 97
2944 81
2392 82
1588 96
10096 49
9653 49
5491 35
5594 100
5133 63
2912 1
2034 13
12625 35
6315 96
11293 50
820 71
4105 1
10206 75
8034 52
14483 76
6285 40
1315 36
14522 80
4612 56
15191 16
13511 56
10913 16
9497 66
7865 48
14505 70
13790 86
15260 29
6581 79
7864 44
12162 33
10320 87
15192 64
8412 9
4432 52
12078 68
10426 71
5066 88
7763 86
15331 5
1378 21
8717 35
4580 87
9970 83
12169 51
8035 42
9544 69
3116 51
2264 80
9065 36
8672 96
12953 72
4331 91
14810 89
480 87
762 81
4403 58
8372 30
9366 68
3293 95
6097 93
5907 48
3880 41
7463 69
16026 56
14835 97
297 13
9799 92
2680 28
13865 26
5562 35
13571 38
4627 54
875 8
13918 83
14598 55
14865 97
13540 22
7460 63
6032 63
16275 11
5626 85
10378 75
5845 82
4349 88
6880 16
15333 45
4265 53
15429 55
7514 32
13130 54
15035 14
9365 10
11519 69
9649 19
15643 24
4255 50
11164 99
14285 54
5877 24
776 25
15732 18
15661 6
6378 25
9982 59
1451 10
11381 38
9904 53
1761 34
14487 36
8758 67
4364 65
7078 33
13579 23
12280 29
15351 97
9090 17
14350 68
1008 74
5055 50
3622 51
6019 62
5701 67
4994 78
14145 19
4719 19
12047 65
7534 100
12187 72
12055 81
14461 46
8155 70
6570 58
10720 18
8084 77
3111 89
4784 71
12902 21
2072 37
7473 59
11577 6
15380 86
3850 75
11743 32
15707 31
6888 10
7108 55
8088 77
12126 33
13231 61
1076 79
4209 24
14112 10
14535 94
19 84
9062 28
1813 55
14498 90
9859 95
4959 62
6862 97
15781 94
1922 9
7382 48
5354 9
15622 68
2360 43
13394 74
9410 14
4650 38
7305 79
2504 76
1114 9
4162 59
16187 26
8766 85
743 40
8311 23
3617 32
15943 71
7122 44
12035 91
10494 43
3428 44
9754 13
10677 15
8939 95
14336 55
2898 70
4045 63
1601 71
13358 89
4650 18
4229 71
9914 15
11400 64
15459 44
14375 59
1104 81
13995 40
11380 92
11920 71
15356 12
6581 49
9090 20
1811 88
3592 40
9421 94
3043 76
7928 85
11189 88
5532 5
4127 6
2713 43
7476 2
3788 93
2733 55
5092 30
13346 10
7824 67
15070 100
2708 97
2708 75
5315 13
5359 77
8439 30
6767 17
10959 70
5883 46
7298 63
7195 49
14361 31
14598 93
4313 54
15125 73
14905 80
8780 34
12743 95
5809 25
10601 53
14135 75
12203 40
5812 3
8919 25
13277 96
10249 80
3094 8
6634 75
4968 84
8342 25
9620 52
9214 88
3499 33
6445 68
11875 6
2920 14
8531 36
10299 69
9609 18
13902 68
11428 79
11095 37
7308 93
7911 40
6585 58
580 30
11184 41
6290 52
5958 63
8340 14
13430 38
9820 97
9516 85
11216 13
12984 6
9016 27
11675 69
10298 18
8510 29
13575 38
12170 64
14602 6
10882 98
5691 58
15097 6
11479 41
11592 44
11346 57
14329 34
8082 43
2886 74
10978 16
1094 60
9613 88
4321 40
3915 10
7539 6
3089 64
8729 20
8706 29
6663 67
9668 100
664 18
4326 82
13305 11
11432 79
8871 8
5119 53
9456 33
11551 53
1848 86
9306 87
3845 7
1664 28
14045 71
647 38
14679 70
14301 23
374 54
3265 21
5821 100
148 49
3905 90
10029 13
9503 88
3440 72
849 99
11908 33
5158 77
14119 35
12687 90
969 27
376 59
4759 86
7165 53
7574 49
823 36
2930 30
2675 41
12909 69
197 44
6135 70
10566 78
11554 5
8473 78
12768 95
15756 46
13680 99
93 29
10779 10
10131 51
680 38
15940 8
886 73
13230 16
1805 84
5834 43
9012 29
127 96
8925 54
3347 59
3449 39
11424 52
11045 15
9610 98
14147 25
7319 51
516 53
12836 92
8647 42
3331 81
15208 18
10507 11
2384 32
13146 93
5546 60
5205 56
9588 64
12751 18
15415 34
1867 36
13878 78
6612 99
9030 21
11457 84
8835 46
15577 94
10444 27
8060 93
10265 15
4769 45
4146 32
5742 57
6125 88
9868 56
1279 8
7549 32
9745 22
8014 69
13079 98
8194 100
2013 39
3568 25
11579 96
1194 57
8899 55
4274 32
8655 4
6225 6
2417 2
1856 56
9509 17
1378 61
3170 23
5072 78
720 68
8655 39
5795 20
11687 76
10578 100
2007 87
7698 7
1358 69
7375 43
130 94
8220 78
13215 4
16289 70
57 53
12266 60
16224 78
9921 8
11191 91
6142 98
12144 19
963 47
15161 22
1425 4
11141 46
6107 38
7156 6
1815 33
12395 90
15474 38
12679 90
7736 22
4208 21
14314 93
7252 98
6421 63
2394 32
9694 38
5650 55
1540 24
9160 49
11674 47
6799 74
11836 26
9741 44
1767 53
9202 74
9741 76
6248 34
4674 56
13622 53
11114 78
5670 93
15690 68
13039 30
4856 93
12317 70
15630 49
3888 54
2137 61
8427 26
4020 40
1031 27
7327 2
2981 43
5745 59
7235 35
8985 24
4913 52
15368 61
4460 47
8586 43
14581 75
10195 20
13003 86
3222 91
4463 74
2332 22
8613 89
6587 56
1178 78
10704 28
7012 50
6742 87
9198 59
5815 70
5142 90
11233 20
2401 27
5622 69
8518 97
13941 75
2983 23
11308 79
13078 90
14730 75
87 72
13576 15
8322 80
11848 38
3781 3
2145 74
471 63
12593 18
4296 93
12474 91
6616 100
1132 53
2309 80
13096 92
4064 77
7308 70
8258 64
9230 66
15747 34
16230 18
15636 11
3491 49
1519 57
12862 36
8850 14
10284 50
106 31
14755 78
9359 22
7874 32
13902 17
9694 34
10781 92
10212 23
10321 72
13105 53
16037 9
10367 96
11924 17
13882 23
13951 62
11664 35
7661 74
7755 76
8119 29
12963 31
1597 31
16142 69
1695 66
13617 58
15058 42
12919 78
1149 63
7836 82
11949 7
1780 38
9966 85
14488 61
7399 37
15492 58
7820 49
13760 53
1262 27
4829 57
814 67
1093 33
13129 40
11116 73
9744 6
14756 99
7727 43
13038 49
13393 95
1005 44
3658 11
9076 73
10703 69
13339 87
6984 64
4826 90
4670 75
4730 42
13034 21
3539 95
7531 10
1763 99
14070 29
2885 72
439 75
3371 21
9636 78
9973 87
11485 11
15619 52
5596 56
12832 38
2093 78
8222 41
81 58
4153 79
2296 15
6414 67
6122 20
10027 68
5857 82
6239 95
15160 68
7640 7
14722 1
9425 61
9796 69
10544 51
7867 96
12761 76
1025 75
10849 41
11127 33
1218 78
1189 29
8393 40
7814 4
11046 30
2619 34
9115 54
795 100
724 21
8550 24
13363 89
13135 88
4270 93
3487 52
6872 74
10820 75
9127 5
9143 84
5435 5
10252 1
4135 82
13038 16
5725 90
8810 7
12981 100
16160 93
4856 22
1875 51
2103 63
3770 21
8635 45
4308 58
5231 15
6 33
10254 90
10126 5
5820 72
14649 69
6737 61
4988 24
5148 98
7614 36
2648 36
135 82
10883 87
7215 65
1073 6
3470 70
14174 68
2260 48
15878 99
13339 15
4494 15
1195 75
5702 19
14277 89
2736 72
15645 97
8828 22
9967 14
2772 60
12618 58
3182 13
12840 67
13096 88
4183 16
686 84
2332 32
5690 52
8759 64
13756 98
4682 76
15987 77
550 75
9945 57
10672 54
733 38
10984 90
1589 75
13667 41
12572 24
3448 79
8995 74
1616 64
203 86
97 53
10025 40
3285 63
6747 93
14026 23
10136 88
6617 9
12103 73
2890 6
1043 7
12622 87
7905 91
7119 99
4584 40
11887 19
11910 85
13429 14
7695 69
12997 63
3598 65
1679 13
14828 47
11296 54
12296 10
14425 69
6692 2
9564 38
11897 29
14829 25
1225 2
10552 45
886 5
13649 2
4413 83
13440 27
3561 96
870 69
13553 38
14918 38
10695 24
15355 65
8682 99
12945 98
5248 39
2833 24
13987 89
444 54
9529 39
7988 99
15589 96
10018 77
4498 18
8761 3
13608 82
346 45
1592 83
960 96
14387 50
8288 3
2986 84
5491 18
9628 7
10349 65
16080 34
12719 31
7973 96
786 67
5120 28
15076 78
6753 74
9167 95
12535 84
8860 19
16179 83
6360 29
4510 24
1018 81
4906 11
12111 35
16098 34
4442 83
15140 49
9222 58
5338 13
2994 80
2511 90
9731 43
6918 54
3345 78
6830 39
10939 87
10067 44
9791 74
1398 30
3885 88
6167 80
1567 59
6422 37
2750 14
6267 25
13442 79
10805 83
12636 51
14515 77
7700 37
13526 1
1981 27
4810 58
11987 45
1970 6
8717 84
192 71
15065 14
791 83
6987 35
9866 41
14907 32
10439 84
5199 45
946 38
5003 44
14971 33
1697 63
7505 13
13469 26
9892 26
10426 54
13453 3
125 26
2217 24
7967 20
2469 68
1744 82
13741 1
16094 94
14151 76
3669 2
7453 12
8653 52
5531 6
13022 73
13781 23
1425 68
12485 1
2802 21
15604 71
318 79
4734 74
9758 27
1027 55
2007 66
5501 31
5565 100
4314 53
14251 18
3054 75
1996 89
2660 72
84 60
14617 16
12653 52
14022 84
4980 50
5221 55
2317 49
3324 13
10044 100
8689 68
4768 82
4068 56
2721 52
5971 79
13903 3
16082 93
1129 39
5080 60
12337 19
4602 31
2246 82
9986 4
1424 53
3176 83
15323 70
9549 81
4927 8
5988 30
192 20
4202 39
9818 95
12526 86
8416 81
3076 41
10021 10
11703 97
15013 55
9813 72
4996 59
712 22
1552 90
11585 93
2434 62
10103 62
9505 88
5337 69
8562 29
1002 96
2515 34
12179 64
6616 69
11380 5
9594 88
12629 39
4050 79
13112 61
11163 5
2324 53
2897 43
1615 16
9683 93
1875 19
6113 93
7395 78
5714 45
4396 24
12605 23
13745 59
10492 35
11266 82
15467 73
9964 80
13709 3
3792 39
4667 41
15548 68
5527 39
3101 93
6956 91
9819 100
540 35
2178 50
14385 85
13374 44
2449 86
15877 4
15572 24
10674 68
4696 35
5561 26
15667 30
6206 43
10787 5
3562 58
9031 82
3617 39
11240 28
11995 25
7925 27
6133 51
12461 38
4869 38
6913 1
2995 23
4697 63
15235 47
3261 39
10483 4
15928 69
14945 42
2840 11
1895 18
6008 48
9280 1
14706 33
5117 20
10581 87
6738 6
895 60
8559 96
11000 77
8317 32
10277 79
1382 96
4069 13
544 37
4222 78
1867 73
11226 91
2552 86
16181 79
7884 68
9467 32
2118 2
1848 73
516 72
13903 42
10574 71
6217 88
1372 10
580 22
7218 95
5994 99
2036 49
13696 56
2061 53
3378 24
13284 90
14253 79
5256 38
7019 4
2725 89
12654 26
16030 84
2920 84
1799 10
7012 52
309 97
9837 45
2198 5
8816 45
2076 1
8775 49
4628 90
6613 34
14773 92
6224 100
7033 94
15803 97
3440 17
4971 8
11063 76
1453 95
12073 51
10350 41
2548 41
1820 28
14542 90
8883 54
15758 89
10291 74
14554 38
15143 94
6046 43
8440 31
1464 80
9698 52
5908 33
4065 78
10078 91
11348 100
4930 74
6892 82
3542 45
5728 27
15383 82
8740 11
5268 75
9432 42
10310 9
899 35
7198 9
7525 32
13253 80
11188 66
12334 51
9570 16
11944 26
14396 83
15479 49
10548 40
6626 41
11547 61
5259 32
6730 16
14657 3
13350 22
2646 34
14213 12
11891 33
12175 28
4928 54
10612 73
10651 4
8065 46
190 46
11033 52
9661 86
4480 11
1303 100
1127 12
15030 85
9024 76
3068 49
5673 11
14494 81
5862 66
7562 25
13526 45
5699 21
13346 57
6126 13
4086 9
13008 14
15024 83
13795 95
12221 74
8487 28
9872 49
8634 9
16274 2
1725 27
16149 88
8374 43
9573 50
3029 3
15574 66
1467 81
12121 77
6301 68
14967 35
14730 65
3647 37
9137 11
14208 97
4416 63
7413 45
4599 19
10883 72
13172 52
15881 2
8978 21
9564 66
4300 82
1591 9
12698 33
985 64
10431 83
13258 86
16262 62
13174 75
8749 54
15420 52
6183 50
165 64
11787 24
9909 95
15241 91
15556 85
792 8
13164 77
7406 39
12361 34
7891 20
6471 29
13429 54
7043 16
8578 54
4185 55
6773 23
2686 13
12076 60
10567 46
13909 42
14209 82
11079 44
15072 4
15988 32
15318 80
15300 73
7335 90
1793 34
5568 48
8166 32
11817 37
7421 18
14208 75
6271 87
13566 22
14839 45
11249 27
7435 37
1414 4
15700 32
1858 40
8754 32
15816 48
16029 66
11157 75
12802 46
3988 72
10827 63
6677 70
3746 30
7363 49
12351 17
5587 22
11689 32
7739 39
1027 70
5697 88
15142 87
8684 5
10100 86
2399 1
12325 23
5005 50
3621 31
10226 94
15432 35
5926 65
2055 20
5264 40
14636 64
13633 30
514 90
4502 69
12608 18
4512 75
4791 83
490 97
14248 12
15090 16
6843 37
15231 38
3864 52
24 35
13085 60
11153 89
7385 65
7717 13
10874 48
1358 31
13439 67
14976 99
4995 16
2451 45
10458 59
11266 65
9528 42
5078 40
14256 21
5407 39
10154 57
484 49
15547 95
4482 79
13459 44
8837 90
14475 40
11545 69
602 26
14786 23
10341 39
12365 51
1463 17
4871 30
11547 76
14981 45
8149 37
9211 67
15984 43
10983 38
7028 55
15689 65
13581 37
7854 28
15204 32
4241 48
8007 20
14023 44
6852 82
16248 17
10231 15
13865 8
6599 10
53 97
3231 92
10902 88
7750 73
3674 49
9645 84
10099 42
7791 62
12047 39
14713 99
4082 65
1060 29
914 40
9707 29
13041 38
6144 95
10745 25
5796 86
13251 78
137 64
12567 34
2578 39
1106 93
4182 60
6910 22
10144 3
13084 94
10339 35
11709 13
10578 39
121 25
8183 89
6497 12
3787 98
3672 12
2050 74
9970 16
9612 49
5860 22
14656 79
15545 87
7961 16
14535 91
12100 83
12475 82
14292 24
4520 18
15405 67
10708 50
11287 95
9965 13
405 94
5203 63
116 63
9144 49
1188 82
8974 100
6193 23
8168 76
1876 69
8768 32
6669 60
15451 85
14960 81
6666 70
10277 5
3436 91
15289 93
16295 14661
