70
8401 16
8613 71
5562 76
6163 57
2575 39
6854 65
7141 64
1263 44
7986 64
2077 22
175 3
1226 61
5647 6
7214 70
9208 18
2929 31
6991 72
3397 21
8138 12
8701 71
8939 71
9420 42
2031 40
8549 79
4354 11
6719 66
2751 13
6954 19
6575 79
1462 26
326 73
9520 39
4659 48
146 72
9533 59
3732 31
7908 18
8453 19
7033 24
490 53
2902 11
3735 70
707 25
5361 40
8850 22
58 66
2849 59
1143 71
5782 33
3155 57
1367 62
2005 41
1861 47
3054 19
6193 23
6071 72
3033 55
7023 44
677 47
7794 34
6923 3
8760 52
9128 1
4429 71
4286 50
3161 62
2660 32
3660 62
4193 7
4001 34
9667 324
