4583
17987 67
282 83
16507 7
12508 32
7201 28
12804 41
6550 93
1235 91
13671 4
7367 10
5187 53
756 20
687 8
4717 60
12813 10
8118 94
4767 22
14248 50
10634 39
18129 26
1758 58
13993 39
4511 50
15167 8
10709 52
18211 1
11340 16
10616 61
1566 75
13718 88
12777 51
9782 62
6924 92
2257 40
15350 60
11394 48
11821 29
10874 79
12060 13
9113 74
7831 50
4735 36
11549 52
12904 47
3032 68
4303 41
8532 86
11976 97
5393 93
5725 2
6843 25
4662 47
7539 41
8525 59
12052 38
2637 68
5673 84
9400 94
10212 8
9495 41
11631 69
5345 31
7487 11
716 15
787 37
15671 75
4358 37
9051 43
12135 62
13800 6
10675 61
382 40
5140 28
4237 76
15017 43
13750 88
1097 64
8364 64
7613 38
6269 67
14024 72
4856 56
4026 18
1031 95
2657 60
2568 66
4049 2
5750 50
7403 32
2501 6
4174 71
5017 100
11282 99
19703 97
16854 95
5169 86
6807 74
7308 100
12267 3
1959 8
9229 67
18329 79
11943 29
1171 63
542 71
6183 35
5633 51
13576 100
3408 60
8040 17
7314 90
18198 39
273 55
19387 16
12705 40
11906 21
16116 79
7743 43
11288 26
286 87
12353 56
6013 68
17865 91
9291 16
10869 26
3317 98
13562 83
12404 39
9152 23
19509 76
18661 33
9662 19
14213 61
17870 43
2349 94
15175 1
11729 97
1177 36
9867 83
12957 21
8468 9
17219 72
1557 15
19129 34
8991 23
1229 35
7614 62
18897 25
1364 7
12289 57
8720 47
4181 62
7277 33
18732 60
370 67
11360 55
10410 21
11034 96
12768 8
2300 51
2010 25
5697 46
19509 91
8917 4
1770 14
2489 21
11164 82
2986 61
14238 72
2569 20
11398 31
2766 73
5078 6
7001 50
645 67
3496 54
16470 71
10619 48
5957 68
13632 59
450 7
14782 27
14086 16
12940 71
1991 54
9710 83
2731 47
10288 64
532 8
9418 37
6878 49
10246 17
8998 99
8211 6
7438 89
12586 72
9096 12
5044 90
11828 39
1068 68
6036 15
965 41
3610 4
16345 95
5100 67
4635 54
11543 20
8518 53
8390 15
6147 39
2188 99
17165 24
12949 23
3463 50
9017 33
11730 67
16013 95
4147 48
438 100
14843 71
7655 59
7189 52
11050 70
15804 49
4579 85
6882 64
4820 56
4107 13
4512 27
2558 72
529 56
2781 28
8471 26
16396 9
2951 56
11484 76
10380 24
13988 40
5421 98
2223 34
13536 15
8603 12
469 6
1402 39
15373 48
9675 44
4572 86
9099 80
13033 81
3864 23
11450 73
10729 93
15728 34
3680 17
11011 19
8553 43
12369 4
4599 49
10647 71
2708 41
5489 41
14528 45
9879 46
11822 99
104 58
18 43
3122 33
2118 86
13058 94
3136 76
15333 3
15152 50
4542 20
2982 20
14663 61
442 4
6983 28
8614 44
8790 76
3575 28
12570 22
7656 20
11255 2
6715 24
11722 6
1245 65
8874 29
7501 7
6832 95
7280 3
1480 62
18227 48
13115 60
4932 100
9979 32
8506 88
1965 74
11312 20
7210 59
11572 51
8296 39
2352 87
5770 61
8968 71
16559 25
3393 30
3118 84
12593 4
10417 57
5220 98
6324 85
3391 75
11397 44
10979 39
18130 99
1864 14
5989 98
5583 7
10090 79
15272 74
11585 10
11452 88
9078 10
4358 8
12094 35
12992 45
7036 25
2893 87
12340 62
1433 94
8915 72
7652 6
14640 46
5798 76
3420 43
7531 19
15856 78
1194 94
19147 11
12783 73
5213 46
1093 6
5212 20
7073 3
2628 22
5949 61
13926 69
4944 59
18269 82
6003 39
10091 65
18107 19
1091 57
3307 84
10001 41
10072 83
3515 70
9367 73
10598 88
1704 37
6449 86
10137 39
4961 66
956 76
7528 8
4616 63
18588 5
11953 62
17858 7
10811 17
1372 31
19045 29
14011 56
14218 21
3469 62
3448 14
9125 49
14427 85
10239 91
1660 5
12786 19
8202 73
14329 71
18629 6
12010 88
12142 13
3241 1
15466 80
4849 18
6874 91
470 94
8317 61
2298 67
1624 78
15137 16
11467 31
5507 10
19057 52
12425 87
282 54
1882 61
3879 81
3107 15
6306 8
3301 65
13426 42
8815 48
4085 87
17639 100
2124 91
15325 65
779 50
9597 11
1493 73
5192 26
3078 12
12443 12
11103 89
11171 21
17018 27
17184 46
8939 59
12603 5
3366 67
7877 4
15651 84
16442 78
3970 61
3738 17
814 32
8279 78
6083 97
9755 67
7866 92
8788 15
5642 60
2089 35
16701 85
6222 95
10853 90
11583 67
10624 44
1333 75
1365 73
5693 52
11295 84
7857 13
6846 32
12644 80
3084 71
13374 78
7870 1
5500 10
8972 85
7077 32
9955 79
1745 13
3372 47
8940 28
18171 37
7407 44
9586 74
6750 17
1039 46
14113 73
7453 65
12869 36
5342 19
3270 9
5920 51
10091 74
15601 71
4111 94
5639 26
2921 22
12186 74
7770 82
517 37
4711 60
16174 10
439 32
681 71
12182 34
10905 93
10334 10
10084 94
120 99
8398 6
11614 62
11225 73
2716 91
5496 48
11992 24
3745 66
18143 92
12350 37
17337 43
10383 41
19512 65
3396 72
16124 16
5746 22
18437 34
472 31
4725 37
9030 35
18327 20
18946 98
12821 23
1257 76
1206 83
917 10
5807 57
13464 50
539 35
12583 79
16388 67
5684 29
10985 18
2393 3
3000 4
16454 85
4196 42
5968 100
2956 3
3543 44
9973 80
11385 22
18466 90
1652 66
9812 38
7818 83
779 66
17779 100
12892 77
3443 17
176 9
12912 19
9995 4
17370 7
8133 17
2829 66
5819 47
12851 9
3213 58
14583 83
13546 44
9385 87
18072 83
12243 46
16450 50
5023 78
9980 37
6321 24
16786 37
3780 15
1864 15
6484 97
5904 32
12299 74
156 9
8412 46
7653 43
3555 40
12328 21
831 1
4516 57
6656 29
281 1
12741 76
2563 55
12885 19
3742 19
4248 18
17636 31
2108 1
9907 23
6929 66
17742 6
7810 94
90 80
3444 89
16045 70
6624 23
4749 79
10880 44
7781 53
5870 64
858 43
369 96
6220 56
6184 12
7259 48
2616 1
812 85
5300 76
4534 93
2631 59
1346 41
1961 84
4834 21
7314 88
4289 6
7895 30
13024 37
14550 60
12367 67
14101 100
6719 92
3098 7
9095 15
10702 23
2976 58
8806 83
19318 38
7552 11
15019 34
4034 55
6674 12
9792 4
14824 84
15469 61
8182 40
13876 4
16068 35
11415 97
6491 82
4363 10
6085 40
14757 24
7761 13
4269 12
3929 61
18173 86
7044 10
1149 50
203 95
6664 8
8508 35
5325 66
4220 54
12663 71
13001 85
17881 86
11436 3
15054 2
12751 98
4508 1
12671 80
2791 44
7164 24
2761 5
3137 52
6500 64
5709 92
64 38
12261 87
6761 88
6104 40
2394 42
3514 76
6043 63
5393 10
5745 31
10405 98
11348 50
19084 30
1414 13
11424 66
2669 22
1805 68
8148 77
9643 43
8770 64
19065 79
6104 75
153 53
18938 73
12574 11
4211 65
12372 23
780 52
12339 80
15098 25
406 49
17095 94
9105 1
5306 51
4901 63
2762 41
10175 47
10429 56
6099 28
1153 92
18662 83
7939 73
14354 59
15062 81
12558 83
7754 66
10910 41
8261 83
17120 45
11835 63
13834 17
7357 16
13234 74
14637 67
13004 27
13864 37
11634 20
3677 95
5726 10
1648 33
2855 89
1249 67
5453 54
1968 86
12290 38
14016 62
6069 79
10503 44
6478 37
3710 89
58 40
1685 79
2797 68
3017 52
2529 16
8388 25
2401 35
9213 37
12037 60
12752 54
10752 98
15984 35
4303 16
1611 71
11200 64
13558 52
18307 93
9627 51
13115 17
9627 100
14081 45
19063 65
1524 74
4580 56
13441 68
11117 96
5845 59
7582 75
18146 63
4959 65
5855 100
19679 24
14394 40
18945 41
8305 81
5890 70
10833 98
19549 48
13253 72
17899 43
11798 80
2115 79
1197 7
9861 53
11346 90
13833 87
5591 99
2687 44
7132 72
12676 92
9866 47
5715 34
2637 9
10545 99
8411 11
5942 26
16510 37
5937 60
10092 5
9862 10
725 64
10258 57
9125 71
13855 29
9236 41
8720 77
16818 58
8407 74
6294 79
7892 97
13922 89
3133 78
10524 8
5109 23
3611 37
6109 98
9425 49
10806 78
18780 71
11270 67
6970 67
6717 19
5070 36
18387 76
12467 73
9487 79
831 56
9252 71
3460 95
10337 35
8934 31
8926 4
1997 9
1376 87
7404 38
3954 89
6907 34
2038 3
6628 52
12434 32
18452 85
8324 5
16005 7
9790 24
11571 100
7706 97
10403 35
7353 29
15478 44
2102 3
3946 26
19405 31
2525 62
17925 73
11299 94
5211 11
8770 17
6175 26
17980 85
8404 26
12244 89
11800 24
16012 77
2229 44
14638 14
2442 75
14557 6
4668 70
6983 99
7180 56
18540 98
16501 56
7656 60
12958 19
8032 88
13870 45
8907 64
18942 97
3960 33
6195 94
3968 47
6681 6
9549 94
3847 94
1250 29
16644 44
5333 48
5673 85
12894 77
1235 15
10770 23
7316 16
11937 87
7829 15
8863 63
10607 98
7945 39
1475 57
1974 93
7310 94
18744 64
9360 50
4441 81
2751 83
9809 94
4208 3
8282 18
7758 87
5888 56
5066 3
2778 43
18621 85
5191 83
1347 48
15173 53
3865 35
1208 53
16006 78
6424 43
10111 84
3400 38
4679 66
5670 45
6563 43
1359 2
5951 44
14176 97
12109 54
7361 1
16239 86
16605 5
13527 24
8682 6
3500 19
5135 67
2480 60
5299 65
277 73
11648 28
221 80
2847 85
7881 12
8970 66
4466 14
6655 18
18421 72
16787 66
2577 78
9851 68
6080 30
11077 70
5520 54
1318 99
3769 87
5767 7
3382 65
8442 33
10031 68
9486 36
7530 49
8586 27
8350 29
3438 30
1587 49
12482 52
7584 14
18638 78
10877 19
3626 96
9981 93
3639 70
16411 7
9819 6
315 34
8262 12
18847 78
18933 46
1622 6
7018 10
6485 100
11883 64
6677 76
5775 72
8640 15
4934 44
8835 35
4761 86
5027 53
5603 96
1191 90
1758 83
1322 2
10660 97
15297 74
2739 2
12271 68
3315 82
16846 36
179 13
381 77
11267 31
18756 80
5556 9
12604 96
1048 27
4448 35
2768 84
15234 88
9808 35
2994 94
8238 83
12068 28
2029 77
1185 9
66 12
12831 77
9192 9
7140 17
19101 72
8736 64
8045 55
3338 30
7974 30
961 17
15964 43
18419 54
18670 11
17481 65
10185 88
3144 100
6945 92
18672 65
11633 62
9015 29
9270 28
7588 96
12659 5
6252 59
10984 91
9297 73
2896 7
5706 97
6395 28
5786 70
4124 89
2736 4
6523 31
2066 62
5694 43
8696 21
9401 7
2040 68
7592 27
3956 61
2332 82
4220 47
16856 10
9076 23
6238 92
5507 76
19308 83
14205 6
844 84
5106 66
17880 66
5641 56
9994 59
16496 1
12215 78
1720 68
2252 67
13680 75
12109 100
9309 57
17182 9
10524 86
6212 74
1399 17
8605 23
15832 13
15790 80
14128 87
11835 14
8264 87
6404 11
549 37
14859 93
11893 62
15718 61
1692 15
2371 33
13788 17
7197 62
8841 6
12661 72
1000 15
6740 34
10770 26
5962 54
18667 93
9752 40
9591 44
14794 90
4601 24
8572 37
10015 36
458 38
6377 21
6041 15
16985 60
12520 99
5017 87
4679 38
679 40
6742 38
8574 28
16030 19
642 28
28 5
15390 16
11590 76
672 85
7889 7
10889 25
6195 33
8377 64
10982 92
4881 57
17458 74
3474 22
18792 78
3145 72
12282 63
6134 14
11273 63
1070 67
19240 22
1012 46
11363 76
15913 98
11380 16
114 90
1412 19
9110 90
13433 85
8105 19
4207 66
6572 80
12225 19
8102 89
909 6
15507 12
170 19
715 66
865 97
8160 83
5858 61
11072 1
189 96
5257 94
677 15
5298 72
13951 14
1763 80
3438 69
3407 26
10185 95
12389 96
8557 44
4600 45
3077 70
6184 29
6931 30
9730 50
1214 91
12082 48
7253 71
7286 12
10656 10
16193 45
173 92
4049 57
5060 2
10014 3
6904 3
19269 44
1842 43
6935 59
18807 20
12162 80
8041 53
14016 41
2321 63
15037 92
19419 94
3564 51
9954 68
4084 41
7278 52
5077 24
10159 5
7288 79
4337 48
6439 38
148 60
16494 96
1748 44
7293 100
7485 30
18255 59
9771 58
8270 49
1442 5
12392 54
9424 83
6389 91
1087 91
18266 57
8300 97
11886 37
14872 8
3227 53
6151 13
19667 30
12166 44
8423 82
7345 70
932 64
2420 47
500 37
7689 48
1479 45
14895 63
5287 75
1406 54
9816 37
2139 58
453 4
9224 21
11483 39
5735 45
11891 53
8296 18
9781 95
1493 38
889 18
1557 20
9083 98
8163 63
2111 88
8016 31
11299 54
6675 100
5591 21
8917 46
7693 78
10601 69
3977 55
12388 7
2635 83
13936 82
8372 80
7165 50
13925 5
3592 90
4829 9
3296 21
6433 51
13990 60
17527 35
13466 82
11648 71
16670 53
8226 97
2953 19
4920 8
15529 23
13174 68
4808 37
18892 27
10789 47
4951 74
11829 98
9848 93
3496 93
4471 66
7993 4
6050 83
761 63
10197 10
16 87
1057 89
8724 97
626 82
4478 35
12270 100
13226 4
2127 42
9315 24
15518 23
13727 86
1952 27
956 36
17849 86
12171 68
10908 83
13532 64
626 22
2606 9
3963 45
52 7
821 99
1324 60
4786 66
7515 69
15544 22
11273 61
1466 22
4418 53
6902 27
8530 69
6157 27
11253 13
4967 44
162 97
5708 5
1741 68
9158 40
4902 47
16455 85
8752 59
781 46
2437 5
16013 43
968 45
10401 27
6905 60
7201 15
17032 13
7496 63
10696 63
3526 67
3957 84
14837 48
14916 29
2996 99
5598 64
6655 58
156 70
14560 72
9569 15
11802 45
17636 42
7036 7
11884 98
6748 30
18009 73
9905 27
4404 66
13577 87
15594 38
4579 66
914 6
1492 62
4273 72
625 20
19709 51
6044 50
12200 12
754 86
473 43
6380 2
12216 97
19389 72
4079 42
6220 96
17837 2
3986 96
7214 88
17597 3
2172 27
12586 85
11440 89
12912 18
1472 97
17995 28
10163 75
2124 11
10105 33
8893 47
7901 56
11768 20
6408 49
12179 61
14537 62
770 33
597 20
5028 87
7555 13
11499 96
3276 24
11598 67
13071 40
1196 28
2329 79
2927 83
10723 37
2170 78
5788 7
2455 22
3164 60
6915 75
13557 97
13527 8
8049 27
5423 77
9300 55
1721 56
4328 97
9568 65
6211 66
8369 41
17684 23
13034 99
14319 37
9061 31
9481 2
5116 66
8883 3
2906 17
3483 12
10420 24
17865 81
10614 14
2399 50
18607 11
12623 58
14156 37
11128 7
13503 83
4211 93
15851 31
7627 52
9024 9
7483 54
18983 76
7431 66
7584 74
1471 94
9501 75
15995 27
5079 58
19701 47
4324 42
3095 61
3615 37
432 36
8139 86
8119 58
11008 21
17174 59
4052 37
3996 70
9529 6
4784 18
17832 67
11308 96
10038 9
12174 97
4452 20
2554 10
1884 46
2128 55
6106 90
5039 16
2192 90
19635 60
14170 8
13967 89
7905 73
842 73
4026 79
10630 50
7445 37
14801 32
2454 92
15400 20
12223 29
1721 72
11988 88
9441 6
4908 43
3494 71
1873 88
15302 33
5842 66
1764 83
4134 19
13458 87
2467 93
6167 12
1064 38
11689 49
10896 86
18303 41
10393 87
2901 25
7476 17
16504 63
689 1
9288 32
18272 22
7211 100
3497 86
16215 96
12074 98
4887 93
18159 57
4218 63
12055 87
12060 81
752 81
3054 79
9699 23
1700 43
6161 28
821 60
6077 81
3749 12
2595 5
12253 46
19220 52
3125 35
7859 78
16070 16
2204 42
2622 11
10366 90
11736 29
3458 9
7370 53
9566 73
17813 79
7471 90
17348 35
16732 91
4897 19
4986 90
19717 90
11324 49
14449 39
5734 71
2889 17
9776 91
1307 52
5477 37
3175 96
10324 99
12889 96
6936 6
15388 22
10499 17
7758 49
15060 24
1552 15
5957 45
9616 16
19390 99
19663 82
10432 52
12956 2
11196 69
11534 76
3271 91
7817 35
434 24
4647 87
9442 78
11336 50
7994 7
7133 96
4028 30
2077 10
12268 94
846 54
19202 96
6534 21
14811 45
9007 97
11111 60
14927 100
8774 49
18579 79
1751 95
16420 20
6948 99
9972 50
19267 93
2631 71
4396 95
19313 49
5288 40
10721 64
8957 78
11870 27
6152 39
3717 15
12071 24
18372 47
3487 12
1001 38
437 31
9938 66
1967 46
12003 26
1513 50
10141 79
18564 23
11677 66
4752 24
10264 34
8293 19
98 16
1927 34
4928 38
6402 96
5535 99
8502 48
802 58
2503 92
2079 87
7485 49
612 24
12384 42
18895 17
11434 74
1276 50
6763 49
191 55
1464 39
18869 59
10707 39
1871 49
17171 94
2376 76
7497 60
13570 82
5522 53
11601 96
7414 16
19071 84
4548 32
1671 75
5298 69
4038 36
19203 2
8827 28
11716 58
4596 47
10596 60
8653 35
5663 65
11901 88
3365 65
11753 71
6694 58
8871 51
3573 40
15435 73
3366 6
14978 7
3248 99
9276 16
155 93
5818 1
4769 74
848 15
227 84
18594 95
830 95
15798 62
8366 36
8297 50
7339 48
698 40
8578 17
6868 4
5127 12
8834 34
14661 40
7301 3
13805 73
12621 95
9867 17
12655 12
2853 95
19007 39
5985 9
7872 33
6432 44
1116 73
4240 77
3306 39
15952 58
2748 92
10074 53
1374 93
4766 69
12364 89
2235 83
16144 27
6445 22
10240 11
1250 94
1729 96
3242 61
1756 66
14882 55
11455 81
12230 36
6259 93
2501 79
3696 27
8686 45
1506 40
12617 98
8283 49
379 44
5030 87
4638 62
334 19
11639 70
13726 13
7645 10
9319 4
1994 12
8786 13
3152 52
6816 41
9546 26
1150 24
12539 100
4990 28
18312 64
12180 37
2001 82
18081 66
11483 84
9270 72
10937 59
10963 42
4760 98
6065 20
5289 33
13568 92
9173 79
6581 17
8079 50
5749 70
6761 31
1630 31
7374 5
6802 14
800 87
33 69
2138 42
1290 37
19076 11
1096 54
17317 37
3995 46
8153 9
6670 60
7407 67
13650 93
9625 64
2445 8
10171 12
7512 57
15500 42
4605 27
6535 22
1580 83
2482 7
3196 84
16652 40
874 56
5824 64
3601 91
436 92
2311 99
3387 92
4508 67
8578 39
18391 37
11357 46
15445 69
12065 87
3638 55
3213 53
15584 44
2214 40
4507 55
19375 99
12870 51
5577 60
1448 71
15778 50
4651 46
8929 45
15139 12
8433 10
11914 17
1765 51
2875 12
15454 53
2301 67
7471 58
5125 61
18938 6
10794 44
3576 29
17979 8
7435 15
6338 76
12969 14
16197 24
5509 15
6730 58
19620 79
11039 60
12106 89
6233 22
2450 9
16608 4
5853 90
360 75
3043 11
3262 92
3286 3
19666 89
17549 23
4164 95
13164 17
12560 80
6417 70
11034 90
10950 78
18046 71
4456 95
10001 98
12984 27
10596 10
8323 15
17244 86
6975 37
9186 85
1888 36
4380 31
972 79
9573 31
16383 38
8465 38
8173 83
8948 48
13481 76
12446 73
6098 32
11943 19
5500 33
11502 38
1178 82
11935 60
12521 76
19705 19
16155 37
10972 99
7221 23
19223 60
12074 38
9269 47
11257 5
8886 76
14940 98
14556 68
15522 88
7071 8
12822 77
5728 42
19185 56
10164 26
5758 36
16869 32
3952 58
3637 24
9668 19
10479 98
14380 22
6958 99
2474 57
2139 91
8625 21
8555 72
2056 99
8413 95
13120 80
5241 42
841 96
1556 46
924 35
17266 82
19180 7
10362 27
8457 62
5184 18
15364 44
11473 51
2952 35
4442 26
12728 71
11386 11
7070 43
4942 66
17860 8
11494 21
6993 29
14294 2
5098 62
13964 64
601 46
5059 61
7090 7
709 47
11748 55
12917 11
8546 50
12992 51
2515 61
12569 82
12855 73
1786 6
13703 12
11369 1
9246 11
12927 32
19428 21
12004 100
1787 67
167 41
10905 29
3279 17
4466 39
18522 5
2714 47
2577 54
12521 62
12748 11
7381 14
2344 9
6351 27
6154 23
16754 60
1962 27
8989 84
14347 96
4183 64
13656 49
523 79
6816 98
13025 65
4891 30
15907 24
6385 81
2856 17
4402 75
2351 89
11910 93
11711 59
6661 46
4214 57
8570 4
10482 89
7205 100
15235 86
9791 87
7498 74
7229 74
7457 15
10188 29
10056 97
5251 28
1936 82
3230 98
5802 33
15625 13
7235 31
7280 61
17713 27
2865 36
20 83
13502 58
8094 19
921 67
3139 94
6421 94
1241 87
9252 14
8239 34
5594 94
15357 94
8627 64
16855 53
9099 55
2525 86
10141 15
3359 99
10637 69
19144 8
311 35
17361 34
16433 19
9939 78
4648 63
10104 76
18346 1
5990 76
8494 20
10596 48
19285 14
8882 40
9059 35
6635 37
833 71
13678 99
9990 55
10478 10
2983 78
18649 83
15743 13
14223 16
15011 71
4270 36
14942 47
10544 12
16957 27
17308 43
16025 18
2718 78
10081 83
12630 83
5390 20
775 38
1315 42
11969 42
4914 62
12999 71
8512 56
19136 89
5208 62
4776 48
1227 48
9791 15
17966 63
9634 73
12149 23
19309 34
18043 72
18020 12
7178 18
9041 82
3680 49
17001 97
5677 41
8502 40
12311 34
12260 68
10924 98
3183 29
5419 49
4405 79
7162 74
5719 21
3878 1
5161 30
10223 44
17746 88
1041 98
9149 21
6607 40
11270 20
14023 42
18268 93
12611 34
16115 16
5295 46
8617 100
2191 52
11496 67
8005 81
15566 96
6734 87
1931 39
9014 80
10251 48
5305 3
15318 47
10817 17
6196 15
12568 38
3464 66
1986 65
2850 39
10940 5
12520 89
12979 66
2422 91
19667 51
12486 68
10453 53
13467 90
2407 44
10616 33
7088 73
10687 33
4300 63
782 56
2901 2
12570 13
1253 81
6174 58
5273 27
2935 3
12759 36
3773 99
11549 52
17076 30
5498 9
1960 79
10524 5
19014 88
986 26
5953 24
6010 69
8871 77
7095 24
11347 39
7425 84
6935 91
2821 74
10833 47
8419 29
4756 60
9069 44
9288 77
19062 56
3845 64
3030 10
12276 98
19259 94
7735 92
16569 14
2895 51
12494 72
9375 59
6618 33
17994 84
1109 89
11429 13
7880 59
1822 42
1477 20
2140 11
10789 62
8153 94
14752 53
3856 29
4688 27
9946 7
17465 9
10327 49
8413 10
4684 7
5998 14
4608 97
10004 33
9424 83
15413 8
16531 64
12158 64
10166 18
7332 71
3415 97
12582 40
17596 75
9253 62
14982 75
5782 67
11599 72
10306 37
16413 23
4056 6
5192 27
10142 40
15321 57
1349 95
17272 9
2407 54
4983 16
2757 27
12720 46
17830 79
885 97
9613 1
8682 86
4546 6
11551 16
11688 85
3139 99
4397 60
11384 67
12291 67
10167 17
8677 27
18618 9
9885 29
17060 4
17604 92
16237 44
11339 73
14102 86
2561 54
5980 35
8693 80
12692 75
477 56
16346 13
598 56
17770 59
5683 63
322 40
10048 87
1326 91
12680 82
16052 87
2659 9
8043 63
8443 59
1050 17
10577 62
5613 90
4291 65
7192 52
7101 6
17975 38
9024 80
16520 86
5688 71
17223 36
4089 43
6278 7
7993 3
18913 2
3805 51
3234 5
6715 3
1568 72
5313 41
5789 83
7357 93
3812 14
5140 52
688 23
12557 87
12934 94
2836 20
11345 88
6534 45
4368 75
12682 40
4400 16
13148 72
2282 70
9989 53
12723 15
9964 57
16222 77
3804 93
3086 74
7225 70
17637 79
10487 73
7992 25
16557 61
3055 13
3862 88
14895 42
6426 39
11575 60
8331 86
7292 59
10425 6
12349 65
4719 9
6877 68
5982 23
9478 59
18860 47
4482 51
17474 38
2596 5
1918 1
10425 14
2812 73
1963 5
7001 74
13681 5
11192 45
10605 46
11513 15
13707 5
12023 48
1470 27
10019 64
7836 41
15053 100
5749 94
8941 41
11576 37
5794 6
13593 62
9593 35
1706 78
8306 44
4777 13
11383 74
10298 60
15769 44
8405 3
2402 34
10154 76
8651 30
10691 17
3911 79
17653 90
5769 7
3135 11
3583 63
5791 16
11118 40
16838 78
8176 40
1855 85
7591 43
1043 26
5015 11
2291 48
4571 86
10697 1
8865 39
6676 94
13124 6
7931 19
12505 76
5992 63
9524 70
11369 80
2668 72
11746 69
11213 77
4416 29
3750 69
6629 16
15750 51
7505 31
3318 25
1549 44
5431 69
14614 82
17693 69
14204 66
6733 68
14216 15
12287 18
2922 12
4500 42
12567 67
7829 27
10902 20
9263 9
11309 46
9842 57
3575 41
13339 22
4916 85
10451 85
7680 18
19264 68
199 37
5262 6
8993 17
4714 2
1913 89
17042 21
1919 37
5262 45
7683 79
8173 39
13132 61
8275 31
2112 36
11777 22
14920 83
11413 69
11772 55
19280 80
3149 65
3301 85
9506 30
8064 39
10424 87
10491 5
10696 18
1696 55
8994 51
1383 22
4856 34
6833 55
17052 31
6601 2
7905 72
16426 32
9515 7
18061 51
2278 51
628 44
697 25
6191 38
16163 78
16494 73
1778 4
10756 21
7214 4
10474 76
324 13
2427 33
15203 10
1838 6
5159 4
14569 61
7797 40
4713 58
678 88
12685 92
2267 28
3680 77
223 15
14989 23
11399 57
1717 93
1915 11
3123 89
9242 21
3674 59
17764 24
4481 37
3234 4
7819 44
4294 15
11434 44
8143 95
3232 64
11827 88
19350 16
15355 66
2317 62
11951 22
19554 34
13822 10
7886 61
8236 42
12765 5
310 76
7102 51
4230 19
10252 40
2493 32
12296 16
10072 73
2971 92
11810 26
11550 55
5634 77
3994 60
1715 41
3717 6
1769 6
12166 87
12526 47
10007 73
11018 24
10545 22
14967 14
18896 62
19060 84
4425 39
8947 23
5580 28
9417 89
614 95
13324 1
16787 60
8640 6
1783 41
2983 98
1181 59
1178 89
7621 100
4781 74
986 83
15833 49
3063 13
9735 98
3628 86
2379 69
1355 63
5575 35
10472 12
5113 39
7388 17
15148 100
8013 1
15522 18
3102 84
11829 68
12348 38
8643 69
18270 34
12875 85
2117 11
1490 10
11475 56
3022 78
4249 99
12020 76
15258 73
9004 82
2641 12
14405 89
5878 12
12246 11
18430 70
4500 52
10209 54
12164 12
7443 40
9112 75
16773 98
11962 91
7840 4
15865 26
5572 24
5486 32
12675 50
9432 51
11428 90
3671 7
14374 41
8850 45
11528 26
16229 22
3523 58
13322 69
16361 9
1654 89
8492 26
1591 44
17634 89
7903 25
4111 57
10647 31
2773 25
5249 85
5298 22
5859 5
9331 100
16065 24
16696 95
320 68
2940 46
1996 13
3102 83
18435 88
5756 18
1303 61
11771 23
13806 91
15376 21
5136 65
6605 72
4849 27
10399 57
4447 13
18054 69
1190 27
8925 59
5214 95
11904 6
2725 58
3099 94
18958 1
8237 22
12789 39
6073 78
6628 23
10588 65
6905 48
8735 50
8700 42
1706 74
6008 3
7829 38
12313 22
12925 75
7257 96
3642 65
10343 25
2781 40
547 88
17545 100
8120 25
102 20
5186 47
18019 21
5752 23
4815 60
16649 31
12562 65
19397 42
6894 86
5002 79
8314 11
5612 73
7649 51
926 58
482 55
3425 98
14103 41
17698 41
6388 88
399 55
8665 86
13706 52
10218 58
4626 57
18186 51
19550 65
4950 44
17287 7
6247 6
3756 76
10831 75
14224 56
2899 16
8391 22
14461 93
5897 67
4829 64
9295 13
14244 99
7112 60
8617 30
7707 18
1378 76
6865 50
18038 41
10670 78
13177 60
11799 3
5667 13
5510 89
10594 82
11193 70
7893 22
928 3
18633 70
15570 70
9463 67
3618 38
5378 52
16834 12
243 8
2016 74
11194 6
1982 5
19378 49
2971 50
2860 98
336 9
9968 32
4281 18
10964 86
457 29
2801 86
7099 4
12271 46
5886 93
12309 71
2709 45
15817 46
12111 47
17893 90
13170 18
6277 17
5282 43
12815 22
1017 29
5489 91
13221 1
7082 96
16406 32
3968 67
344 22
5312 82
16382 50
11530 6
5764 8
18126 17
815 81
9416 78
7275 97
8764 96
4010 13
9733 64
1790 43
11283 19
8826 47
2413 92
8589 47
6152 37
12656 19
9490 47
14155 53
14199 30
14629 35
8106 91
2699 46
13474 78
4846 85
5399 83
8128 3
7986 60
6216 49
3099 55
8329 75
18934 16
12081 88
14440 66
4422 13
10204 74
3473 46
4497 27
2762 63
19494 40
7230 74
13907 59
3762 16
13109 8
9149 77
8465 34
11504 71
11921 15
7561 6
11668 85
11338 66
796 79
223 29
7684 58
727 72
9934 66
12989 11
17181 33
7813 47
19456 65
10271 12
8175 95
12426 91
15842 14
10166 57
12819 66
5918 88
3646 55
3111 98
944 21
4999 56
4284 29
9665 1
4094 11
2049 79
10393 85
7350 73
11570 44
823 77
5859 38
16675 68
3716 96
13452 76
6953 29
9441 9
6635 50
6038 24
12280 43
2960 59
3233 34
16146 21
5666 35
3276 21
15213 16
14014 36
194 29
8947 40
9583 66
15194 18
2834 44
14640 32
1891 50
9444 39
1136 45
3699 74
3690 42
15708 8
15266 98
6055 27
2576 78
5840 26
6999 81
367 80
9785 98
13905 25
6111 58
12894 68
16288 85
2872 26
7214 84
8102 6
1506 71
1202 29
6666 8
15772 32
9892 64
10817 64
5580 100
3075 5
3992 79
1081 34
9124 10
10185 32
773 24
1848 96
4946 91
11145 90
12712 94
7646 68
3437 12
11227 20
14804 73
12749 93
11307 76
14290 71
11239 61
2766 4
14183 92
10937 9
5182 97
17626 18
4822 13
6244 3
7481 9
6298 28
6355 74
2744 82
1272 37
10579 78
10072 79
16946 5
5327 64
14331 20
806 72
18016 30
723 70
10435 56
1220 48
18022 96
8743 22
3283 38
13125 6
18811 46
6332 52
18077 74
4733 99
12137 47
12506 4
12890 89
4608 74
273 61
11049 37
8135 25
5167 39
4324 58
6616 31
6189 85
18377 4
7775 22
1437 82
11341 62
1444 71
6080 6
119 33
4053 44
18686 98
10259 42
14583 96
7597 2
11260 81
6694 88
11524 2
4975 14
13674 44
2001 83
10798 19
8016 77
9648 15
10111 2
7995 31
1577 73
6658 64
7343 26
9109 6
7475 18
18018 52
6260 59
7437 34
4743 56
545 22
18933 56
12768 28
1122 84
9946 63
7918 94
4012 15
14634 23
1606 72
1825 69
12719 94
8515 29
13893 43
2314 15
5001 23
12055 40
3856 42
9235 95
5689 63
11862 67
5637 67
1353 47
2132 95
14727 63
6818 6
2761 66
10690 86
12930 53
10670 94
12627 11
8447 32
2804 13
5950 33
907 4
7899 53
4050 33
10309 91
10747 36
9903 52
1546 56
16461 99
17646 58
8289 41
5304 24
10695 97
7285 40
2552 59
474 48
12187 65
664 24
11598 55
2764 51
14754 51
8745 74
9051 31
2961 19
14635 61
19650 20
10737 47
18128 70
6251 24
7618 69
18171 95
10920 77
18492 27
7300 3
15616 91
14825 76
6693 43
19239 17
982 74
9177 27
8772 93
13463 41
10793 28
100 80
13263 96
631 43
1168 100
2332 51
11036 92
11681 32
6011 83
16381 25
3541 47
18749 92
7092 59
5814 81
9913 72
2218 81
7533 72
13674 94
4825 83
4851 41
9023 66
3848 83
19047 10
16160 8
8555 85
18128 33
19643 24
1959 3
2915 24
6359 37
19345 92
7527 3
6981 31
4743 47
10128 70
4480 20
14225 53
6941 76
15874 87
2121 66
9522 51
19497 97
733 84
14800 28
3705 47
6674 42
8880 31
3314 51
2386 93
19599 64
16160 94
14924 79
2573 82
18223 55
17920 38
15239 19
2138 100
8658 36
825 52
3025 16
18302 31
4397 68
67 80
14750 74
6671 11
8010 24
19566 37
17580 87
5948 75
13318 71
18793 98
1011 18
19342 15
8325 63
18683 5
9762 58
3320 15
18673 77
17745 82
19636 60
261 99
6784 68
7553 1
12008 24
4004 21
2397 97
9030 49
2310 24
2087 82
10543 10
10233 33
10727 88
7269 5
4890 54
11466 59
892 72
9658 74
8696 91
3705 96
2888 73
2755 41
10773 65
8862 90
7638 37
9936 80
8820 100
865 42
116 42
7024 36
18836 78
19650 86
12094 79
9144 53
8303 14
2131 92
20 63
2117 85
13047 62
2681 1
4571 28
4101 61
11803 18
19259 87
3332 69
5502 8
19458 47
5430 15
13634 61
6035 14
2257 81
546 32
18323 93
8320 39
11684 69
4575 78
11579 82
11599 1
10514 3
18805 71
11769 89
12566 25
570 53
7761 18
3791 100
7597 39
1718 59
13002 11
12302 36
2094 53
4887 89
5837 65
72 50
7220 16
10479 16
8997 84
15257 29
12260 51
3574 77
9720 15
18735 91
8640 6
534 40
4983 7
7117 75
3251 77
5363 15
8046 90
5440 97
11838 82
12959 81
9298 57
2069 57
14668 87
6435 95
4670 74
1448 64
10288 61
7060 42
10802 15
280 99
5781 58
8191 30
2715 97
16013 58
13825 12
14314 73
3333 78
5045 19
4055 95
1625 98
8991 79
11383 28
7567 11
12025 2
2527 75
7467 36
10626 11
3868 79
5002 10
5204 46
1504 80
6003 60
4421 11
3288 92
4400 40
10115 10
16583 63
8444 94
2139 100
1573 19
1960 79
10341 89
11997 82
10758 25
278 70
10716 8
16275 27
7988 71
3086 72
7111 39
187 18
15211 41
11279 40
16510 87
2611 36
9440 47
1431 67
2052 71
11055 50
9873 93
10600 67
3475 5
7550 30
2243 54
140 61
5543 86
2573 22
15039 93
558 43
5411 66
4500 59
18650 30
16283 27
590 97
15907 59
10093 63
8830 6
5019 69
16950 27
18969 16
6052 22
12770 73
16301 46
3144 58
14600 85
2901 100
3589 41
7642 5
19656 99
16024 60
8209 17
2669 70
4203 44
2877 71
14146 56
4570 22
8809 19
1972 81
6935 52
1254 17
8614 60
15453 68
8974 54
2766 32
7707 36
4369 59
9649 100
13403 79
9247 79
16101 60
14890 55
5850 59
6372 97
3943 26
12524 27
13152 13
6951 82
15211 51
10295 34
12108 94
19647 72
18703 35
15464 84
4337 5
7331 69
16055 23
15479 94
5856 40
6671 82
8782 3
12211 98
4956 75
4487 41
5842 77
10505 85
6721 31
6041 60
12236 99
14793 41
5147 61
5154 44
5626 53
5796 44
9142 69
8204 52
18072 13
4816 19
4048 59
12751 15
9180 73
12823 75
18292 9
6319 1
2473 40
3409 44
14207 10
19072 58
19228 54
2397 68
8994 5
12759 29
12430 63
9468 81
19553 76
7430 95
19407 48
7378 4
8075 18
17711 77
5358 22
3754 63
12260 13
10193 74
10815 33
15110 4
481 64
6006 55
3996 2
18842 68
10199 95
13632 53
3060 81
4288 73
11632 34
14333 86
2507 44
11822 67
8233 50
15134 8
18360 42
14900 15
13535 92
3315 20
3033 85
19518 36
15390 43
7265 80
10375 57
899 12
7136 30
13355 10
7060 83
11145 29
6155 92
1902 24
12739 70
12130 1
14015 82
3937 62
18879 45
4708 69
10458 5
930 82
11764 39
1187 87
943 65
9155 11
17552 22
4929 47
5470 36
970 2
16075 17
11069 90
2647 61
10417 36
6500 82
7341 83
5598 21
10203 10
8530 28
15758 92
7553 93
6080 68
4872 54
3016 23
722 33
6969 34
2806 86
9256 14
14701 6
15862 77
18241 43
1440 30
12787 90
8770 36
1051 32
9678 25
4430 51
18767 9
10564 74
2470 24
1594 96
11459 100
11658 90
11179 65
8650 24
3628 71
6266 45
430 26
13013 32
6065 77
869 2
770 13
16313 77
5971 42
15756 91
7301 77
19552 92
2928 60
14580 48
8550 72
10282 73
128 53
6755 79
4957 83
2404 64
2399 67
18601 58
13491 15
4504 91
2272 95
6696 81
14795 84
2302 78
12605 54
1368 21
12758 61
14712 41
8661 71
8516 82
2895 81
4955 54
1060 23
10494 2
13392 57
10661 9
19454 40
7519 99
16139 40
10997 5
16469 6
13065 45
2690 89
18522 70
10047 93
5476 57
1792 69
7312 29
9261 77
10450 67
5741 98
13004 65
694 69
14715 38
9154 5
3585 79
157 93
10577 59
3314 17
662 57
8122 99
9728 21
9463 89
4261 10
4737 10
11359 68
2439 26
4263 26
17167 54
10166 33
18331 43
12009 61
5403 65
5738 79
7099 63
1037 28
17011 85
19076 94
1224 19
19091 37
1284 84
17915 91
9288 65
5665 6
5906 15
7281 93
8942 10
11139 9
12017 64
9141 62
6464 53
8839 31
8001 100
16404 39
4835 65
4338 8
16623 81
13524 60
5643 3
769 17
12218 56
17907 33
19059 34
3709 99
3099 40
10094 4
14137 5
8360 38
8796 2
3076 56
2513 41
6574 18
5913 91
13118 44
10885 28
1004 61
6439 98
19566 10
7811 71
7596 98
11167 99
9705 77
16395 41
12391 76
4265 68
11663 27
16188 82
1934 77
13498 28
17027 51
17948 56
13530 59
14689 7
1576 87
7125 45
9688 3
135 55
842 23
6461 12
15466 65
2607 27
7958 97
8575 63
14147 58
8119 14
10974 28
13667 44
7523 62
845 68
17550 69
2754 13
18377 62
16103 78
1532 97
17275 69
14211 50
2587 85
2005 29
15183 90
16545 56
1571 95
12206 31
11234 38
382 39
11286 14
7876 100
756 61
11066 14
10157 15
8520 57
9514 98
7035 63
12623 100
15648 84
12306 66
17008 56
15622 58
3644 58
4386 55
4293 89
10424 59
10002 67
7145 42
25 59
2531 66
16990 35
3293 78
13849 31
18657 10
16679 37
2907 27
12152 69
3433 43
12460 11
170 12
14126 98
12092 69
7640 95
15157 77
12028 18
4020 43
1158 40
12316 25
10535 35
16600 73
4413 34
16307 9
373 96
13395 6
12405 66
18946 55
6494 74
14005 55
15709 51
4934 16
4048 71
2309 10
12575 20
11107 19
7519 14
12337 24
9376 95
9877 12
14930 28
5568 83
8125 76
9127 98
5917 90
17171 45
14802 76
9382 77
6736 53
8413 79
2931 94
863 8
17327 65
2315 50
15034 82
429 36
5288 78
15836 26
3018 100
11332 20
19286 34
13162 18
17035 85
2817 74
13394 93
4188 42
932 95
8819 100
1453 75
5998 21
2980 96
11091 81
1903 22
4480 39
12285 71
6961 96
2467 57
3523 68
196 67
18361 25
12420 74
7550 43
14635 90
3624 8
2385 89
331 20
19414 80
6720 75
16971 87
1239 38
16798 29
17447 40
5358 32
19493 2
6365 50
17508 9
7356 5
7256 74
17452 24
6684 74
11585 75
18357 47
10355 15
4299 19
12292 94
6377 55
8913 53
5001 91
7424 54
3981 12
10525 5
1149 38
3520 18
8397 43
1275 13
13273 7
2884 60
4788 86
5840 28
8352 39
10617 54
10407 43
6146 32
4319 25
2953 48
8486 38
18870 9
9893 92
8012 36
265 7
8927 84
5571 80
11065 93
12612 65
1578 13
10312 64
16755 36
7448 60
4728 29
4553 50
1373 90
8904 36
3578 13
5719 47
10306 39
8213 36
3094 34
18832 67
477 13
6802 1
11755 10
8242 87
17570 31
14953 92
12376 77
1488 2
13891 83
4779 43
806 10
3367 79
14697 32
15072 20
10750 70
9370 6
9464 53
7797 88
2871 32
7154 35
15066 56
7536 29
16154 56
10583 89
7684 19
18356 81
12697 63
4485 32
7536 43
7282 93
4820 4
6297 67
19294 100
7193 3
5720 63
5649 31
13027 51
16231 21
1250 81
2071 79
4200 83
16630 83
7069 81
17670 14
3360 23
7660 9
2795 26
12271 56
6334 35
12923 74
17081 98
15638 33
3972 47
9510 90
4100 8
18035 76
13623 15
9337 70
15712 43
12337 29
12121 17
9545 70
885 30
4134 40
7905 25
3758 46
18813 70
9853 32
1927 96
12259 14
13767 39
9203 16
2105 14
3142 8
3639 38
3983 17
6102 89
9885 58
7096 16
11485 86
10932 31
7574 73
11257 54
743 47
9650 15
6532 52
4713 11
11831 64
3114 1
1636 47
19562 26
1690 83
18541 98
8921 40
8469 61
5021 96
3801 5
3680 33
12917 99
7387 100
18638 36
17436 7
2644 70
3272 54
19445 24
5339 17
19009 10
8449 97
12236 24
10500 96
3528 17
7881 1
9764 54
7443 12
14648 28
3005 78
9122 55
14516 73
18349 4
277 83
2867 18
11700 68
8440 67
793 28
10940 40
9034 58
2597 71
11021 33
1363 43
4755 84
12428 2
13893 65
15608 86
10055 53
15559 73
6822 52
18908 43
15094 26
12794 12
8336 45
1053 42
8591 37
7760 23
5349 56
18768 95
18201 36
7351 61
7128 45
8842 40
6901 67
8940 12
1064 55
16532 52
6825 41
9324 38
14829 79
16567 81
3804 64
448 79
1766 98
5313 91
7804 72
5634 80
9225 2
7481 47
11194 19
18274 29
242 54
12335 21
7894 4
6806 8
10656 65
7994 38
12636 48
6030 48
11123 88
4728 35
3048 76
18613 12
7521 52
12237 95
12959 93
2930 41
9136 44
4968 81
3460 59
12772 27
6193 1
6521 44
10216 14
16178 53
12089 20
10033 86
3942 47
10252 16
2663 76
5878 34
18871 90
5976 72
19435 84
8224 89
8379 98
110 11
18765 18
12349 92
8363 6
964 52
3007 19
16346 96
740 7
8807 93
8611 52
19080 97
6131 60
3700 17
9734 68
17951 24
1667 29
6315 75
6476 44
14414 98
2465 80
8112 81
1897 45
521 10
7033 51
8205 14
145 61
18762 83
8037 68
3598 17
11705 19
12053 27
5081 8
1473 84
228 6
3432 1
4562 45
11569 13
14319 55
684 28
13610 28
815 28
11486 48
6393 37
2327 63
11605 47
10844 61
16342 58
17896 75
6914 69
4475 2
4983 97
10579 19
10129 100
19382 71
17289 37
8193 68
10529 23
4589 87
18305 42
9477 39
12690 96
12956 18
5917 36
16277 18
9643 75
17572 91
13342 75
7 43
7702 61
3141 83
81 86
8197 16
13867 94
850 24
7034 92
7757 9
3621 55
10752 42
3788 69
19442 74
15143 81
11740 29
5158 47
2074 70
277 29
4412 77
12247 82
8242 68
5513 77
15254 65
6108 11
11501 2
12374 94
3577 89
15017 26
4094 61
13980 80
18637 77
4988 80
16533 35
8370 39
3108 75
729 18
13237 1
11674 18
10560 84
11070 16
5881 29
12873 82
10765 44
7001 99
3030 80
15196 67
10705 89
6081 67
615 21
12120 72
18539 60
12865 82
4977 41
4507 30
8652 56
154 43
12127 45
4201 73
6111 25
8404 67
6532 52
13232 47
416 22
3788 60
420 98
3152 11
11432 52
12200 17
8314 61
736 8
5594 49
11910 55
9269 96
9971 19
2804 17
9905 71
8171 39
7648 32
6557 96
8280 98
6484 81
4299 49
1632 66
10502 23
5581 54
8845 81
4083 3
2043 37
19075 69
59 51
946 68
17641 39
5443 91
3124 41
9052 32
12100 45
6272 66
4379 86
2577 52
1279 26
2441 59
16666 92
13446 53
6300 32
7747 72
1637 6
1220 95
19489 90
18545 38
9460 99
14181 16
2893 90
16944 68
10376 97
1882 25
12903 7
7850 63
10154 83
17192 1
10035 9
17315 25
1501 27
4262 44
5419 4
12423 62
8807 73
8769 66
9531 81
94 17
1628 95
6840 65
9989 73
1605 40
6791 78
5460 82
13738 23
1158 100
10974 67
10977 97
12995 14
7812 90
1482 72
5995 64
3810 85
6188 24
8401 35
11966 84
11426 85
12605 73
3087 3
8106 97
19366 91
1525 49
690 18
2812 97
16343 80
2961 98
6281 75
12943 28
18161 63
10401 18
13909 14
11728 63
5114 34
8138 66
7039 27
9126 8
11247 21
18458 40
11935 11
7295 55
4093 49
5780 82
7356 7
10245 5
1854 34
10926 73
19210 67
1178 40
13817 62
10961 3
5675 25
12509 16
1893 4
9167 25
12538 55
19454 49
13103 30
1696 82
975 28
18566 11
4239 39
9561 14
11077 39
8089 96
9271 5
1624 16
10550 14
9150 81
18640 65
320 36
14579 61
1502 22
9475 18
18878 90
7933 9
12394 89
10913 10
11716 17
7489 13
14688 71
11435 89
16782 89
12570 17
9938 36
5343 79
2152 90
9169 86
1495 46
7538 2
16885 46
8336 95
6247 53
9568 70
13047 38
12140 14
3155 74
2287 95
4436 18
761 100
12983 39
19303 83
8783 81
18946 25
8267 97
3359 61
17741 38
7130 1
1239 46
2403 99
12500 82
13800 10
8747 43
12025 66
1460 19
15400 31
3307 20
1572 100
11261 26
18856 79
4560 79
8148 96
7630 6
1024 56
5745 12
7076 71
12949 3
19722 36
7499 84
98 99
2521 52
16623 59
18690 1
6646 15
17287 86
2328 59
12513 64
15483 67
2433 2
11885 55
1690 27
3257 75
7198 39
2830 77
2119 99
6945 49
11943 97
2453 68
18282 44
5541 68
5084 71
13722 82
15403 56
685 25
14957 63
7531 7
10712 63
18843 34
11381 40
340 16
1948 62
2256 94
11571 15
8804 85
953 3
16864 54
8976 75
4213 40
2820 91
342 43
2446 7
28 59
8909 29
10978 89
12476 44
15139 50
10229 40
3941 70
6264 12
11170 79
4970 36
8829 97
7724 9
8679 96
4390 37
13374 88
11013 99
13561 64
11777 95
17798 75
751 66
15789 14
3754 33
11653 6
11170 82
3212 89
10014 30
16962 75
9782 28
14938 23
3561 63
1032 13
11481 92
4902 86
8675 66
6686 14
2848 38
2372 85
12392 8
7416 18
18326 99
10114 32
2396 41
13036 89
813 74
8935 100
4088 99
18606 65
10734 48
14839 24
8955 15
6296 22
15937 7
6181 11
425 31
1438 81
10331 85
3007 95
7828 21
3687 70
9530 70
8454 16
9679 78
4818 49
19581 17
4020 23
9193 40
7610 4
8025 7
11452 83
17668 69
18751 60
6161 78
10637 11
6479 54
10058 96
8771 20
9679 30
11266 33
11837 57
5993 94
3748 66
12598 79
16437 56
3221 81
544 34
2534 82
906 78
15041 100
1330 48
18231 92
3214 79
14427 12
7865 11
19458 90
8667 40
13766 91
17680 78
9285 98
1232 29
2520 93
703 99
11737 34
2900 16
3674 22
1027 85
3751 51
1496 16
19595 14
9438 67
19041 47
11587 43
11409 67
2100 54
9678 63
11129 4
17206 51
17887 59
10632 22
15973 9
7908 60
14384 39
9544 47
5614 63
14298 46
168 81
1438 31
19567 29
10485 68
10352 3
10794 5
11462 12
2999 52
4005 1
3659 4
377 86
1664 50
12045 37
3492 28
11696 67
18256 8
10080 9
17506 2
13313 55
12490 53
8960 37
16911 87
15793 46
10852 66
1661 18
2523 5
16764 67
14644 40
15586 12
5918 7
10972 96
15349 17
2101 17
13075 19
8398 68
9800 94
9015 7
5860 75
19420 90
3384 54
12451 78
5519 53
9221 59
1267 98
18934 71
4962 30
3128 80
19154 71
3453 74
6456 72
2450 41
17492 15
327 42
14906 96
15 47
19039 20
17002 88
18208 5
2830 63
4814 4
1414 27
8441 6
9358 37
7406 51
7026 27
3186 20
8237 33
8437 24
4226 77
9371 10
15928 82
7614 57
7427 64
19696 15
4409 2
13007 22
6642 36
11078 16
6820 75
581 54
4470 25
15432 51
858 65
11608 6
7717 53
654 77
8941 50
7772 31
7362 63
15765 41
3150 57
10493 96
11138 93
8181 66
13902 95
9720 58
18639 67
9502 21
16367 81
95 67
16283 85
13468 89
1832 95
15973 100
6115 81
5783 69
3387 99
11616 91
2906 66
14735 66
11326 84
3342 93
5293 15
4780 14
654 44
3092 24
766 30
575 38
12159 19
5566 62
11474 89
2428 53
10915 93
7925 81
14833 68
19587 55
7995 59
5751 65
19724 12684
