1
330 677
172 328
112 225
153 74
258 285
36 139
115 161
150 30
2 261
236 223
10 144
311 122
181 187
307 116
109 90
51 190
66 240
171 9
223 166
159 125
244 272
202 138
249 61
18 276
320 248
258 190
262 244
314 87
286 200
194 20
223 181
238 326
80 199
288 54
312 240
3 17
297 56
4 34
13 140
1 101
275 325
117 220
73 234
125 3
202 139
264 279
78 306
27 52
230 94
215 66
158 291
131 273
17 125
169 229
188 242
278 135
61 28
326 107
242 170
59 24
195 180
296 17
137 169
108 244
267 255
28 320
293 217
228 90
100 15
56 216
292 301
266 283
41 249
194 280
141 220
297 275
272 8
185 252
96 227
312 31
117 58
150 250
119 300
247 214
330 321
228 94
69 269
114 113
29 204
168 229
326 21
99 45
318 239
206 96
175 294
274 316
107 75
199 26
120 19
173 202
232 60
309 141
211 89
66 86
145 268
89 83
219 119
310 12
197 139
322 267
120 310
27 219
247 155
102 163
212 229
259 265
3 267
304 218
84 286
105 323
155 195
241 81
230 221
125 155
308 235
216 5
237 98
264 209
291 319
304 100
305 90
94 183
247 300
236 104
234 56
17 322
229 39
201 281
295 261
225 152
233 135
151 16
225 270
292 227
68 97
274 50
267 136
231 62
319 17
44 213
113 263
185 2
317 161
126 157
18 285
105 244
226 143
307 132
9 328
16 305
76 81
61 5
157 99
230 273
247 301
149 219
86 210
231 171
16 163
285 224
46 236
86 2
187 108
23 62
135 135
131 47
328 141
95 171
61 290
148 155
231 264
32 236
19 149
274 118
216 280
47 180
263 74
159 122
286 149
11 325
150 195
48 273
286 120
161 240
89 122
274 303
251 272
280 256
132 16
139 116
234 64
79 235
217 179
53 71
179 322
109 96
24 147
103 183
147 230
330 210
279 284
73 182
129 204
112 191
109 206
209 8
291 89
246 215
270 92
59 107
122 229
300 117
15 115
201 261
81 91
125 231
69 293
36 182
128 108
85 295
60 141
47 94
313 112
195 323
252 106
305 289
151 266
295 252
277 41
319 165
42 58
210 1
73 288
222 127
56 103
245 40
147 189
7 112
10 193
189 81
183 202
256 108
47 241
48 14
262 58
100 73
286 92
81 86
47 30
298 302
226 17
127 236
236 245
48 160
188 97
176 150
273 252
109 79
224 265
93 186
77 254
249 297
23 229
40 312
227 226
97 94
71 112
274 153
14 28
263 98
277 324
21 79
165 148
289 246
121 157
223 309
248 13
148 55
256 109
309 186
223 221
113 243
317 127
57 161
152 6
19 152
46 122
71 289
153 302
71 261
107 137
282 167
272 190
5 209
278 107
271 87
224 269
13 264
20 300
123 122
328 237
39 77
329 232
63 26
260 320
278 198
231 167
129 88
300 279
67 105
155 107
82 308
218 286
261 32
188 85
10 69
77 209
284 322
187 110
82 70
209 293
21 27
152 146
239 82
144 190
48 206
256 65
315 131
285 10
265 79
159 291
199 319
213 222
225 144
78 78
129 321
302 267
94 84
8 244
209 171
6 184
261 277
35 205
106 307
133 26
224 274
270 18
198 175
126 299
257 81
5 65
161 263
215 12
236 2
70 75
118 65
78 183
61 247
46 162
295 144
222 279
275 186
237 218
326 141
288 127
115 177
180 173
248 22
6 146
88 10
193 148
193 208
220 28
257 238
257 171
315 56
16 179
26 237
19 134
293 111
140 302
263 241
132 108
279 102
293 252
215 233
77 285
153 236
148 312
40 306
184 306
183 41
62 242
10 221
178 265
252 288
104 154
74 76
121 115
294 189
195 165
129 231
323 50
294 159
102 228
91 138
310 187
195 74
300 84
135 161
197 97
312 227
135 93
277 179
190 143
57 23
84 140
234 123
19 264
169 168
81 278
232 13
3 326
103 181
141 34
210 74
160 272
34 24
181 118
19 50
125 216
199 211
253 54
108 289
147 270
142 202
79 226
86 207
28 254
238 232
274 281
113 207
163 151
23 156
51 222
293 179
251 194
125 154
38 40
221 84
114 142
301 212
48 124
301 235
38 165
126 148
157 175
183 43
243 58
43 282
71 317
314 96
304 209
205 255
14 219
124 209
192 222
281 66
264 209
276 34
319 125
66 58
4 110
233 186
116 255
105 112
137 173
189 83
268 33
105 40
127 302
25 278
302 264
141 172
105 210
165 39
49 275
45 204
19 142
10 14
137 220
238 227
295 42
254 324
259 38
204 271
184 190
299 326
108 94
245 61
31 46
191 312
28 131
136 183
38 113
287 124
75 224
325 96
197 33
254 239
311 10
200 137
45 167
135 323
45 233
155 168
228 117
149 59
144 270
64 264
84 88
220 55
234 283
132 327
74 116
67 268
198 330
110 195
31 45
74 102
191 188
110 248
21 154
1 263
62 23
68 35
308 54
86 297
139 151
41 89
54 275
266 289
236 33
30 224
90 215
265 186
42 295
168 201
10 7
170 157
83 309
173 124
162 283
100 53
49 183
116 311
259 257
137 173
152 172
48 210
165 171
327 203
190 266
304 43
34 174
222 56
255 234
125 148
43 147
81 72
197 144
243 189
304 325
319 155
212 221
227 291
56 117
147 144
315 18
83 96
86 220
222 76
171 298
247 164
245 123
79 110
168 302
129 217
265 5
69 232
132 55
260 153
87 216
171 92
302 69
12 168
186 325
36 134
195 85
122 49
66 157
314 250
150 199
58 48
308 95
291 6
326 248
83 20
144 24
254 261
12 211
286 281
182 259
223 6
203 201
275 84
46 209
10 79
108 246
231 203
323 166
210 128
34 158
212 170
173 140
54 103
275 115
222 41
145 16
58 298
47 8
125 39
229 198
15 1
216 327
144 327
99 38
272 324
86 38
324 294
13 266
219 57
146 245
119 20
238 267
168 254
251 24
33 224
252 132
88 158
160 300
167 76
176 147
67 284
102 114
245 233
23 20
178 129
307 49
255 50
157 223
226 139
290 84
280 206
73 37
119 127
163 192
58 115
