2
562 1337
442 452
482 338
293 190
348 204
329 469
479 293
221 194
387 207
25 115
129 151
380 547
13 193
369 38
9 235
342 116
436 308
269 403
446 400
435 378
99 429
46 327
304 366
67 238
209 172
394 556
9 407
535 106
93 539
479 20
93 154
470 415
117 498
249 128
393 23
315 528
174 455
147 401
431 189
341 526
459 551
84 403
105 512
128 300
290 223
458 414
139 225
22 418
25 447
417 488
195 181
335 69
113 347
157 367
124 39
487 286
234 319
243 377
137 74
435 526
142 2
294 455
513 150
308 14
245 520
270 335
197 118
522 55
14 351
529 362
466 466
355 419
311 448
10 321
340 271
499 559
133 84
512 450
543 542
326 36
389 437
404 499
308 86
452 447
362 419
175 206
150 555
75 343
559 362
487 538
471 254
35 503
13 207
102 341
416 39
385 518
20 60
439 25
348 214
149 414
558 465
15 229
468 132
228 195
107 357
156 109
413 523
287 321
477 293
446 405
59 483
342 404
83 509
315 495
265 76
218 108
562 373
431 438
199 417
461 318
547 133
460 479
350 505
313 480
15 357
313 40
258 394
116 483
6 236
165 362
262 421
419 354
159 506
217 184
282 434
356 477
485 263
397 529
377 26
13 353
486 377
87 449
74 205
28 233
556 248
444 447
324 367
229 542
125 69
268 445
267 338
119 35
38 503
408 553
324 475
83 425
417 82
517 440
112 182
123 69
291 5
286 127
348 549
440 393
67 266
66 541
180 551
362 244
97 406
351 526
154 438
546 41
191 462
83 280
376 299
504 4
362 447
97 23
529 359
90 3
64 16
239 473
1 162
462 483
82 7
228 371
124 458
147 48
230 226
219 436
433 537
212 253
488 529
259 437
239 320
484 15
322 407
221 141
180 434
79 118
534 38
238 81
188 519
158 153
222 248
262 414
323 364
210 285
389 127
349 492
56 442
224 154
8 417
29 468
520 557
9 360
520 249
337 285
471 98
55 441
457 248
304 135
169 428
444 288
340 549
531 290
343 446
394 301
489 332
175 203
556 557
207 31
446 524
67 42
229 409
454 248
439 81
539 373
48 473
314 263
488 85
505 53
29 402
63 543
17 312
409 287
345 72
516 141
153 499
69 515
143 253
220 191
498 84
448 117
338 253
62 198
21 102
168 70
76 479
269 562
217 139
242 3
198 138
454 216
84 163
57 173
114 556
484 359
5 1
6 331
204 179
553 114
249 464
297 363
15 287
204 415
112 78
111 436
381 326
331 163
507 331
233 415
470 395
408 217
233 273
69 146
61 106
79 361
10 3
8 72
65 226
295 364
22 185
432 153
506 213
178 432
1 319
216 27
372 195
512 216
29 356
219 327
407 116
190 540
259 546
373 141
12 10
250 440
524 49
251 40
489 211
87 337
557 140
162 206
13 431
472 402
359 188
530 23
10 168
81 458
480 465
414 289
287 143
56 143
506 5
497 320
371 1
384 521
447 72
30 147
277 506
542 244
282 453
490 361
531 56
475 422
497 132
77 308
151 398
281 426
149 87
170 165
277 51
551 488
359 405
274 411
273 394
521 540
192 241
468 72
213 188
520 257
395 443
364 453
244 38
83 418
454 127
494 381
458 319
85 461
462 397
24 211
532 336
272 561
358 76
123 473
193 244
328 71
425 360
225 534
429 67
417 483
171 482
31 109
514 253
107 479
185 224
465 127
28 18
63 515
87 494
339 314
48 346
76 3
147 322
50 214
87 196
521 110
123 477
346 518
1 431
458 439
297 545
291 248
66 130
270 423
201 47
290 492
218 60
220 398
23 470
209 400
414 189
348 243
221 530
298 206
244 188
303 524
264 468
419 392
218 244
332 122
265 63
250 292
101 174
498 71
558 180
482 39
440 424
432 127
201 70
453 93
56 204
343 42
504 194
231 106
315 30
407 167
13 495
124 67
394 141
366 245
49 87
66 182
104 161
69 334
185 179
11 94
65 434
259 316
523 406
33 132
528 460
447 367
518 525
483 416
142 71
465 487
163 403
162 311
159 226
306 125
510 345
396 23
248 369
138 237
211 454
454 549
381 310
125 172
255 555
405 150
423 256
158 352
313 526
482 369
192 373
3 45
39 22
369 327
146 19
177 22
410 346
458 42
429 484
517 313
334 215
412 230
540 302
211 503
517 164
492 200
431 191
330 451
443 316
183 231
508 448
198 47
316 270
407 348
404 378
466 385
394 11
96 220
94 261
156 467
445 115
27 283
113 52
488 392
451 5
238 372
522 84
349 504
243 510
122 514
167 49
222 13
240 193
492 317
501 531
493 146
326 191
537 90
455 211
259 26
429 81
520 509
242 49
13 443
161 361
137 48
221 291
265 278
328 419
537 447
60 488
315 35
429 515
122 460
559 539
263 448
441 551
257 173
19 562
198 244
423 426
178 387
292 486
234 387
503 264
96 48
52 463
247 353
69 221
11 276
512 268
451 492
376 387
510 219
506 380
456 446
84 451
168 277
361 18
1 315
87 222
130 139
109 60
459 99
286 270
460 6
404 108
445 321
117 262
415 151
16 173
14 449
487 145
177 224
363 231
62 21
307 535
412 177
428 104
403 244
90 247
229 17
189 84
490 37
152 379
250 278
191 98
453 246
162 480
32 285
488 395
22 186
132 459
561 420
505 259
155 493
561 262
431 15
340 273
334 553
404 514
226 77
290 365
1 551
102 146
491 549
149 226
548 8
92 294
470 294
359 112
71 149
135 349
514 169
115 417
173 476
56 23
357 219
305 238
535 208
559 173
426 140
353 51
246 184
320 306
446 32
303 381
350 404
150 160
245 157
366 261
268 130
238 472
242 371
315 203
60 72
489 89
328 458
332 32
78 447
213 165
335 202
347 150
177 141
378 5
494 164
47 211
551 558
517 369
193 52
131 18
189 520
402 77
491 212
181 383
288 514
159 413
349 445
110 24
438 8
505 501
417 231
49 289
109 198
374 387
150 415
431 400
176 522
195 455
60 257
120 418
448 526
156 389
504 395
28 95
51 377
171 202
273 125
269 225
514 239
537 260
548 45
332 85
288 206
416 42
407 399
112 237
19 562
242 175
11 58
494 338
243 179
7 392
250 77
340 489
414 261
136 376
329 67
330 238
467 77
267 341
192 557
196 554
212 173
449 120
307 333
295 344
58 539
252 27
386 44
368 525
380 517
328 355
50 209
316 218
541 63
117 444
394 120
372 231
395 362
465 23
556 511
33 361
456 189
279 323
258 57
25 173
482 342
452 299
465 52
135 385
185 77
157 55
361 149
547 86
44 90
18 506
70 512
49 257
432 51
536 340
201 46
18 13
508 7
17 448
224 421
231 329
305 410
403 400
71 395
539 164
555 379
126 475
385 376
202 338
338 128
435 182
480 402
56 380
89 161
86 446
376 181
271 124
355 213
352 553
119 206
123 433
185 378
339 313
30 216
136 14
415 64
463 355
254 122
149 270
263 486
33 247
87 519
48 26
22 529
57 285
47 82
278 90
111 302
419 496
277 388
140 39
17 222
413 115
304 521
562 249
50 87
352 505
139 444
344 339
228 481
520 457
57 470
426 116
11 52
340 341
168 287
239 271
70 390
293 198
87 396
46 151
49 178
284 499
383 209
430 127
221 178
147 339
330 202
290 371
451 33
248 212
146 242
25 445
269 562
108 527
332 472
245 84
530 56
188 33
86 310
391 315
94 230
197 334
459 429
235 381
327 509
546 92
502 182
469 131
152 152
247 36
450 470
466 502
138 299
466 348
349 236
269 413
1 326
409 376
16 174
411 111
283 387
465 447
554 282
294 419
99 420
191 439
343 10
142 493
439 48
175 13
513 112
188 155
329 361
348 147
231 388
99 312
290 247
446 367
108 226
118 31
333 239
194 166
107 297
131 398
201 244
488 153
165 523
229 61
62 558
399 247
410 66
220 58
211 312
147 32
291 377
171 551
64 106
338 83
548 534
468 485
333 345
545 1
458 270
553 95
272 50
164 462
49 5
482 376
532 56
220 322
301 437
32 369
418 162
354 21
371 40
144 465
119 402
217 9
537 300
499 147
456 546
411 327
90 468
331 442
459 62
534 352
482 525
140 49
510 361
143 167
335 112
11 104
246 407
367 30
385 338
93 67
126 27
219 464
501 149
248 218
39 511
264 152
156 533
456 505
296 80
426 459
394 213
395 513
124 385
341 446
178 397
227 194
26 392
221 122
489 107
106 498
336 490
486 237
306 34
160 112
137 370
17 190
134 488
111 436
173 518
479 434
68 392
15 480
353 374
267 374
189 305
252 350
178 370
197 526
253 189
376 448
114 236
411 134
195 418
474 92
316 239
338 436
527 91
384 198
118 159
78 180
402 478
551 282
18 507
120 511
153 371
106 118
542 529
286 79
69 510
119 185
365 483
467 295
534 549
96 141
33 526
493 110
264 217
91 28
324 164
241 342
184 245
554 463
327 55
225 123
393 218
54 304
148 483
507 165
125 211
289 27
138 166
146 180
527 181
290 155
157 232
199 177
110 499
372 143
470 197
239 284
394 409
249 261
380 22
265 511
88 104
372 192
363 392
478 456
450 495
57 109
329 336
17 270
14 550
24 386
174 123
42 202
54 556
238 483
109 38
153 75
19 205
349 69
310 257
504 279
4 104
285 171
196 432
277 58
176 371
444 129
221 502
419 562
283 546
415 322
127 284
17 160
100 343
231 221
422 140
234 34
432 494
310 238
131 510
480 115
458 475
278 312
109 84
512 108
234 214
354 264
557 546
136 348
268 513
277 188
426 190
19 201
312 362
503 303
6 496
167 326
483 245
499 148
181 70
458 19
553 27
271 499
115 35
3 314
218 173
489 247
500 415
249 535
276 260
19 537
145 178
516 373
66 212
524 247
279 525
170 224
344 526
164 103
514 195
496 304
403 22
260 556
322 200
409 104
372 374
46 432
153 65
327 73
79 293
240 316
479 203
338 99
376 293
117 277
34 35
24 98
299 99
363 201
22 88
364 408
230 101
123 263
307 479
519 116
288 85
225 287
12 309
9 68
97 275
122 370
167 66
64 344
92 513
401 522
525 44
370 57
365 208
523 529
165 213
445 207
393 211
15 144
31 475
472 128
8 322
515 348
50 394
358 536
161 541
450 491
400 193
504 48
190 237
306 98
299 513
454 14
66 287
55 95
237 412
421 24
245 404
204 398
177 376
347 521
38 310
152 428
525 128
325 217
168 409
518 479
219 193
200 252
299 344
480 354
46 332
61 32
136 42
470 198
25 526
28 20
53 537
528 315
154 336
337 323
10 66
212 424
59 469
416 87
112 361
431 110
452 88
371 1
502 475
258 384
386 175
3 65
251 416
351 531
461 211
92 90
132 137
127 423
14 125
13 338
447 387
470 413
391 83
469 263
63 73
542 348
298 371
90 527
526 290
290 426
479 38
134 505
540 154
478 238
171 226
151 55
494 545
168 166
73 314
249 554
496 480
479 222
332 243
540 28
311 277
61 93
212 135
267 52
306 110
528 73
116 261
343 334
321 122
78 308
71 78
336 186
475 213
300 64
386 468
302 402
360 522
418 411
456 245
123 339
121 462
357 139
231 315
99 501
20 555
26 359
113 514
489 467
504 154
151 283
30 365
227 203
57 553
337 278
260 440
108 516
306 51
173 134
226 114
268 414
177 369
43 67
379 283
75 33
114 304
303 259
237 193
36 371
279 141
44 116
373 89
60 47
553 258
485 201
434 275
225 409
445 240
507 135
549 153
187 124
325 440
376 287
141 196
227 471
364 301
241 178
313 17
35 561
182 505
414 489
518 497
466 230
235 349
410 412
364 315
401 168
57 145
119 198
104 87
388 249
360 43
241 207
218 128
128 282
350 67
506 290
374 73
15 146
232 266
341 366
536 558
163 168
64 120
485 216
507 472
104 280
508 180
49 391
509 311
42 37
113 414
266 374
350 16
187 347
190 147
236 76
195 483
40 44
341 356
136 231
152 258
124 543
420 84
312 531
108 270
82 358
17 452
233 1355
92 175
51 135
94 109
22 59
205 167
208 83
179 83
79 178
124 201
113 111
11 28
174 95
55 62
228 88
128 166
184 212
79 77
56 164
49 90
206 225
116 150
5 61
178 130
21 28
67 71
88 202
58 116
82 45
82 69
227 148
186 131
167 112
19 6
97 190
225 114
64 183
136 127
184 138
150 9
148 208
51 32
163 232
68 47
151 26
196 53
166 201
48 63
35 210
71 162
61 145
99 149
1 115
9 113
122 185
18 224
25 198
147 185
198 131
22 7
184 168
131 113
105 102
126 98
72 159
6 104
14 164
214 130
206 99
27 55
97 188
46 38
40 222
123 119
85 91
50 124
231 179
184 131
137 224
31 21
138 56
203 214
139 204
206 148
216 87
94 153
101 41
209 51
140 230
121 56
63 67
184 217
71 214
160 72
88 214
163 89
29 43
187 3
182 45
141 67
70 204
171 135
7 158
83 177
138 175
132 215
170 129
13 48
221 7
115 151
197 91
205 184
69 158
179 185
91 218
108 97
128 194
65 89
123 79
11 184
64 117
222 7
95 107
106 21
224 202
11 219
120 141
81 133
53 124
72 159
142 62
98 139
27 123
127 12
152 95
193 189
28 34
199 66
169 97
192 167
110 114
185 209
159 110
12 68
49 5
159 40
196 73
18 100
61 13
153 154
147 150
175 210
57 96
204 221
82 187
128 207
34 12
123 222
201 162
57 167
146 161
175 108
210 226
164 148
79 104
102 19
42 10
210 82
177 73
117 40
226 117
179 208
172 102
88 224
228 216
45 48
94 4
166 49
21 111
51 78
140 62
138 189
122 217
171 90
73 13
66 87
119 85
192 73
214 65
19 120
191 165
109 222
152 217
90 94
222 217
197 159
154 152
60 183
64 97
65 20
88 27
154 199
154 174
40 117
164 48
166 209
217 187
213 107
194 89
128 175
162 219
19 137
159 3
19 88
154 130
135 26
53 104
30 171
227 142
22 217
6 157
77 196
25 198
96 83
159 30
162 181
177 105
192 145
233 135
36 74
215 70
144 76
226 84
187 129
181 95
1 23
126 101
137 101
184 20
30 155
155 139
67 141
18 41
208 199
9 205
188 94
43 106
89 62
36 214
94 115
121 49
30 188
40 11
114 193
93 147
122 16
97 215
156 211
167 123
178 2
9 59
80 184
13 102
123 117
32 211
82 124
121 75
44 19
132 170
87 211
174 193
166 89
91 86
58 226
35 162
47 135
99 161
180 185
129 122
233 231
25 114
13 231
202 63
171 205
192 121
43 77
183 61
108 40
116 213
182 123
104 109
149 104
100 87
81 232
68 226
93 130
183 132
120 2
118 110
15 65
138 172
51 95
75 175
134 221
128 192
209 152
16 140
35 38
88 93
153 118
213 186
144 49
145 201
19 163
184 132
158 177
224 209
85 56
218 146
94 16
82 150
217 138
145 231
196 179
31 161
233 12
69 232
195 46
56 215
18 143
70 15
43 44
49 184
201 65
101 40
76 216
82 91
130 115
69 181
3 224
3 191
44 39
167 186
233 14
19 74
185 156
89 21
178 195
14 156
215 96
70 129
88 220
231 167
14 174
223 159
166 49
35 128
24 173
75 70
54 108
95 100
119 133
120 231
206 148
160 187
169 205
56 188
120 217
143 109
161 5
163 74
216 86
116 128
75 24
90 47
160 170
214 131
108 152
11 146
93 85
189 214
187 86
192 133
106 194
175 96
160 10
91 123
151 162
190 13
137 130
9 80
43 76
204 135
141 181
19 191
21 174
57 174
65 64
7 165
174 206
214 200
144 230
27 174
188 194
74 30
99 50
23 61
192 22
144 143
178 101
204 62
176 233
226 115
62 163
76 56
9 43
149 74
7 26
1 217
82 108
94 45
58 213
162 211
84 128
154 63
195 42
207 39
178 230
99 147
134 194
222 202
132 92
100 220
18 67
12 208
121 6
65 183
41 44
149 214
50 227
142 186
76 91
149 161
55 168
54 195
146 217
174 19
133 179
167 168
228 66
88 184
198 166
141 17
216 68
223 20
107 176
228 149
83 159
201 204
47 199
191 13
19 142
219 77
136 177
2 40
196 178
226 212
207 5
201 15
134 216
107 185
170 141
2 33
24 136
15 84
2 192
165 102
11 213
125 70
102 9
232 112
25 130
136 181
113 73
164 9
120 29
189 71
180 78
26 52
148 55
59 217
2 188
224 157
52 143
32 190
81 50
192 68
130 50
26 60
118 138
203 109
8 89
165 194
42 104
206 227
20 114
131 224
197 152
23 173
132 43
171 10
169 91
189 207
221 146
219 59
4 129
4 109
113 58
192 174
150 64
3 35
108 2
231 188
108 227
190 104
171 211
195 2
23 162
22 173
2 29
220 22
45 169
36 146
193 214
197 152
15 171
83 74
52 186
221 221
192 118
121 203
167 73
163 206
44 151
210 208
102 28
183 122
183 220
47 187
84 171
227 26
169 139
138 224
159 73
77 113
42 213
42 153
93 114
192 210
26 40
232 66
129 88
227 143
43 126
121 11
233 92
64 130
46 69
50 116
204 229
62 86
102 232
70 232
19 196
194 165
126 135
139 97
172 171
100 136
105 181
218 163
82 11
219 135
83 5
40 121
18 12
131 40
188 155
88 148
75 35
91 211
62 49
172 229
59 23
155 141
154 93
104 64
213 42
130 104
19 233
137 126
146 173
57 75
32 119
129 56
151 144
29 228
212 209
212 160
99 24
138 86
105 44
117 136
58 83
224 133
45 49
7 147
28 104
48 29
136 34
222 155
68 124
13 2
111 181
117 224
195 189
61 208
114 162
172 208
207 52
172 143
38 8
124 181
111 127
4 113
159 219
229 12
232 124
81 222
148 173
211 144
177 213
134 142
105 111
54 28
145 179
81 44
50 120
91 36
140 29
46 127
38 91
29 167
157 77
3 146
80 103
180 68
83 148
51 148
136 119
205 21
216 100
150 161
8 127
124 52
86 168
157 74
206 156
161 213
91 103
50 108
198 46
53 125
136 41
171 57
36 120
93 24
147 82
166 49
16 223
208 63
84 71
118 160
121 223
187 101
61 150
119 175
99 189
191 22
127 106
98 155
19 57
10 21
102 28
95 228
97 18
6 51
155 25
60 202
118 221
90 148
94 56
10 7
62 92
218 147
184 48
170 147
137 199
14 44
27 71
20 24
109 60
31 108
191 207
228 113
48 228
47 182
122 186
172 100
222 42
30 19
22 177
224 29
125 144
80 102
13 215
116 2
126 119
177 96
222 93
52 201
233 187
190 79
71 181
65 52
233 99
10 52
222 150
130 167
107 173
116 104
141 163
84 149
164 166
88 66
42 193
222 194
130 128
55 11
33 124
136 4
49 36
203 171
23 166
20 114
41 154
73 85
108 186
12 189
51 156
125 202
52 165
229 20
199 197
156 110
93 222
140 129
95 97
58 201
226 126
58 114
38 171
156 62
218 87
193 216
173 9
138 200
202 5
63 216
117 208
114 45
75 126
56 44
16 153
62 177
142 183
59 63
44 191
166 96
155 4
39 65
136 97
108 203
184 21
145 209
35 88
101 206
52 143
20 202
142 169
131 34
10 41
99 230
9 17
221 81
147 91
197 173
228 208
96 20
168 12
210 8
233 173
33 202
175 45
137 159
105 220
113 66
148 120
227 70
186 179
15 188
163 207
143 19
191 136
144 115
66 152
128 165
4 24
102 4
18 153
12 159
74 50
158 231
17 138
114 195
111 135
217 103
40 139
81 128
4 232
164 172
123 191
98 18
81 225
117 8
124 42
45 38
137 69
175 87
221 3
18 85
194 220
116 22
135 161
222 26
182 94
26 4
5 107
200 144
211 137
15 147
139 69
136 215
69 142
142 83
63 102
14 229
191 139
62 207
187 97
135 31
205 87
108 19
92 65
17 221
35 2
91 80
106 56
217 85
178 225
54 35
216 40
102 155
36 91
41 33
227 172
53 73
131 78
25 118
146 143
159 155
218 127
110 62
146 164
18 175
143 71
98 36
121 8
188 35
108 136
233 103
150 76
135 52
212 3
216 120
48 224
185 52
12 4
176 93
144 16
85 138
198 141
182 160
144 110
207 144
158 191
137 50
59 218
210 156
5 59
232 58
13 41
89 222
131 62
222 157
38 105
209 233
9 114
176 144
94 88
104 150
174 34
161 187
135 176
139 77
7 70
23 72
165 190
192 183
218 39
117 49
18 8
150 136
179 22
219 173
177 167
48 183
212 233
123 107
172 225
195 28
80 164
48 221
156 207
85 123
213 85
154 157
181 18
166 214
65 132
157 92
189 38
67 22
14 197
177 83
106 43
217 44
72 53
194 139
12 25
172 49
42 57
200 88
70 45
162 86
175 21
130 26
92 26
73 222
91 150
114 117
184 172
180 215
153 47
136 144
10 126
106 26
15 117
143 173
172 101
227 229
171 143
44 81
138 6
158 39
174 214
174 41
99 94
132 221
9 191
33 213
17 162
119 173
154 13
84 44
17 130
94 74
167 111
188 193
210 106
146 138
232 183
148 197
170 217
197 90
180 133
109 138
127 35
160 114
120 5
57 77
230 95
83 101
48 95
233 28
84 152
215 201
47 215
167 212
162 122
188 79
46 99
143 91
46 48
81 76
7 174
139 225
180 126
224 23
62 126
211 162
162 138
17 135
212 118
21 9
65 105
120 178
217 157
17 207
176 202
122 90
165 200
131 129
99 52
51 112
169 92
26 220
141 160
172 113
30 171
72 85
184 79
210 203
38 18
122 133
62 52
114 112
209 30
25 85
127 185
59 20
223 208
91 107
32 161
15 4
231 48
3 156
178 59
216 84
196 17
22 197
8 16
2 50
96 82
86 139
83 10
76 65
86 80
54 172
220 189
16 91
129 213
28 130
43 225
35 213
129 28
108 219
15 66
56 182
127 167
198 230
179 171
194 72
5 192
91 47
152 138
122 98
38 141
209 215
127 77
125 102
24 126
5 25
226 191
137 79
100 187
159 48
157 104
156 5
209 165
169 107
52 7
230 38
44 163
123 194
95 130
211 229
6 136
166 11
15 164
112 195
220 137
84 110
136 172
52 32
3 51
39 157
141 107
55 61
215 23
211 4
220 150
113 216
38 232
215 89
213 137
73 41
124 190
215 131
163 141
152 140
91 59
217 153
79 70
103 205
160 3
28 69
154 53
171 39
64 190
52 5
98 152
119 116
5 144
201 185
24 114
229 56
61 170
134 158
11 181
90 12
106 94
186 118
159 23
54 192
36 135
63 12
192 101
233 190
123 184
112 97
222 107
233 198
56 163
51 68
53 84
35 179
115 85
66 154
24 94
229 60
140 198
63 177
142 103
196 88
172 60
209 139
88 86
83 168
139 55
99 142
166 163
30 60
232 66
23 143
20 86
45 164
145 198
118 166
225 171
76 156
190 226
97 74
175 189
174 4
122 127
217 66
12 186
95 210
210 159
225 136
220 132
52 230
79 155
104 8
97 227
33 12
176 65
98 112
119 15
190 120
143 178
217 209
153 19
153 8
21 22
70 58
35 171
129 42
164 72
88 176
87 65
27 110
134 4
111 151
82 204
143 135
1 120
101 52
90 81
219 53
82 194
190 199
78 203
187 200
34 153
92 174
73 195
68 93
220 54
226 108
68 159
77 168
54 191
147 71
142 105
110 133
204 139
48 213
131 181
21 132
134 34
11 34
75 190
179 62
47 128
21 51
78 213
64 96
176 171
100 6
30 225
159 173
116 174
186 117
29 163
154 228
233 188
79 6
106 216
201 233
76 208
31 32
106 41
86 2
12 16
3 211
145 128
96 69
147 33
68 120
158 116
61 175
86 55
126 148
28 178
4 34
203 221
65 207
224 97
191 21
40 69
67 152
112 69
231 175
161 70
214 201
47 49
181 177
214 35
66 181
74 108
107 24
32 18
105 185
35 153
41 175
62 175
228 189
16 150
144 94
115 116
171 65
129 198
50 94
62 8
89 191
178 117
148 122
229 25
24 170
127 64
66 94
162 78
230 68
80 174
208 57
159 10
117 12
156 206
20 155
56 92
22 179
12 103
5 65
7 215
