5
633 1080
347 112
202 359
63 484
514 611
583 469
275 153
537 483
264 246
60 37
97 596
448 231
576 104
227 174
585 626
523 121
96 349
393 189
547 229
562 339
507 459
619 267
322 343
89 409
300 576
319 199
324 438
158 223
589 100
243 593
156 55
312 625
596 408
118 216
200 188
354 162
260 285
300 90
201 458
284 170
419 176
260 597
235 505
577 260
163 593
433 479
373 140
378 16
1 252
290 89
597 169
124 626
398 525
143 10
286 614
103 399
180 73
348 184
365 277
551 225
438 256
158 11
144 615
364 406
170 154
392 538
104 125
571 188
296 478
206 348
257 163
337 253
239 416
15 202
222 514
439 465
631 429
615 576
74 598
601 573
112 179
336 3
342 66
402 304
471 168
191 356
525 77
415 514
195 220
469 573
378 286
168 229
612 159
159 601
524 383
64 95
607 191
201 334
349 316
619 213
335 384
77 353
136 564
269 195
255 194
625 9
381 579
17 13
608 373
436 505
50 429
315 286
68 626
158 120
35 325
336 550
401 107
165 376
170 624
371 35
502 61
198 291
503 535
512 295
189 342
208 615
20 620
588 536
241 9
548 390
182 345
329 556
606 349
545 556
198 55
468 315
251 120
303 131
330 583
631 303
400 435
601 381
590 225
321 407
508 117
239 220
592 345
15 232
234 18
511 633
367 613
510 510
403 317
578 48
319 236
189 369
70 483
5 279
148 130
125 557
457 627
464 301
188 19
576 530
336 201
119 550
434 270
506 562
124 393
350 315
391 631
26 166
92 594
142 246
155 312
521 64
436 79
204 492
368 529
425 40
235 177
336 199
583 521
32 246
351 517
3 332
261 91
71 27
598 335
294 83
116 469
482 516
368 121
321 367
95 41
74 11
241 624
64 155
125 531
474 623
142 21
95 39
520 606
157 408
137 374
398 361
597 17
155 359
344 300
389 566
617 574
579 446
8 261
233 605
213 119
256 12
134 413
151 587
247 92
324 333
143 207
628 104
25 292
39 64
284 292
266 34
153 219
330 360
328 622
154 377
192 87
241 109
500 468
355 315
70 614
519 451
134 388
400 473
231 301
392 421
166 498
569 2
622 101
346 390
450 208
89 587
137 33
381 500
352 18
535 521
78 161
259 83
315 486
484 494
13 523
561 4
98 333
335 532
91 285
542 185
383 584
93 550
65 350
532 309
535 108
164 474
113 389
534 469
389 13
220 359
609 339
134 383
393 125
295 327
371 72
299 343
193 179
351 411
88 520
609 93
11 349
596 358
452 291
191 488
116 365
343 213
182 599
131 134
414 145
43 379
346 383
468 364
414 1
100 267
220 230
582 54
443 110
486 411
489 36
331 560
16 9
156 398
492 461
401 343
177 164
125 467
263 594
498 363
475 114
271 415
462 157
624 266
346 303
331 290
538 255
63 6
522 79
21 383
373 514
515 179
348 189
395 171
312 98
85 622
18 187
362 614
235 507
334 297
491 411
17 237
33 220
450 220
440 385
281 367
167 139
581 433
496 66
392 52
290 246
397 287
559 24
297 527
505 132
629 518
510 451
300 395
401 341
526 39
537 89
483 598
350 633
430 571
206 513
420 620
425 504
270 570
322 2
319 65
99 430
438 501
241 427
60 331
335 116
51 519
141 3
111 306
481 186
430 415
15 330
575 53
216 547
351 470
565 146
463 306
319 139
307 278
175 135
16 190
181 175
554 310
502 146
89 376
588 318
522 65
33 163
491 128
226 404
221 82
478 128
453 189
27 586
57 204
148 286
575 24
379 388
306 320
207 476
14 185
605 76
409 126
346 597
524 586
180 267
152 116
388 344
435 312
563 583
345 313
205 561
37 574
386 46
314 469
540 413
290 133
556 272
142 212
134 454
419 189
489 386
474 521
157 542
392 393
6 563
473 136
556 332
334 625
194 360
226 357
87 476
625 42
414 325
317 108
155 395
498 91
581 102
155 403
149 558
98 399
220 44
576 344
609 623
511 284
374 359
382 388
23 10
564 315
243 4
127 547
555 581
428 469
270 521
566 9
412 26
282 197
587 316
363 469
466 58
80 535
177 63
352 314
89 201
266 627
198 69
279 49
568 631
494 582
142 86
302 197
377 462
48 51
435 339
568 507
205 222
96 516
359 476
439 351
191 175
316 73
46 364
416 574
188 443
328 416
344 466
549 245
616 457
533 126
156 212
377 329
410 297
332 577
504 573
179 102
592 75
500 229
466 606
240 8
103 198
476 498
529 475
163 42
411 630
172 536
529 385
153 80
563 489
205 490
141 316
281 417
119 514
100 339
144 230
286 164
343 502
196 479
251 589
591 133
220 133
360 480
528 59
311 224
169 55
569 568
159 169
543 229
151 297
133 229
93 143
515 304
518 7
293 104
614 331
167 557
146 442
281 369
190 395
355 126
501 394
615 433
272 21
371 534
374 557
290 410
302 154
310 47
62 26
139 102
429 548
597 255
498 296
322 519
575 373
329 399
128 17
193 400
437 411
159 267
602 172
96 520
221 127
228 68
332 67
354 221
15 543
329 48
336 616
264 373
6 405
184 73
174 396
356 537
553 629
504 426
370 350
176 439
509 429
545 580
21 254
233 221
121 414
399 147
601 364
121 544
362 328
78 541
217 602
432 39
616 361
497 240
14 46
314 100
20 30
30 64
522 318
359 630
620 320
296 105
392 534
566 476
152 333
517 201
300 433
470 244
565 236
361 226
522 58
427 18
381 5
1 296
379 456
140 429
62 140
386 94
539 312
460 299
511 143
504 598
335 449
204 11
94 459
418 395
518 195
599 127
485 517
458 540
537 475
568 592
593 256
419 450
138 282
589 385
431 173
363 424
402 36
619 192
594 175
520 293
394 213
521 269
245 629
298 335
547 310
381 247
466 283
389 562
541 338
410 380
601 556
622 256
115 126
590 281
384 590
612 81
373 481
390 231
5 577
414 213
572 624
198 32
409 194
9 285
250 506
483 511
535 179
598 539
78 369
580 309
557 440
512 424
550 197
10 4
499 617
299 495
348 13
619 196
315 313
166 423
319 270
527 236
623 33
448 97
90 170
359 256
398 226
575 514
107 398
618 453
357 241
137 111
75 481
626 260
467 537
51 156
68 27
432 77
416 198
233 604
604 181
16 302
404 170
431 343
256 207
567 156
203 262
504 16
310 363
593 283
606 150
31 141
588 307
28 612
491 135
73 589
190 219
402 239
532 366
360 559
512 440
90 128
562 248
429 70
509 618
583 421
271 53
192 195
269 610
248 614
102 633
143 122
458 192
601 249
52 141
590 38
77 108
183 23
535 265
263 111
592 290
450 101
508 88
524 4
239 571
104 323
493 111
484 414
166 622
460 271
35 632
583 167
68 398
221 225
349 293
412 633
54 265
181 557
73 262
446 313
192 590
303 75
473 211
604 418
136 79
438 151
85 124
153 309
357 98
530 389
556 474
75 506
605 106
78 99
49 7
62 327
323 186
119 113
544 400
507 376
284 89
8 465
234 273
328 438
200 471
598 563
155 187
402 371
322 141
387 447
11 523
461 495
365 613
558 141
629 307
108 23
502 78
526 424
271 261
550 510
583 192
379 552
31 134
70 514
172 345
406 357
447 51
595 130
215 54
186 64
298 253
10 235
107 382
498 417
226 364
357 500
168 597
105 66
341 256
490 459
464 447
344 282
484 162
104 316
276 134
268 517
333 428
386 116
445 351
421 438
560 620
124 365
465 288
623 177
404 360
452 493
453 498
540 394
312 438
246 365
483 226
451 140
154 110
202 352
535 62
625 241
559 452
430 525
132 341
377 113
562 608
360 585
340 4
533 325
363 142
435 393
306 282
511 350
97 197
375 344
198 502
493 120
385 267
158 305
420 66
179 610
469 250
382 390
491 168
142 100
231 343
333 198
16 46
206 570
252 338
615 1
201 407
278 463
142 344
338 127
323 127
1 114
210 157
253 26
514 574
434 133
533 231
394 489
89 28
541 128
23 92
539 284
402 59
107 593
31 535
112 540
159 543
426 440
257 285
62 78
182 598
218 113
566 616
54 433
499 196
417 51
171 112
264 471
4 612
199 415
492 558
136 554
562 302
126 183
58 125
630 518
551 48
527 604
351 127
70 105
156 17
320 114
285 33
299 555
22 524
455 519
346 152
150 234
287 131
431 526
462 195
257 475
464 423
432 176
3 135
285 235
189 168
377 227
532 433
431 108
625 391
424 622
369 81
438 153
449 508
121 362
469 61
320 71
532 337
589 175
512 422
449 416
477 189
70 16
55 201
606 245
482 161
268 534
350 304
366 229
177 482
155 388
628 610
201 335
265 249
520 441
616 47
222 409
286 495
569 133
620 623
574 202
432 503
282 269
173 60
182 362
289 606
207 131
127 70
122 420
166 114
24 82
76 473
396 439
316 71
50 543
289 30
247 123
597 470
254 568
109 353
145 324
98 154
81 588
37 332
507 91
228 464
148 502
13 497
405 417
166 37
134 145
87 416
562 512
105 28
442 178
79 306
128 162
314 239
47 166
364 332
425 210
21 360
169 177
372 389
76 570
425 234
335 470
308 483
616 100
41 349
411 623
542 218
210 242
98 19
23 12
279 286
411 395
546 409
466 27
267 436
516 619
395 594
486 81
263 254
339 280
543 357
382 18
337 216
185 168
345 535
201 96
14 469
278 245
440 380
430 92
461 498
400 307
69 209
550 508
137 66
205 121
500 34
179 332
596 41
244 118
108 388
462 152
339 392
42 119
258 470
360 25
549 304
313 476
200 54
619 316
357 17
406 384
380 423
137 462
491 380
630 626
466 503
331 448
556 363
556 100
90 39
95 501
553 570
455 196
632 565
284 214
27 521
260 99
526 318
351 1215
119 44
51 288
296 142
319 255
111 317
77 309
51 251
135 154
258 143
220 52
10 166
275 188
9 60
334 322
22 17
263 171
132 164
197 92
176 321
123 189
19 107
278 344
305 17
208 40
251 237
270 26
75 81
220 323
327 110
2 277
240 270
206 120
316 318
96 135
89 125
274 281
338 56
114 177
75 76
108 322
128 159
240 226
83 100
277 278
340 44
294 30
324 98
17 76
50 285
56 61
143 349
62 349
159 153
255 297
118 252
272 132
189 84
177 327
281 104
70 19
46 238
329 335
329 56
255 155
303 285
16 176
222 111
250 281
37 230
274 223
238 76
305 198
116 149
10 235
263 326
247 309
108 205
9 305
34 99
271 297
50 274
221 191
158 134
88 287
264 83
176 36
315 129
129 168
259 8
99 43
99 226
242 102
346 24
42 60
20 10
85 209
85 52
93 126
106 166
49 196
191 301
296 125
100 247
113 13
351 329
182 52
158 92
186 104
192 341
42 258
114 25
286 124
133 106
288 337
74 185
347 160
283 156
249 161
348 14
340 150
109 345
206 194
207 165
52 38
344 110
301 161
268 132
3 42
7 65
267 85
166 244
137 303
290 67
307 252
284 146
186 240
144 328
320 237
213 188
6 76
306 259
41 143
256 19
10 263
310 121
294 243
337 249
46 267
276 188
246 9
259 157
273 191
98 266
305 281
118 229
334 234
122 172
295 209
181 80
326 4
326 81
116 14
38 183
318 92
39 166
48 57
248 243
138 183
303 11
22 161
62 87
84 150
49 130
219 99
243 85
131 231
4 193
286 340
224 259
10 190
66 335
25 303
200 98
237 167
349 331
341 270
160 10
179 158
78 25
231 337
263 4
81 104
332 194
158 241
170 289
256 317
331 171
222 261
140 322
170 290
140 308
255 34
26 328
80 288
62 214
350 153
242 240
121 156
155 286
324 248
179 189
149 101
191 290
59 254
190 314
328 318
42 289
245 140
73 291
70 216
168 296
102 239
302 15
38 215
158 160
323 26
175 51
80 91
168 120
343 315
222 278
246 340
134 136
268 180
88 284
22 63
297 332
295 344
287 263
66 155
62 49
105 48
58 322
258 184
21 333
331 236
281 17
253 292
128 250
288 207
184 89
27 125
337 99
264 50
120 137
52 323
149 74
75 46
277 122
56 295
194 287
288 240
64 242
193 205
51 72
98 332
95 268
271 114
239 166
279 99
171 47
40 333
313 47
141 186
304 280
222 261
69 31
9 160
265 136
107 80
14 310
301 199
232 60
80 167
292 38
110 265
84 255
190 99
83 145
170 140
85 219
314 166
138 257
173 63
52 111
226 117
243 335
149 337
153 332
276 164
293 238
63 283
52 72
254 106
105 31
130 266
320 246
313 265
182 242
32 300
69 107
74 33
73 331
205 207
194 275
123 285
104 178
96 92
118 41
80 107
81 140
73 56
51 68
292 108
292 55
325 279
108 17
296 321
251 201
8 280
110 336
277 252
171 107
349 322
73 230
182 179
253 214
131 33
300 170
66 17
296 81
143 193
61 60
124 40
187 59
281 84
286 339
62 185
305 319
340 28
260 208
16 243
148 41
291 233
160 86
244 186
9 94
285 217
143 81
16 99
203 238
301 259
299 332
298 326
301 293
171 130
42 199
34 193
181 221
294 45
349 133
103 52
134 56
1 237
294 6
91 202
129 81
124 148
133 319
268 160
141 152
247 104
186 178
329 142
177 169
187 271
261 1
187 328
183 47
28 19
77 86
290 272
338 199
141 108
115 54
252 323
145 130
4 211
2 324
235 152
250 291
100 144
85 310
309 67
333 209
279 218
208 74
295 180
133 243
243 251
176 173
170 141
18 305
35 343
58 88
258 279
49 281
142 157
215 228
148 23
168 201
21 67
72 277
131 20
185 302
54 49
343 31
263 67
254 15
186 2
87 281
44 49
112 274
176 188
189 81
254 120
264 345
158 286
309 277
117 79
322 80
104 8
267 94
263 72
132 116
286 301
253 61
135 288
9 245
347 319
348 145
18 126
30 4
17 151
26 85
91 165
335 299
79 268
151 224
120 198
94 230
241 107
340 191
238 238
228 158
331 144
53 98
300 32
114 157
211 225
161 165
331 260
2 141
218 100
45 139
102 7
66 90
166 124
107 233
28 66
62 43
6 267
169 44
301 126
74 95
130 303
222 232
259 340
339 282
267 161
325 232
323 313
190 222
30 214
215 306
200 134
272 270
36 97
6 192
117 214
282 151
197 61
269 329
317 125
347 185
177 15
62 151
284 16
240 165
257 197
247 27
15 75
327 246
237 78
128 126
186 300
242 272
339 189
108 250
111 212
64 4
331 37
33 244
58 224
156 149
153 351
211 169
4 193
7 21
280 138
18 211
191 134
252 144
337 180
324 320
146 138
316 85
140 84
60 212
12 256
11 18
77 313
337 279
65 189
109 10
41 189
312 334
279 138
239 120
180 315
69 35
88 115
238 159
297 347
62 334
53 106
168 57
347 180
6 134
314 182
134 215
56 226
193 338
318 329
97 167
163 30
228 26
26 74
254 277
49 272
138 265
132 91
149 290
82 257
200 62
132 291
1 30
38 101
345 168
143 144
30 15
335 123
254 195
266 169
275 249
2 346
31 339
94 22
165 230
136 332
348 345
275 229
315 238
229 103
23 297
33 18
104 38
249 323
24 175
28 47
297 56
290 308
36 266
75 156
137 308
39 175
326 89
184 155
11 288
280 252
87 271
133 32
247 19
341 219
345 150
133 257
53 265
301 8
48 209
81 21
98 114
107 117
214 230
198 201
322 316
270 202
316 44
309 213
347 262
101 56
216 180
111 160
90 109
330 56
83 58
209 167
270 10
55 223
290 30
174 118
133 177
8 266
113 20
165 332
29 156
51 169
266 31
16 21
63 312
77 118
85 258
277 165
32 218
134 165
103 30
285 329
44 313
338 266
111 105
103 132
59 182
318 169
19 294
244 74
219 284
1 172
243 175
317 281
29 126
223 299
230 249
196 301
270 156
203 107
260 182
141 156
134 11
182 104
277 86
332 172
59 129
311 299
349 84
106 278
268 11
305 13
169 103
18 151
182 329
257 253
90 211
139 312
15 305
181 232
287 179
260 16
3 115
149 170
42 108
316 341
288 244
322 84
196 42
79 115
293 93
206 325
51 133
302 33
277 210
235 192
74 96
104 229
180 173
13 160
111 226
183 298
43 230
168 292
333 239
300 24
47 227
187 30
96 86
202 223
277 95
139 158
111 313
255 101
255 50
256 129
270 265
214 276
301 42
321 301
327 21
16 33
106 196
69 309
274 64
102 254
61 89
99 86
145 307
123 72
304 309
35 147
181 283
56 274
136 92
286 86
274 93
163 40
339 233
176 131
234 263
87 273
89 162
74 95
121 8
61 328
43 301
241 141
79 38
29 257
13 159
225 56
322 310
338 41
179 334
312 31
326 29
131 171
5 273
228 56
310 26
115 299
322 291
317 347
278 218
90 42
8 234
182 126
140 31
258 103
245 210
160 73
247 340
155 285
216 96
332 55
5 219
225 337
203 36
161 284
260 184
142 114
184 275
254 296
196 219
59 263
167 139
161 157
295 119
294 198
189 347
137 257
3 325
271 190
236 335
207 130
161 330
82 229
88 226
194 199
210 185
320 78
14 135
186 165
114 49
77 192
29 53
73 312
246 257
128 254
256 295
62 173
339 72
224 14
183 326
287 3
349 121
312 231
190 305
260 187
278 286
154 265
78 110
302 229
74 34
90 217
61 68
345 183
276 107
273 321
314 225
322 109
280 95
198 322
110 120
189 149
155 39
340 291
164 77
242 76
81 350
318 191
111 348
351 263
154 134
279 15
191 341
192 149
343 253
237 171
128 216
185 208
13 120
191 211
328 76
115 129
107 351
113 260
26 61
182 351
5 201
235 15
61 154
201 344
155 243
78 249
82 141
217 232
223 144
37 290
220 198
224 298
116 186
275 26
341 305
246 268
285 86
227 59
155 260
76 42
104 38
266 194
124 339
331 70
300 51
71 188
179 43
152 224
248 106
66 90
22 64
5 19
22 346
82 78
194 296
181 231
331 293
159 90
268 187
81 133
312 336
231 237
31 233
139 86
41 342
96 223
253 39
280 168
220 112
74 202
133 235
282 77
121 212
14 195
161 182
50 213
299 43
171 263
288 72
178 170
285 147
265 165
175 70
218 211
82 18
90 81
214 346
350 33
138 26
52 186
341 232
303 185
151 198
242 315
247 112
96 268
237 257
90 206
94 337
249 54
312 54
89 36
193 182
339 37
319 298
138 162
29 314
209 260
208 150
283 262
245 189
172 132
36 231
209 254
26 283
56 186
158 332
146 338
161 213
256 6
323 261
79 317
63 40
118 5
309 278
331 220
228 104
192 301
42 57
326 315
326 18
108 229
48 219
279 195
169 276
341 68
34 81
129 217
188 18
37 49
15 337
60 125
230 328
22 243
340 278
88 240
155 343
148 265
107 210
275 70
234 69
337 186
215 326
304 349
137 164
276 26
166 59
42 136
146 15
85 211
187 108
187 201
267 245
3 209
109 325
87 270
231 83
293 78
345 161
318 120
305 213
176 31
44 81
117 257
310 290
183 68
192 44
331 343
224 229
306 309
26 64
139 269
249 72
15 126
310 111
224 61
348 13
234 342
64 316
215 111
314 12
97 134
12 309
94 203
27 165
116 197
132 204
346 91
110 231
64 339
238 324
170 96
134 181
79 170
32 50
8 121
315 236
167 214
203 27
198 344
113 159
230 164
349 197
14 307
55 143
80 214
188 325
274 20
220 267
42 209
84 305
292 328
204 251
111 220
246 75
29 221
204 11
17 34
321 49
147 54
79 59
235 282
214 217
143 153
171 15
163 189
202 196
99 20
311 216
329 248
296 234
119 339
312 236
209 40
244 94
12 220
43 317
80 230
221 282
179 232
116 211
336 297
93 324
285 132
351 300
124 27
230 133
165 120
332 234
113 49
62 167
324 113
344 194
198 53
311 327
177 291
46 300
108 77
164 109
293 245
127 265
307 74
28 209
57 110
223 326
169 11
146 306
285 310
63 186
102 210
339 237
250 111
162 297
236 236
297 106
339 284
229 88
118 283
343 22
131 24
181 218
98 84
36 51
320 312
23 327
310 162
104 202
127 270
253 179
205 261
20 118
30 23
56 184
79 186
150 312
90 2
338 182
49 286
276 70
144 162
55 12
145 58
211 184
335 13
119 264
255 222
213 176
115 255
23 9
317 322
151 344
226 275
111 83
255 241
106 333
141 5
227 33
87 28
308 327
187 86
322 7
157 125
330 38
264 119
279 33
237 263
95 210
180 123
58 248
125 10
17 287
314 303
195 192
321 162
119 276
270 154
237 235
89 335
272 141
337 228
258 344
252 41
283 59
182 297
119 143
178 236
249 180
56 313
200 54
337 160
271 1
464 516
190 49
256 362
394 324
186 297
275 83
111 391
251 344
259 225
422 45
22 460
166 325
132 420
441 10
250 338
454 359
250 76
451 135
257 17
75 462
294 293
366 199
326 74
121 333
462 48
39 461
329 62
200 251
395 401
114 229
12 324
437 230
361 65
19 347
391 55
304 43
313 45
54 338
117 5
460 191
226 261
344 271
245 146
386 329
76 429
427 284
202 355
175 357
36 63
375 438
139 195
33 195
347 424
339 318
340 418
238 134
423 231
176 299
451 256
301 278
144 353
463 455
235 118
331 158
228 415
389 270
101 222
391 46
420 78
414 354
298 278
246 170
293 462
407 202
186 418
128 250
95 116
403 318
409 7
33 408
81 457
327 396
76 448
217 21
91 72
350 310
416 188
268 276
99 52
230 210
52 365
259 189
177 47
321 25
346 187
297 219
3 260
165 440
122 96
351 158
58 174
220 162
207 58
233 154
42 46
292 204
247 140
15 118
270 282
288 240
375 316
428 239
98 104
229 363
245 134
274 179
311 423
95 399
125 216
100 118
306 311
250 289
301 309
138 319
301 124
88 411
440 178
225 268
453 255
385 123
182 156
425 458
139 140
111 403
178 303
437 94
307 229
350 39
332 176
126 224
360 365
434 322
37 197
161 74
341 430
209 18
149 215
172 125
141 20
340 423
280 375
165 92
149 208
426 424
188 38
147 47
117 326
245 46
357 59
387 257
170 160
379 54
90 386
132 418
215 392
55 355
118 439
379 438
383 401
437 426
199 143
336 21
157 239
298 53
2 383
447 281
172 282
361 113
253 226
200 163
303 400
143 320
275 104
175 374
43 192
456 423
244 402
461 346
359 367
439 289
194 119
381 218
35 55
259 74
325 226
64 7
334 99
340 372
360 209
74 387
463 388
442 198
394 152
82 262
237 207
406 344
206 76
262 157
23 45
175 217
411 312
149 214
108 106
95 393
349 91
451 293
308 102
67 175
98 248
360 306
341 103
111 324
366 325
305 216
207 452
279 229
407 124
29 376
337 316
359 21
169 141
322 276
305 45
220 362
212 107
166 52
217 30
216 43
153 186
6 69
68 69
210 440
161 359
307 53
277 321
180 402
182 64
63 312
80 98
348 239
103 136
196 262
447 60
59 119
217 37
398 458
174 216
201 185
176 97
156 389
95 211
399 295
58 268
323 345
279 413
299 214
373 408
315 206
31 186
79 63
244 28
224 65
389 164
419 64
398 49
354 240
408 232
239 76
126 360
261 399
207 309
97 391
356 306
178 54
339 96
77 251
339 151
116 256
96 322
168 389
433 304
252 334
376 376
140 121
330 189
238 290
256 418
183 298
285 384
289 405
401 261
380 354
158 399
387 49
233 41
432 305
370 198
226 439
359 92
430 213
390 130
116 378
402 429
292 87
168 391
369 194
403 386
212 46
188 315
452 107
390 386
404 106
201 297
445 115
125 92
334 314
282 400
257 240
141 62
401 86
381 433
281 359
335 94
254 438
295 149
399 246
144 261
203 377
222 308
356 107
129 191
243 255
397 350
413 106
120 124
308 31
212 454
449 59
414 34
80 435
357 386
284 250
399 457
125 70
280 237
368 309
461 301
198 157
392 37
366 177
332 416
343 411
68 173
337 278
375 198
84 91
447 364
372 95
10 247
3 282
240 269
103 123
39 144
302 74
291 285
222 158
353 193
18 432
86 303
194 160
4 321
194 103
189 299
318 253
139 326
20 11
335 139
323 243
440 285
19 463
246 237
117 407
383 376
187 456
66 4
187 449
171 299
225 399
151 71
387 284
200 94
360 51
459 224
75 407
439 63
269 324
313 445
41 214
206 125
252 313
352 179
101 49
53 349
457 267
276 198
298 180
346 41
344 376
236 163
120 317
78 348
117 338
35 423
132 450
53 87
429 413
312 4
167 152
266 271
130 36
414 3
203 365
137 333
331 436
236 61
33 159
83 204
306 127
141 272
446 98
206 255
68 347
145 1
233 351
194 8
341 432
75 372
174 415
221 434
281 78
113 325
174 324
351 120
140 420
95 339
253 256
175 188
27 394
69 287
355 316
132 129
329 89
420 2
76 451
365 417
331 189
180 212
296 404
74 392
252 138
17 278
251 243
97 71
121 20
314 9
446 152
26 369
38 245
353 148
156 383
211 337
264 203
125 322
182 199
172 19
409 168
155 161
351 451
331 183
55 16
200 292
161 44
202 385
277 334
137 338
230 92
133 236
104 415
292 102
48 453
445 242
379 229
84 189
210 360
407 373
284 6
457 299
52 430
285 393
237 427
278 454
371 3
268 7
52 305
401 344
206 198
164 140
321 1575
37 65
249 173
21 229
65 172
23 295
156 248
144 137
195 41
221 83
215 62
305 243
244 161
158 164
16 172
319 86
244 90
182 199
216 78
242 23
176 244
252 277
236 237
251 267
38 179
302 263
108 71
103 183
91 99
30 41
164 235
274 304
235 76
20 134
234 281
242 165
97 310
168 214
119 185
255 158
55 174
63 311
138 316
100 262
233 295
312 222
292 189
184 30
185 212
278 131
310 290
36 30
261 172
237 185
135 104
178 201
14 1
170 162
238 224
203 72
261 24
165 127
26 7
245 127
268 201
61 199
253 146
280 19
252 156
267 290
120 248
16 126
144 80
44 175
120 131
260 152
148 44
44 241
110 225
276 208
99 295
308 80
319 134
70 271
189 171
49 11
144 123
134 125
142 200
23 136
315 270
118 244
57 60
14 83
127 307
121 1
101 37
146 227
31 60
299 320
278 36
298 264
292 118
200 24
191 248
111 231
196 71
213 46
290 300
179 260
105 257
237 230
242 83
132 180
241 20
31 106
247 93
104 306
215 221
147 137
291 97
295 293
248 221
63 10
1 280
276 64
276 316
137 25
234 111
297 170
79 303
125 248
284 293
201 187
7 262
254 144
286 140
225 306
94 286
72 9
88 43
3 251
303 302
170 284
294 270
233 180
33 99
233 192
71 125
239 4
236 312
155 80
78 307
124 304
200 100
290 270
304 151
4 235
321 218
140 259
166 1
207 292
150 127
244 38
71 265
277 172
13 41
16 121
134 191
280 21
169 4
177 172
191 140
21 226
27 312
65 277
293 254
149 239
282 112
44 263
243 68
279 296
183 271
80 103
41 178
241 227
102 288
47 12
124 66
268 107
127 133
14 83
25 259
218 225
86 186
160 126
43 320
195 297
109 165
190 298
170 263
210 162
174 94
292 280
296 213
110 184
270 10
321 126
135 86
18 157
10 183
100 281
53 110
305 169
267 39
208 22
91 300
78 105
119 142
256 138
46 107
125 168
182 218
302 223
274 89
21 283
307 77
11 106
2 90
231 303
27 126
265 311
100 99
309 5
118 54
220 118
114 167
235 112
84 284
259 8
206 152
70 16
123 106
36 5
82 128
195 173
116 184
193 283
97 314
70 290
157 18
140 224
192 52
296 223
298 297
195 112
129 44
257 100
309 56
292 121
4 291
55 292
155 234
38 131
13 199
139 42
76 112
290 150
306 291
222 34
88 214
303 188
107 132
123 311
286 301
221 41
287 259
55 231
260 247
268 59
318 196
292 158
110 286
273 262
105 10
184 143
28 207
208 79
26 23
320 232
218 95
176 30
223 236
289 7
304 302
280 61
282 39
314 190
56 112
304 108
263 168
307 257
299 73
148 252
173 142
35 160
122 240
262 120
288 35
5 251
10 155
112 142
303 254
216 113
155 314
250 151
10 27
139 81
171 93
254 247
93 231
235 43
145 151
185 30
75 290
256 139
194 49
120 71
301 68
100 272
132 229
295 84
2 63
69 112
77 174
115 39
56 182
291 5
232 48
208 233
14 283
178 155
215 144
306 27
309 116
265 148
184 126
299 200
68 237
230 203
229 88
178 305
203 219
280 116
215 120
83 302
2 115
230 187
253 174
7 170
175 55
86 206
18 65
67 210
174 200
41 280
54 199
270 125
90 22
158 276
291 132
41 113
75 190
105 173
212 114
158 159
234 65
205 24
106 78
16 284
156 71
218 21
65 67
189 4
136 193
186 85
245 12
70 27
113 51
203 175
226 128
60 8
289 207
207 189
84 91
293 256
205 201
124 91
259 139
320 107
224 305
45 181
257 300
75 94
80 237
213 253
207 5
271 60
282 103
111 80
84 219
295 71
113 228
121 316
169 110
134 46
59 78
310 263
14 68
308 79
157 131
128 219
219 313
35 183
24 268
88 86
17 177
110 301
76 317
181 199
41 293
304 161
123 131
206 99
49 315
294 154
317 303
301 279
128 309
250 200
81 139
72 27
23 213
66 102
112 216
315 305
30 120
218 184
100 53
303 231
5 248
252 282
296 2
24 73
300 104
101 49
140 71
279 93
238 177
192 168
128 170
141 283
43 306
223 231
108 222
114 202
319 305
50 38
21 229
207 198
234 1
83 22
105 200
214 229
114 134
196 21
70 65
227 152
165 176
316 130
80 311
177 303
319 176
143 175
251 19
164 95
226 249
311 205
19 53
85 102
114 14
22 232
97 307
187 6
284 233
169 170
140 270
319 226
50 61
314 69
175 188
78 240
105 294
15 50
9 222
304 101
263 313
308 72
135 221
234 307
116 180
18 278
177 147
302 86
105 106
51 248
159 175
167 118
118 174
191 32
46 23
57 310
41 133
300 263
298 2
247 11
122 308
118 221
245 4
293 22
188 4
93 288
41 315
20 302
320 113
9 46
291 207
96 303
17 131
281 221
171 99
59 24
321 212
82 72
188 50
47 242
154 10
190 94
142 182
65 154
4 255
166 102
298 147
167 261
1 134
135 97
145 200
184 309
190 240
135 287
38 133
265 19
10 247
36 4
228 168
153 317
165 320
42 188
208 89
25 224
221 266
34 72
56 169
104 46
321 123
152 150
238 277
26 30
259 142
15 150
255 8
117 304
1 266
6 116
224 183
2 177
94 169
228 95
275 125
221 258
171 21
273 263
160 66
27 17
169 249
138 272
318 256
20 235
194 215
50 292
43 166
167 256
126 100
165 177
298 117
65 219
286 69
21 301
201 6
303 86
197 128
62 277
6 34
278 15
217 235
136 5
143 299
151 245
34 132
9 68
77 78
274 163
54 270
199 28
303 163
156 98
287 122
86 105
305 57
37 234
13 314
278 159
281 79
288 82
255 310
219 194
79 117
319 104
27 223
245 253
177 137
207 15
133 247
132 80
119 227
245 300
50 282
84 113
197 275
228 20
165 200
232 107
239 273
218 51
215 15
288 169
69 156
97 115
3 313
170 187
93 82
14 286
201 210
99 249
192 148
194 93
181 277
127 34
281 201
294 138
86 49
54 40
15 248
96 133
190 125
66 306
48 299
316 312
248 89
222 75
64 229
153 35
226 242
300 291
97 24
238 202
298 223
258 193
164 83
107 149
250 267
78 223
265 207
126 276
18 151
54 69
19 311
295 295
80 12
129 290
61 145
45 179
273 37
272 54
161 171
315 46
135 14
13 186
224 271
86 125
236 124
78 182
156 20
181 139
265 115
272 122
45 183
286 321
305 218
136 72
163 317
298 321
24 111
99 204
160 247
156 151
44 26
131 77
314 221
23 115
168 230
128 259
5 34
257 44
117 26
129 62
142 177
207 42
118 209
136 249
126 96
227 126
121 67
49 122
202 59
259 250
317 34
273 1
62 92
201 71
252 298
257 301
131 281
232 149
231 252
267 158
15 56
225 115
206 56
280 103
12 188
108 226
30 301
44 212
233 311
24 235
94 134
153 110
58 100
144 76
277 26
262 22
184 169
37 67
290 14
254 187
292 180
1 218
84 176
13 314
219 283
231 95
142 159
59 157
311 1
48 24
241 174
231 98
107 115
172 142
94 181
118 256
280 159
35 30
150 248
103 61
289 71
55 275
55 224
217 232
105 183
84 140
44 1
232 304
147 123
137 12
181 46
180 11
157 153
290 229
294 63
208 229
176 44
265 109
287 100
197 162
75 185
298 79
320 311
293 54
56 304
116 90
278 303
235 72
52 98
187 174
141 79
221 78
77 53
61 291
156 95
207 181
87 313
104 162
250 146
169 30
124 5
199 90
235 229
265 235
180 132
97 210
6 246
5 185
298 282
206 35
72 113
56 210
64 242
157 114
103 96
153 40
138 114
191 227
54 308
275 303
253 5
24 113
165 166
10 201
78 47
110 155
273 250
266 16
121 66
187 83
5 59
262 295
264 115
175 42
184 299
267 171
93 259
306 1
244 272
67 236
296 257
237 257
131 175
318 232
213 211
124 264
179 14
114 84
244 68
220 141
285 125
213 111
87 137
301 146
103 223
3 61
145 97
259 19
188 168
10 105
64 265
12 231
89 315
17 36
302 180
57 240
95 2
33 164
306 317
236 146
42 292
209 178
189 261
260 105
146 303
48 121
228 119
70 301
236 139
172 201
58 300
17 76
243 309
282 5
104 149
130 22
196 273
106 211
168 18
228 23
125 7
223 213
60 164
257 224
307 244
212 49
39 181
120 155
100 62
257 143
229 125
154 189
154 201
130 142
305 172
190 236
105 128
248 79
69 56
145 66
193 264
12 73
140 47
48 286
200 94
161 83
230 28
242 94
299 31
261 307
320 176
75 25
215 231
176 67
234 318
278 314
153 100
59 210
201 136
60 160
266 198
145 107
220 135
263 5
229 203
236 168
46 278
224 4
39 310
8 318
31 74
221 269
34 192
247 87
123 113
100 27
95 60
84 187
51 44
95 110
307 137
54 236
120 40
189 166
305 37
36 20
87 277
113 170
76 177
42 32
293 28
99 22
6 198
97 62
60 168
215 102
60 114
304 67
60 190
252 13
258 184
279 104
153 186
128 82
26 12
217 193
245 29
317 197
123 110
1 120
81 185
124 49
100 10
18 295
112 27
306 7
259 211
10 173
118 248
80 68
159 86
283 32
51 223
255 139
80 129
254 274
111 4
266 61
283 189
73 277
45 119
175 313
149 62
152 318
36 123
58 267
178 144
288 138
164 277
166 74
250 158
246 46
257 54
83 7
214 315
84 101
137 221
120 280
220 269
292 239
97 101
190 271
259 95
302 69
265 60
212 277
221 20
54 85
152 82
15 94
319 245
256 235
60 21
229 222
293 243
13 173
15 298
188 315
88 86
71 243
119 42
165 185
54 77
51 62
154 11
60 310
184 100
145 221
46 77
36 227
24 10
126 289
230 70
146 116
142 161
274 19
30 227
180 193
228 287
282 106
197 261
12 50
189 165
296 33
123 161
265 86
128 103
158 254
63 68
41 29
36 257
254 204
64 179
75 156
90 130
72 36
299 274
183 40
250 55
157 272
52 296
96 12
188 258
297 64
283 52
255 187
253 232
15 11
134 64
215 296
153 47
77 26
27 310
230 142
302 163
240 72
214 94
223 239
260 235
37 122
167 141
116 130
17 130
177 48
263 195
40 217
310 243
259 41
292 215
166 216
267 189
12 206
32 37
36 85
202 197
100 252
117 254
245 115
89 240
20 266
20 206
257 315
91 305
200 108
1 63
283 220
36 72
197 200
57 138
274 306
50 309
294 312
7 246
283 125
312 100
131 112
27 250
221 290
12 278
202 291
45 131
162 214
103 233
231 281
120 321
245 316
261 280
24 245
167 199
127 216
94 131
78 4
105 44
260 19
122 179
138 42
196 253
91 227
70 105
215 123
32 171
12 4
157 34
5 86
158 129
27 147
223 9
122 102
237 198
69 311
32 162
199 242
70 252
234 66
12 220
143 101
194 308
136 190
175 34
251 169
293 173
220 96
61 212
70 9
201 240
240 151
42 59
277 118
35 97
204 281
156 94
57 306
130 134
277 269
261 18
160 302
32 110
206 291
56 228
147 7
231 224
64 175
309 157
212 31
277 310
161 162
184 149
268 247
145 83
50 221
140 235
36 31
287 316
214 43
140 81
130 168
59 134
126 132
202 24
132 320
210 6
274 5
304 279
117 161
38 254
19 151
33 212
183 223
206 306
35 23
76 278
188 202
221 157
6 138
153 111
191 129
295 189
31 212
152 55
203 27
121 37
92 240
288 64
204 199
305 219
134 12
96 18
114 8
108 40
257 38
78 119
140 269
169 136
236 212
239 197
158 152
148 204
105 316
118 43
50 37
36 76
295 133
267 262
264 60
212 157
53 97
94 311
73 32
276 238
292 234
158 13
200 21
12 254
255 40
146 321
307 143
166 100
311 290
107 290
131 33
149 17
237 254
71 127
84 2
259 254
305 151
24 12
225 63
117 157
77 82
209 53
173 23
127 125
228 112
253 238
38 226
96 103
4 281
83 286
156 210
195 96
17 285
55 303
152 154
312 189
4 173
244 189
203 206
25 164
102 189
232 188
36 90
292 60
86 265
275 91
55 78
273 222
120 313
1 246
111 255
313 108
156 116
311 286
258 49
183 186
319 29
313 65
120 98
175 131
287 22
33 321
81 132
231 35
297 63
60 35
309 70
271 274
319 85
58 145
114 151
21 312
210 318
301 6
310 66
285 148
77 108
100 93
210 212
238 130
270 295
258 128
180 244
125 257
259 58
118 103
293 315
165 298
104 19
124 98
223 294
42 119
112 166
165 319
93 270
282 17
282 266
79 184
245 308
8 232
319 8
93 15
220 2
310 79
288 311
131 318
141 130
263 8
176 180
309 200
291 25
217 105
317 268
147 155
198 121
189 251
235 279
249 85
37 98
48 190
70 227
259 194
317 239
296 228
253 288
124 141
130 143
308 41
21 296
275 157
183 218
84 199
48 29
171 278
73 163
43 33
25 107
169 133
11 118
296 262
41 276
313 121
135 144
288 317
259 123
52 223
262 260
240 289
25 97
105 236
118 241
138 224
72 95
47 93
62 231
235 311
188 29
130 62
192 198
130 45
297 211
209 283
94 20
30 246
177 58
154 114
202 40
17 31
87 10
205 1
70 223
224 263
307 124
206 321
180 217
218 200
4 56
20 160
58 164
299 20
148 179
278 253
2 22
116 156
277 90
88 269
147 15
138 209
50 247
96 290
218 225
57 29
195 297
146 266
153 292
30 137
159 184
213 273
131 41
76 295
165 305
17 240
131 308
92 68
284 134
93 163
181 254
8 269
89 280
87 210
57 257
24 15
171 165
168 87
290 309
290 320
246 321
59 140
181 209
265 68
307 235
295 84
157 103
253 251
176 21
212 167
8 24
259 289
24 290
156 14
95 186
29 65
282 279
116 115
50 221
34 289
285 61
41 61
283 223
95 254
206 3
4 202
267 286
155 191
291 105
73 50
100 32
285 153
119 291
212 179
185 213
226 77
102 211
320 26
294 214
309 68
289 43
32 278
155 142
260 118
163 221
207 85
236 240
16 204
128 221
229 240
309 142
172 317
264 316
104 96
268 83
925 1443
877 24
719 69
777 414
230 663
588 339
534 252
31 650
513 35
462 400
450 147
784 834
680 668
139 441
145 126
800 37
544 875
479 753
164 442
333 840
464 892
115 513
191 408
591 825
56 693
732 566
41 232
901 340
720 811
464 271
38 598
210 306
663 25
361 151
439 925
734 718
339 809
673 61
479 545
743 327
487 525
207 779
830 645
431 425
594 323
272 56
684 435
661 160
889 45
709 435
196 159
2 44
263 630
697 397
466 806
574 725
923 729
315 61
63 792
217 142
237 860
13 133
798 693
55 94
251 925
889 347
158 47
874 764
487 534
830 919
644 387
148 910
185 226
68 575
763 57
544 492
467 734
521 277
132 671
476 451
528 378
622 314
232 342
650 160
431 277
220 720
21 285
150 545
356 146
36 225
116 689
469 331
234 77
68 494
647 432
818 858
154 709
263 201
294 243
815 376
144 502
245 321
208 415
707 176
195 267
751 308
547 409
874 326
293 579
337 364
43 803
61 399
709 625
129 240
837 892
447 347
304 897
118 607
540 528
721 450
797 334
468 913
893 220
880 65
317 847
733 88
79 322
331 498
563 906
642 102
749 102
306 566
365 719
750 309
718 75
383 262
582 587
847 368
212 154
511 552
469 260
760 766
244 673
814 827
704 587
865 76
854 266
462 699
803 120
632 511
271 453
648 455
192 311
739 139
443 85
409 368
220 271
810 158
780 73
924 234
757 262
359 563
231 191
817 371
87 140
741 279
684 791
317 261
224 71
807 209
52 648
130 855
595 53
454 881
46 390
306 832
51 610
104 735
175 884
184 903
480 329
559 756
894 566
409 191
589 541
890 924
385 329
914 399
865 203
543 500
467 445
430 742
533 701
649 656
98 416
775 802
503 481
202 283
336 158
854 68
899 507
539 222
631 482
140 401
5 359
319 766
203 720
78 565
798 496
266 90
558 533
151 523
115 78
142 733
659 572
746 207
467 575
50 359
85 589
37 509
530 518
304 900
688 222
645 861
348 711
632 363
768 557
195 226
551 696
166 643
171 131
220 627
556 782
888 394
255 618
823 865
289 389
338 212
415 175
728 48
493 846
83 512
440 710
775 704
111 824
419 628
322 443
286 526
811 346
641 146
236 908
169 923
139 826
477 228
619 836
861 480
532 761
756 605
432 382
673 326
893 259
754 487
282 688
611 514
582 833
445 190
411 435
739 489
780 152
625 595
120 587
628 102
258 282
125 406
650 262
885 476
464 729
848 108
906 418
166 377
238 329
335 11
737 925
269 141
880 78
117 260
486 146
630 148
225 658
140 45
434 597
118 786
859 367
619 668
240 871
393 140
384 332
54 914
77 500
30 415
153 178
633 780
869 73
910 218
556 722
582 548
159 156
360 61
509 187
479 147
393 74
862 712
264 63
628 871
432 682
345 630
904 521
393 121
785 232
421 287
681 869
551 923
814 576
520 906
717 634
274 313
669 125
836 325
283 813
155 715
70 586
702 202
656 82
611 431
642 327
730 685
127 789
566 406
583 165
271 869
244 666
87 272
732 44
342 226
154 810
650 464
536 881
814 498
336 712
891 661
818 548
854 522
507 277
716 585
140 492
43 510
330 267
892 276
609 12
166 696
613 492
137 895
824 475
907 208
40 532
800 658
64 925
42 463
360 552
127 894
637 329
105 349
462 316
849 809
829 832
8 796
639 399
441 769
427 894
368 895
100 261
7 750
547 399
153 349
566 414
19 738
164 252
29 217
360 729
73 78
292 371
186 612
907 369
577 922
519 725
802 915
20 866
918 59
30 389
107 904
919 483
507 811
875 423
541 303
766 467
95 222
250 824
71 330
197 484
447 843
394 106
345 714
855 363
494 707
872 556
116 710
388 23
493 577
126 30
352 243
668 836
308 40
74 915
48 627
436 118
726 781
238 724
529 693
196 434
419 416
634 8
485 42
418 650
691 144
403 485
1 560
354 334
853 155
284 919
84 567
344 743
456 817
207 269
225 179
356 626
886 582
689 857
565 316
698 635
598 492
320 125
506 813
68 200
655 354
188 25
629 101
585 741
237 864
148 106
104 165
41 171
870 722
388 687
725 17
763 69
70 75
840 291
88 544
287 713
59 530
105 822
257 341
877 588
774 276
156 237
421 566
47 396
237 438
367 85
383 503
241 602
911 604
910 710
895 826
802 804
436 807
599 188
155 118
760 58
349 623
15 504
203 865
474 605
801 373
842 13
110 851
708 798
405 593
369 412
289 475
433 821
208 215
469 644
281 71
145 484
656 139
544 446
160 643
66 207
642 859
400 597
316 767
666 921
816 238
341 374
482 901
618 18
27 138
79 318
429 825
891 391
183 451
400 369
308 111
42 821
716 746
902 742
711 58
310 1
555 101
73 484
751 447
649 528
226 589
17 485
229 443
858 906
155 524
735 139
108 898
7 861
231 704
482 114
844 339
718 477
496 578
96 77
205 329
444 750
599 907
445 660
603 139
778 93
445 866
143 133
171 109
195 560
601 313
801 462
885 297
425 523
39 47
912 685
427 150
412 900
228 912
38 454
716 25
300 468
238 106
499 679
23 493
9 117
705 302
716 460
586 34
587 662
261 25
608 650
734 260
408 764
679 2
609 913
97 56
881 27
789 800
730 630
733 811
799 226
173 449
901 471
320 146
858 455
97 546
802 257
922 463
248 490
847 714
631 260
496 288
650 432
425 320
658 385
180 311
590 93
725 363
404 26
160 9
340 357
688 550
445 23
373 518
906 724
121 124
397 789
51 342
77 537
71 241
75 579
424 192
137 879
205 20
763 345
543 415
82 2
640 269
169 697
798 289
282 758
489 574
170 404
578 865
257 477
896 767
58 618
196 435
431 402
5 153
40 105
34 546
836 170
768 692
41 346
718 265
608 636
618 402
573 266
279 358
674 102
189 365
590 283
48 194
317 678
415 9
889 851
454 74
676 425
135 397
99 715
592 508
649 649
319 552
210 61
641 59
374 407
640 640
837 763
486 432
191 917
511 520
777 800
295 483
684 694
545 571
347 868
857 781
50 773
569 624
569 236
72 518
486 779
137 904
189 705
279 109
546 685
256 738
841 641
656 857
189 473
342 917
231 491
718 416
684 304
848 836
52 800
377 533
135 825
369 717
917 584
136 918
261 186
108 729
728 767
625 635
213 153
468 45
478 38
676 302
678 214
879 452
84 676
168 853
644 792
748 260
360 436
208 28
691 908
766 275
587 874
836 811
276 620
120 236
332 191
3 501
385 126
211 27
324 869
921 728
401 219
391 864
195 922
485 395
513 73
764 172
791 501
48 627
805 737
50 692
852 411
189 109
113 551
341 737
540 234
250 319
808 207
92 270
473 299
118 702
350 558
472 262
755 733
810 350
334 7
444 586
296 387
178 451
13 650
629 557
860 240
368 532
839 508
492 540
682 224
618 403
275 581
872 358
789 116
95 348
15 139
271 912
446 437
599 290
864 472
787 76
319 739
271 267
908 559
599 399
26 736
417 763
848 569
18 893
248 61
658 690
169 34
173 902
422 322
462 753
628 428
239 243
300 216
780 628
459 574
587 789
566 650
25 902
877 522
413 817
165 501
322 486
290 16
643 825
351 290
69 804
414 640
613 778
170 305
308 715
883 594
592 633
772 860
323 38
327 546
175 365
618 675
194 397
105 768
144 250
212 34
344 172
503 525
474 56
327 629
921 119
245 626
322 146
795 252
567 658
720 571
556 675
730 843
16 399
895 303
158 428
465 800
729 677
880 531
196 909
858 369
706 633
661 250
118 831
360 580
777 860
504 103
663 331
908 176
427 290
337 300
140 202
750 756
894 258
306 283
651 58
112 399
79 868
526 470
677 720
481 659
808 554
603 464
494 920
469 321
445 637
576 23
318 628
285 686
347 793
807 555
176 2
498 503
755 572
43 264
23 55
149 326
211 280
191 303
9 834
682 915
776 255
405 688
211 747
358 146
674 561
552 372
100 435
553 30
49 658
576 175
374 512
178 850
365 676
918 343
865 147
801 760
504 303
57 566
114 496
773 777
522 318
718 579
535 886
637 547
269 287
808 180
745 152
30 540
885 631
574 623
707 615
832 350
792 187
505 415
142 823
908 358
224 782
58 134
380 715
151 546
647 568
191 612
784 707
849 600
439 588
78 477
331 268
497 803
2 871
325 817
122 545
502 854
874 528
82 876
204 574
710 211
782 860
513 595
356 576
832 728
698 420
327 272
753 921
135 834
821 109
37 613
768 417
189 902
94 78
405 770
681 554
728 209
895 623
494 1
99 765
667 740
787 375
327 870
61 409
584 566
218 381
787 318
652 240
433 686
362 588
485 132
875 185
161 261
788 729
11 129
220 794
733 406
59 131
242 718
792 745
802 890
19 171
121 159
555 572
743 233
291 394
801 166
459 543
924 574
749 444
889 923
753 410
593 653
227 920
865 79
173 494
896 150
35 308
49 725
431 95
63 52
712 850
472 332
414 431
134 801
505 838
561 836
651 258
31 4
176 907
449 246
276 17
547 487
444 397
297 325
339 491
221 634
834 493
446 842
223 730
570 688
15 450
118 279
544 422
259 243
758 66
905 882
774 714
863 317
199 147
824 796
832 106
354 710
491 873
173 164
792 48
75 353
669 156
240 19
770 818
606 751
532 65
816 576
242 506
794 924
860 682
761 380
436 427
633 562
413 863
793 429
746 782
692 397
501 8
891 258
704 665
625 606
413 545
574 381
662 459
321 520
126 57
792 592
442 786
272 842
637 222
375 823
662 674
734 870
40 159
167 517
358 78
902 46
484 597
17 134
675 152
713 321
156 517
912 138
365 232
695 448
896 266
784 775
686 747
726 597
300 463
492 5
628 67
397 859
660 199
795 34
870 846
294 65
563 318
678 326
103 675
385 889
897 698
814 860
536 260
99 875
812 207
16 558
526 277
419 44
302 351
694 246
231 469
665 369
795 585
23 858
302 692
566 600
47 648
417 437
424 686
240 69
18 510
175 390
90 598
397 247
456 304
376 505
198 874
480 510
531 695
153 731
924 287
190 98
892 411
35 153
132 304
378 865
821 855
906 737
916 85
516 249
407 470
203 123
212 717
746 251
210 908
406 898
297 478
279 132
128 772
878 85
469 785
915 242
803 176
532 25
334 6
3 524
343 160
634 85
207 731
55 512
107 544
470 818
832 11
510 227
900 374
550 419
889 74
878 819
17 536
916 208
397 678
691 179
677 514
652 167
869 559
923 596
333 457
801 59
135 239
920 669
893 200
845 911
276 573
74 822
875 537
180 174
349 260
821 542
736 116
516 501
878 204
563 174
696 23
631 1
542 892
589 915
9 16
764 613
532 423
637 308
328 729
378 492
67 724
315 794
468 307
326 654
198 572
898 192
53 41
746 5
258 355
278 793
370 472
580 277
353 235
324 71
320 696
496 514
316 427
381 738
189 791
808 830
212 14
257 788
660 872
179 597
757 13
717 221
881 744
413 739
109 339
281 98
248 262
145 209
898 82
344 549
582 333
13 134
162 27
500 201
908 342
832 677
843 297
756 810
558 755
80 833
18 226
839 469
273 805
491 851
540 627
427 888
573 293
317 22
570 479
682 745
874 470
889 565
204 802
530 560
752 668
424 539
653 283
307 432
388 751
551 96
35 589
680 12
377 25
240 64
744 426
750 730
864 598
595 687
90 840
537 228
409 740
138 474
841 732
525 138
286 358
364 861
810 319
198 897
48 162
499 858
348 862
89 413
626 166
316 902
649 341
852 129
296 801
395 550
828 308
805 225
166 100
598 482
162 392
289 805
793 258
872 57
208 509
297 558
925 565
234 113
26 919
313 810
209 382
218 392
823 356
12 242
709 434
303 883
115 686
517 8
347 358
163 43
55 164
163 427
650 901
375 493
818 68
392 278
57 40
719 906
744 735
817 898
192 712
87 787
805 263
532 859
123 73
191 250
250 66
161 717
376 127
73 482
309 525
650 608
764 432
722 331
471 211
843 752
31 133
116 595
90 263
621 648
695 40
625 750
331 817
335 760
907 855
470 730
628 373
368 130
315 856
209 826
914 298
180 49
417 629
403 810
22 200
905 340
765 740
838 121
194 472
171 123
361 638
307 671
583 305
643 852
762 847
188 559
167 748
874 588
844 533
522 193
512 94
547 72
49 624
300 611
761 364
46 592
673 436
665 494
124 452
554 250
689 827
578 443
522 105
177 164
388 264
815 499
509 190
781 742
481 232
564 337
813 201
562 205
164 131
476 492
898 387
464 657
223 922
334 821
810 307
861 115
457 735
796 814
381 172
317 173
662 736
505 554
805 450
576 288
694 207
758 786
679 694
710 13
1 434
635 295
614 880
508 551
587 42
73 187
461 91
721 123
742 99
159 376
900 626
236 802
789 744
244 281
114 356
667 191
216 612
234 66
8 263
902 496
400 360
340 411
397 222
894 197
313 475
49 62
834 469
443 622
525 184
814 488
880 294
77 125
114 563
