10
329 1052
7 212
76 167
188 153
23 111
287 303
130 119
318 64
188 43
36 57
93 178
253 1
175 92
114 27
223 270
207 268
212 57
6 107
136 97
298 81
180 64
210 63
247 142
153 145
113 69
168 208
128 68
106 253
242 237
99 191
316 219
40 45
210 277
82 296
313 245
28 61
272 321
76 260
221 48
328 171
209 223
155 148
97 16
276 259
299 73
101 260
170 293
160 6
267 129
135 59
98 323
15 66
88 301
79 19
210 321
142 105
90 56
187 65
128 62
274 11
80 176
76 2
181 321
123 202
201 253
51 292
60 243
220 106
93 153
202 82
126 136
66 279
46 180
245 51
174 321
189 129
258 71
299 210
109 137
328 60
116 307
234 88
257 187
4 29
247 226
21 306
35 316
295 272
123 23
230 104
140 250
230 84
80 206
41 71
194 238
42 99
200 216
84 285
244 272
95 314
137 151
20 323
90 176
156 27
259 5
228 195
150 301
1 44
325 314
210 120
302 72
36 282
205 107
242 115
58 97
93 26
158 154
15 261
199 19
18 250
279 158
52 67
21 137
80 17
283 63
251 79
189 142
78 81
293 111
282 228
282 314
108 180
135 135
201 287
160 155
105 235
30 252
224 92
180 150
49 310
249 48
324 231
24 37
189 323
125 296
229 62
135 1
241 114
308 2
40 275
57 175
300 104
167 325
71 220
24 278
262 16
275 210
46 41
262 268
312 162
169 143
26 143
309 282
316 124
279 124
99 267
188 263
13 81
117 156
156 172
285 196
12 110
105 295
79 194
62 103
113 103
59 60
199 113
263 111
145 19
329 283
208 145
150 213
23 163
183 252
176 39
139 112
288 220
228 253
278 229
182 326
301 162
175 126
76 310
202 224
251 236
233 266
319 289
88 90
109 319
94 6
11 274
227 171
96 12
167 167
28 249
19 210
253 64
257 297
26 321
153 45
289 195
248 192
170 261
231 25
172 293
329 262
123 252
226 63
268 176
56 259
151 64
111 89
324 97
133 267
76 291
230 186
101 79
58 250
149 317
237 286
98 128
327 289
237 172
226 73
47 188
314 292
71 113
158 298
66 58
178 326
306 211
172 14
305 237
27 306
37 158
50 26
157 166
15 216
329 139
10 96
176 23
261 32
322 149
14 58
135 309
326 47
324 39
201 150
57 71
274 29
326 311
288 246
210 328
60 307
297 230
105 96
5 283
227 175
105 27
277 306
193 329
268 321
187 166
229 164
18 137
152 148
117 224
214 107
109 175
165 42
25 163
205 241
318 294
296 298
61 35
54 139
81 93
178 4
136 231
188 94
45 106
86 278
74 301
26 25
19 228
316 87
308 24
153 107
241 74
247 313
26 168
114 305
92 204
184 193
202 41
231 179
245 280
257 231
193 259
277 223
226 320
58 325
152 328
143 265
9 207
139 70
155 63
197 41
177 318
105 278
8 164
67 1
319 75
145 27
194 248
287 270
83 321
208 114
195 248
62 102
106 62
54 147
259 118
126 104
11 257
176 115
155 218
21 72
22 195
237 144
245 191
56 68
47 271
288 202
75 177
210 329
17 33
226 205
139 46
276 198
111 145
323 89
44 252
40 114
17 265
183 281
238 312
132 50
172 47
102 20
273 215
119 12
267 25
120 172
175 187
247 101
130 11
229 64
184 222
31 318
296 271
315 202
55 148
28 59
100 92
133 127
75 106
66 134
316 307
76 47
76 194
256 121
164 51
125 237
216 54
246 86
249 239
259 137
154 127
69 208
254 95
229 95
5 27
18 99
73 266
127 28
197 23
276 41
38 39
263 149
293 304
105 272
40 167
59 322
260 189
206 151
187 112
188 28
44 187
161 106
92 48
258 122
93 125
300 46
220 247
190 269
231 315
231 224
86 23
303 8
19 49
212 9
165 103
164 100
101 312
242 292
60 101
281 209
224 264
145 60
245 194
264 149
158 57
18 278
132 271
219 227
182 179
276 37
45 1
193 29
200 28
288 76
243 316
290 236
317 45
176 11
230 27
9 131
127 132
198 314
243 230
110 174
241 172
16 232
68 170
74 62
287 119
287 64
237 163
68 157
152 163
250 228
276 195
21 237
177 190
73 151
8 112
164 99
65 311
56 3
200 154
281 254
35 91
175 10
283 199
279 323
21 165
113 121
211 65
259 94
138 249
88 138
253 294
2 324
108 195
120 143
196 195
258 72
287 12
308 3
216 98
157 38
208 95
60 157
47 223
309 61
289 33
244 234
216 208
185 253
217 249
86 267
128 43
59 105
230 118
8 267
319 97
205 188
255 233
207 216
179 45
236 235
171 28
105 7
107 239
174 279
28 277
309 59
121 79
223 223
222 25
262 239
270 12
227 150
157 104
35 115
69 193
258 323
235 164
43 212
190 286
308 13
288 56
315 62
222 259
123 233
213 243
40 283
195 151
176 29
27 194
293 71
152 314
154 299
262 278
123 31
192 153
156 56
212 53
171 100
72 183
72 13
209 262
41 176
144 76
291 329
30 37
107 173
194 287
315 142
19 111
36 98
285 207
297 156
126 55
100 133
154 78
210 104
202 9
196 90
151 105
171 308
254 126
137 317
80 31
165 98
317 230
18 61
39 259
142 265
145 142
278 190
281 276
301 127
238 233
62 272
109 68
29 17
51 5
11 139
209 92
269 22
305 57
262 37
130 290
47 139
239 175
113 240
254 92
127 106
21 77
137 112
227 228
165 170
78 239
298 137
309 2
91 300
176 298
191 143
168 185
125 134
37 244
284 121
320 259
219 197
230 38
216 326
108 292
110 235
317 183
74 217
229 250
105 5
109 252
169 43
79 131
310 80
13 17
41 271
125 102
139 233
151 320
313 50
4 266
270 12
217 214
17 293
198 243
212 124
140 173
253 126
109 284
230 273
33 319
104 210
222 164
324 181
174 176
132 73
19 260
18 96
67 155
164 214
40 18
72 3
159 25
191 261
92 247
256 225
217 37
161 184
165 41
313 81
218 214
122 1
116 160
1 231
143 260
180 99
224 242
285 42
47 204
14 123
117 186
57 240
144 68
116 183
87 89
58 304
122 90
293 300
310 213
291 96
184 229
146 69
284 236
156 188
66 88
169 48
325 302
45 297
173 164
224 1
176 305
126 238
111 25
81 191
78 312
259 37
114 127
30 186
206 213
65 194
2 213
5 311
119 46
325 183
187 45
169 226
79 65
247 328
261 146
195 280
68 320
83 5
238 187
216 184
222 162
81 13
227 295
274 271
144 22
165 149
125 195
180 5
91 35
172 37
114 153
47 190
326 71
32 90
127 220
123 66
29 107
97 194
306 154
37 211
239 216
237 55
43 14
179 263
33 323
200 279
315 115
190 141
224 30
260 55
126 72
44 167
34 306
226 307
319 238
218 221
167 122
246 161
248 60
42 220
175 22
322 65
117 204
274 225
309 236
155 62
242 24
30 39
302 134
6 251
270 244
181 66
271 326
182 71
183 202
325 217
49 302
218 250
273 167
236 144
325 42
110 279
74 61
21 289
99 57
182 325
17 233
235 241
25 67
185 53
130 215
155 140
33 1
117 50
206 183
94 196
200 155
210 21
260 77
308 14
56 247
6 174
262 108
50 56
141 202
154 51
293 307
327 76
292 166
269 2
252 206
222 221
49 67
234 55
46 66
279 160
137 255
199 239
313 5
39 211
267 309
206 141
142 260
8 248
257 104
219 52
73 93
156 131
107 33
175 99
243 325
200 29
293 131
184 41
319 96
176 94
170 1
214 144
55 291
231 93
136 211
191 88
242 136
42 171
66 146
51 8
5 265
223 179
199 26
263 159
289 263
192 81
196 312
7 79
3 256
74 172
321 198
168 64
200 70
250 193
202 207
28 166
185 320
64 186
175 328
295 59
18 29
104 227
88 74
158 39
272 182
85 60
273 271
283 205
296 192
245 57
52 54
98 304
111 108
181 90
268 144
30 62
212 205
77 62
101 1
76 117
217 263
238 326
95 17
296 277
278 247
39 18
263 222
272 92
150 72
196 328
180 131
93 235
53 256
170 304
83 51
243 214
299 75
265 162
275 312
185 182
74 212
128 206
18 97
56 254
64 233
215 226
130 63
210 54
155 212
260 297
4 25
242 40
240 278
316 275
104 222
277 287
130 168
236 29
69 154
293 74
1 54
298 229
324 212
125 120
199 74
183 241
148 88
134 162
15 193
294 60
242 169
327 307
154 166
242 21
300 51
266 287
92 223
128 132
98 97
328 311
251 141
122 144
261 113
269 164
181 163
191 235
217 283
177 24
41 296
306 323
122 141
266 247
64 278
268 60
294 62
14 315
296 28
19 18
12 11
221 228
159 106
86 138
205 138
283 278
65 222
17 291
117 286
211 107
223 321
313 274
223 30
305 282
243 43
32 76
107 255
249 78
20 308
274 163
237 3
132 270
229 240
236 140
199 123
301 20
203 96
139 55
239 223
305 40
249 204
12 273
60 304
168 102
19 39
150 317
68 184
287 56
190 286
134 288
71 51
99 144
288 44
108 198
92 175
126 142
266 103
225 107
93 244
211 294
264 183
314 279
231 302
12 29
319 267
282 300
278 110
111 182
284 179
204 122
110 314
294 291
294 161
37 132
286 4
167 63
1 84
204 62
193 144
176 125
318 261
90 142
234 310
270 235
251 95
237 237
19 250
172 261
193 177
84 251
179 139
245 71
300 176
65 12
198 258
149 284
136 117
38 307
200 108
201 144
913 1839
395 743
581 575
532 643
187 372
775 793
755 435
113 854
843 731
222 265
380 302
733 68
339 628
499 70
880 270
256 429
576 394
450 618
661 864
864 41
192 512
17 634
874 848
330 893
116 456
83 486
524 232
116 71
292 508
563 676
188 494
786 490
350 362
228 261
749 255
38 676
56 715
464 91
893 443
460 395
154 734
688 399
188 659
28 645
865 732
670 861
609 459
555 450
784 626
903 297
161 461
92 264
113 861
625 558
665 352
734 466
646 343
810 819
135 282
896 389
266 778
31 540
853 59
160 522
502 626
874 321
293 719
753 409
392 27
913 267
796 854
185 226
63 300
3 524
769 499
836 160
44 338
664 324
385 61
626 142
558 628
647 417
460 226
653 826
413 442
899 785
524 465
106 41
216 319
125 604
212 332
721 555
727 223
502 497
237 679
157 308
785 394
596 655
628 265
780 650
401 493
531 413
451 800
891 414
885 824
676 6
279 488
641 878
511 247
498 832
686 877
26 16
708 412
660 175
308 255
627 781
172 503
339 380
211 595
327 770
328 838
111 93
101 11
704 70
735 533
858 59
321 278
311 434
356 566
446 133
478 790
515 329
250 294
518 685
605 674
781 160
347 910
302 84
577 31
533 447
904 201
40 147
828 907
905 730
365 853
142 42
131 698
483 763
747 413
118 188
550 197
386 107
410 482
663 501
622 825
183 309
14 410
25 712
694 583
206 621
149 267
514 414
544 593
801 453
357 604
396 174
231 10
744 645
789 126
376 23
218 806
537 118
308 703
732 543
177 27
895 157
540 38
70 837
706 539
841 840
503 108
447 388
587 506
236 18
137 520
214 254
204 475
170 572
65 633
636 241
799 633
90 441
136 395
738 369
364 660
306 766
890 818
251 661
176 15
710 159
850 629
518 148
47 493
113 379
198 678
815 593
175 703
618 783
165 767
458 594
632 27
643 18
498 71
875 97
233 878
694 495
864 543
383 568
782 568
2 409
910 815
806 846
26 228
459 630
436 889
394 743
539 99
688 349
242 182
519 425
324 21
557 592
33 262
398 638
246 671
301 556
373 18
7 33
89 271
247 377
349 313
558 846
585 171
408 906
112 437
599 209
159 721
899 864
241 909
717 681
686 732
792 134
199 10
127 312
656 132
847 758
9 723
434 406
908 911
714 873
405 632
473 435
613 324
411 336
628 267
450 906
35 844
262 222
683 88
813 176
447 283
302 514
26 364
283 638
278 108
805 683
499 375
893 752
377 403
754 505
635 397
811 83
836 447
765 309
695 472
467 127
52 246
638 649
701 32
847 104
858 379
115 605
887 599
550 695
825 355
52 469
411 114
243 317
408 767
322 630
826 679
511 657
515 615
244 890
204 20
710 491
88 848
628 231
28 221
342 895
746 346
212 271
608 176
308 750
576 454
220 134
244 238
606 714
596 421
380 787
758 631
760 534
227 502
398 202
740 394
22 247
897 509
420 194
660 434
510 109
584 43
554 342
551 716
694 149
723 281
394 340
829 254
28 364
740 613
545 382
867 158
834 568
263 620
189 454
702 852
631 247
827 231
120 272
398 38
485 722
765 459
369 895
199 530
361 715
530 491
381 672
483 76
138 109
713 218
480 591
164 593
621 361
745 52
272 607
670 804
267 14
535 69
512 285
171 68
125 877
71 515
262 93
370 421
140 49
615 830
439 180
393 856
511 651
832 423
766 837
117 349
809 773
913 310
39 743
723 729
603 230
391 317
659 844
185 865
172 437
208 490
360 861
202 111
297 586
11 498
563 89
20 682
821 652
182 618
719 474
815 434
204 62
433 501
448 295
706 179
247 896
798 235
251 555
222 693
356 438
698 606
480 565
138 173
507 230
532 688
900 55
724 152
660 838
511 105
149 714
63 183
558 122
180 145
752 259
375 481
20 49
388 123
639 851
125 140
449 72
143 178
674 503
219 253
328 467
677 769
810 757
243 681
553 649
772 266
292 906
577 6
725 774
682 411
377 582
36 88
285 729
688 632
461 129
74 813
473 497
528 28
358 226
486 64
671 332
465 90
670 827
135 108
323 801
184 355
776 542
734 745
844 299
745 202
699 219
154 498
612 122
315 554
90 685
236 284
407 51
247 183
663 312
74 827
398 133
692 429
507 539
747 823
897 718
159 854
130 885
519 722
130 51
30 7
5 185
657 767
747 59
134 871
192 803
98 487
776 482
294 750
85 614
20 360
808 257
443 764
253 133
617 271
6 463
23 768
833 762
678 36
219 295
196 303
206 838
315 161
748 495
171 389
355 747
19 316
509 822
12 294
257 171
403 779
683 911
482 317
796 537
846 576
57 272
748 42
159 305
527 222
187 232
135 199
767 341
272 651
310 243
478 680
772 804
639 444
549 635
327 545
869 906
187 219
250 299
530 85
36 851
528 139
457 336
852 683
786 658
515 8
589 601
652 678
423 247
663 109
396 271
758 167
536 362
357 662
52 62
566 589
450 611
313 507
764 326
604 80
108 161
475 495
79 808
416 836
801 203
318 17
482 344
78 83
5 173
680 156
611 142
95 761
819 491
488 304
81 6
154 28
273 584
183 678
117 579
606 32
877 72
154 524
120 751
496 343
732 317
372 421
817 397
337 167
179 724
634 147
401 80
6 99
210 562
378 346
795 724
586 46
762 816
512 66
829 363
614 343
535 408
776 843
38 867
627 875
833 663
537 150
130 622
108 28
792 76
474 213
760 217
278 895
388 81
112 135
44 160
298 155
302 396
194 825
49 469
858 847
137 811
77 437
494 682
349 622
283 869
593 193
450 341
355 113
115 315
304 402
643 299
885 411
539 468
468 689
466 529
361 647
743 793
351 231
148 509
873 212
717 358
448 206
584 140
835 579
118 147
307 655
207 206
614 690
754 644
93 257
673 334
138 186
352 273
222 793
664 536
753 541
605 558
157 589
735 156
51 862
194 371
754 75
850 210
404 634
586 271
97 889
433 170
732 448
752 874
271 855
743 169
630 260
199 69
642 472
244 820
43 511
564 804
860 395
599 723
319 44
805 754
286 803
287 809
801 453
703 904
570 785
480 16
486 421
285 66
594 311
657 820
53 244
357 584
744 8
701 617
661 810
383 799
871 766
247 783
74 597
513 333
885 651
548 668
447 712
350 434
18 574
546 857
794 842
245 811
829 156
444 579
877 316
236 870
128 845
89 123
144 119
204 181
573 31
475 164
593 681
412 695
640 113
893 806
791 209
316 798
420 265
310 566
455 374
598 45
193 403
170 572
23 451
229 75
709 126
169 381
433 236
407 904
125 429
418 725
853 261
573 804
236 887
647 622
150 517
605 787
651 642
415 207
590 342
759 194
747 736
219 343
343 161
399 42
294 596
348 661
717 335
440 511
691 857
555 777
362 138
24 618
182 135
414 330
440 430
667 239
232 547
66 473
744 386
571 64
837 714
665 33
474 644
68 453
877 749
431 434
416 819
779 448
396 304
539 204
448 502
371 48
642 594
346 67
582 191
420 323
119 689
816 73
160 647
40 384
591 634
536 908
95 249
144 710
168 44
526 288
320 705
816 205
807 496
746 433
574 742
77 205
865 131
16 270
62 779
854 295
134 493
799 861
549 332
389 760
394 89
895 118
317 233
842 821
775 898
425 326
678 526
501 149
826 82
87 303
412 9
700 213
214 619
517 868
131 905
762 190
345 366
718 325
438 882
730 13
286 528
29 413
893 18
140 627
83 271
390 33
883 718
837 201
617 304
778 774
187 242
129 654
913 106
758 817
230 442
376 803
598 353
889 535
663 769
2 621
338 339
867 124
889 171
716 559
421 876
413 413
182 228
723 903
42 471
336 571
704 318
310 768
834 137
248 716
83 634
709 878
142 137
415 709
502 260
216 707
522 21
556 5
845 472
643 24
546 714
364 580
887 861
676 261
624 254
495 57
719 574
876 552
380 339
235 898
145 98
761 104
295 303
286 366
824 243
545 793
365 494
606 94
163 46
324 784
302 691
35 680
126 393
359 460
715 206
183 84
186 71
450 471
832 544
73 163
234 183
700 641
173 296
197 376
396 673
758 222
507 18
590 132
66 358
658 129
602 734
796 386
334 528
142 523
793 789
252 485
857 84
898 790
745 717
875 849
353 637
61 151
756 669
911 607
216 698
52 648
714 293
350 457
240 152
111 228
555 82
429 68
68 510
843 672
112 738
395 209
469 222
598 754
461 326
30 24
610 889
386 703
802 302
541 862
9 424
246 499
87 418
274 476
758 662
673 866
460 263
642 77
520 484
87 26
148 630
595 750
311 367
88 842
824 264
706 526
303 252
357 563
776 350
752 617
698 613
40 874
731 422
430 134
126 816
226 247
238 496
161 874
659 756
236 836
729 707
150 186
413 526
582 592
48 267
567 299
239 399
341 737
568 529
66 447
374 770
506 597
643 877
609 397
716 804
517 492
871 545
282 765
482 374
874 185
401 571
117 629
87 516
662 329
323 720
538 156
167 61
333 591
254 97
653 219
295 528
332 866
382 728
454 533
97 809
607 600
572 147
280 674
789 307
720 573
549 534
373 313
789 89
357 894
92 142
497 713
577 725
626 112
628 190
595 686
315 268
82 693
516 532
489 700
610 291
663 705
880 629
905 331
426 892
132 278
59 571
114 312
561 722
36 269
124 104
405 677
205 86
745 269
893 21
242 346
295 333
554 94
544 664
197 619
661 538
456 393
561 756
767 274
913 722
566 877
732 739
675 48
207 748
305 895
128 371
132 863
131 161
687 172
83 507
242 762
789 100
316 186
70 375
852 317
728 177
386 395
866 451
635 153
302 59
554 9
906 912
617 136
247 675
460 281
748 138
462 431
863 610
856 864
2 236
152 146
869 425
636 461
45 845
412 904
413 752
162 363
122 886
810 702
114 99
415 300
739 463
560 494
376 721
99 631
851 40
761 562
14 225
645 720
531 597
98 373
718 755
356 480
657 858
504 716
157 468
96 41
590 56
717 692
392 675
447 769
580 1
72 629
750 325
73 140
215 522
363 373
423 182
52 745
518 290
886 149
245 228
392 368
425 856
269 442
800 261
172 767
892 45
424 410
228 519
124 567
744 331
535 61
5 23
523 667
142 783
69 67
801 724
180 354
163 649
359 570
21 41
196 251
46 408
172 151
515 51
803 328
5 248
519 606
592 714
221 701
473 296
299 813
164 622
497 122
324 882
569 663
69 26
663 708
757 723
175 188
687 763
724 426
242 306
902 527
218 628
665 16
321 649
138 886
879 677
469 28
823 377
562 93
574 89
5 212
766 236
860 840
371 195
238 474
352 751
723 252
309 323
353 52
824 26
152 701
471 590
363 368
553 801
881 347
908 263
538 622
48 628
595 886
662 612
31 734
749 112
815 396
10 520
240 150
175 469
875 43
868 325
567 44
738 285
724 156
84 28
741 183
292 754
868 107
373 487
503 891
728 883
665 747
843 787
796 196
726 482
482 510
804 5
684 337
568 721
680 365
512 553
537 725
43 391
394 193
84 482
860 766
188 703
341 366
523 439
483 716
865 304
568 233
480 729
232 222
350 460
94 789
388 327
479 52
176 542
805 182
730 405
835 216
246 360
389 840
771 179
20 43
202 487
467 71
852 104
176 536
485 902
102 819
491 128
738 268
344 394
152 211
148 127
695 148
85 655
111 687
311 260
41 499
261 879
95 153
391 262
182 529
765 420
95 344
231 394
287 62
808 57
315 303
585 591
422 689
405 672
399 40
348 78
498 76
135 228
46 895
251 759
548 297
674 638
344 753
783 197
256 182
504 54
304 154
74 64
626 179
387 721
903 230
815 822
248 257
433 430
482 774
214 597
174 73
301 351
788 579
638 497
780 402
802 717
619 872
45 625
425 746
16 8
738 749
76 385
501 19
546 555
219 276
517 467
417 226
239 190
18 270
357 391
696 632
837 765
418 299
756 861
778 187
795 691
711 259
288 175
563 402
466 796
780 889
426 206
625 448
62 286
858 560
555 45
185 203
549 39
550 216
180 234
133 800
780 572
283 551
211 36
777 557
493 443
314 534
375 14
477 267
561 579
322 241
876 805
259 108
282 219
317 161
600 295
411 657
44 306
312 460
173 885
495 681
205 12
290 158
739 50
480 661
493 509
467 417
705 320
332 666
788 456
615 361
185 725
509 402
694 454
604 20
143 760
509 397
98 841
219 691
424 536
560 515
33 238
479 868
598 871
649 403
881 724
281 829
601 659
665 102
873 167
437 367
747 901
416 889
659 16
803 414
3 128
457 779
773 341
838 131
36 630
160 8
796 496
459 848
216 101
25 776
245 331
780 694
327 581
344 126
144 823
886 529
404 281
245 713
548 290
875 181
171 171
68 818
359 883
32 704
792 844
901 737
190 116
41 381
515 249
849 575
49 670
606 502
470 587
113 623
233 880
406 643
483 430
585 244
200 567
490 866
280 578
659 461
370 731
451 107
52 313
479 378
652 427
779 795
715 184
278 855
598 79
834 112
393 677
321 708
244 166
151 63
640 405
232 260
435 756
766 237
869 531
239 448
96 261
676 130
178 712
165 161
78 533
495 209
793 142
647 605
404 311
453 765
635 61
784 682
643 607
524 709
787 720
549 825
780 452
649 357
282 418
340 885
451 629
841 715
287 44
422 902
901 830
61 47
892 870
657 685
743 912
553 334
110 761
834 55
33 476
115 170
465 451
271 125
451 497
354 685
63 36
249 266
21 35
857 749
473 867
450 177
76 585
739 135
809 691
37 276
550 835
585 776
520 194
60 597
326 373
19 170
650 443
249 851
106 615
442 119
4 782
577 825
614 376
233 308
645 713
368 207
769 414
911 329
81 3
336 585
832 806
392 323
792 330
358 383
454 193
233 156
766 799
57 70
168 332
78 23
672 76
203 330
745 750
726 108
152 397
234 136
490 431
681 356
504 344
744 573
151 867
3 406
845 45
266 867
808 713
585 559
876 215
174 450
325 37
341 465
565 228
730 446
351 832
772 881
352 483
776 232
417 380
202 301
707 449
469 826
743 676
206 545
681 702
631 508
573 134
249 12
694 337
492 108
148 51
222 367
647 904
57 233
437 240
38 373
660 750
662 336
313 701
413 722
269 256
626 581
722 271
194 387
668 511
544 590
215 808
79 612
328 913
644 770
201 139
210 424
554 460
259 18
663 367
4 701
176 495
656 682
106 801
105 272
58 900
515 557
581 354
856 257
2 692
757 47
716 891
270 245
693 877
215 533
703 178
597 383
66 460
220 147
893 264
585 664
2 700
149 836
766 5
298 459
630 880
876 359
345 687
51 826
212 210
290 849
664 35
226 765
574 268
874 374
176 861
283 720
469 383
135 465
82 786
180 132
279 53
182 182
491 563
266 301
827 79
875 884
765 762
855 91
547 905
339 872
21 741
764 393
156 181
363 341
271 383
16 503
206 801
314 55
426 756
83 746
40 441
50 891
520 457
764 346
303 784
619 370
756 401
9 126
854 786
857 687
843 444
204 858
500 196
900 653
125 599
461 767
479 699
78 49
246 266
239 146
414 303
594 476
891 851
744 245
743 827
743 849
900 501
406 672
891 35
886 47
884 651
1 586
858 832
400 509
868 335
447 20
581 21
488 191
40 172
185 249
900 305
588 206
246 498
353 616
650 551
148 813
135 567
623 95
546 466
788 94
873 206
294 383
759 557
343 482
761 507
592 26
414 910
280 303
105 392
867 235
619 827
719 379
384 15
263 598
182 913
829 216
569 347
81 110
35 766
629 522
839 259
138 60
45 839
735 792
482 346
912 373
465 402
695 778
173 798
275 336
246 909
442 594
468 523
887 188
286 578
821 637
489 683
319 309
807 378
458 548
870 340
745 35
313 608
630 426
278 167
565 72
860 262
473 173
261 409
420 477
695 896
825 173
333 601
669 4
4 686
314 511
757 47
391 235
842 194
692 614
552 861
810 43
774 769
77 872
757 806
7 111
86 144
874 539
72 478
91 188
672 443
69 641
748 579
353 150
647 711
571 231
143 551
451 272
209 534
346 82
830 85
443 433
376 361
310 540
521 272
905 164
313 18
834 222
327 821
802 155
703 220
881 638
826 372
123 255
237 563
881 605
574 82
362 649
488 93
625 33
467 667
734 334
535 139
596 400
696 381
864 612
616 594
545 897
419 859
429 488
262 196
897 105
75 103
805 551
196 788
494 634
311 120
120 173
762 584
912 731
522 90
756 240
847 827
326 2
696 627
524 437
642 859
140 843
633 580
655 527
245 202
745 544
571 1749
232 220
283 461
454 344
293 206
412 465
505 247
277 266
230 199
472 510
267 82
536 517
378 223
26 204
273 81
94 495
456 464
160 13
315 248
294 370
467 215
80 199
50 352
533 294
293 232
375 466
179 109
278 333
452 400
34 473
393 480
198 223
300 485
216 508
444 322
475 549
261 23
68 451
259 386
365 162
134 228
546 203
118 31
539 224
214 396
482 339
568 545
112 292
182 451
480 10
29 211
460 317
72 346
394 167
399 550
28 444
161 141
179 521
69 263
536 480
187 171
514 151
515 396
374 373
365 561
500 326
564 512
109 508
106 292
31 528
291 533
525 257
272 377
60 370
89 350
204 542
386 41
108 339
64 209
79 393
479 65
400 271
227 515
387 495
279 342
146 422
215 209
316 557
394 431
445 139
216 121
41 290
153 81
480 50
480 90
565 402
306 289
309 99
473 140
498 481
408 508
548 48
174 42
542 400
170 474
543 301
155 28
247 117
256 243
125 444
191 108
494 46
229 27
137 56
365 154
272 349
152 115
129 386
410 242
20 110
279 336
173 393
478 361
57 321
479 142
303 259
331 133
550 235
344 146
499 557
177 462
193 112
560 560
107 341
445 24
249 45
326 523
396 475
375 419
286 405
62 418
438 153
525 441
102 425
202 567
523 293
75 453
8 384
202 232
302 132
134 154
532 247
160 58
248 244
284 124
307 385
461 100
435 383
158 222
541 545
84 432
389 189
426 146
558 104
220 513
227 187
104 403
1 313
488 353
355 272
280 161
23 274
85 161
425 55
85 88
103 558
73 123
503 19
86 58
13 47
416 35
189 444
521 509
252 445
554 196
111 545
415 216
214 249
356 315
230 288
2 356
317 335
540 481
41 297
304 541
496 452
51 165
187 126
40 357
553 530
234 540
57 80
151 38
569 260
214 160
561 568
380 260
255 570
390 511
118 34
28 514
310 192
33 312
316 473
151 462
352 136
223 509
296 38
75 349
73 73
251 534
13 241
83 10
91 500
396 23
46 164
341 443
225 144
284 24
363 79
44 32
198 453
232 120
365 73
312 530
135 501
511 8
4 443
115 188
397 538
127 294
377 298
502 24
174 485
531 185
559 341
378 486
467 288
256 324
374 364
268 57
447 196
404 327
60 460
94 197
562 523
446 327
338 167
193 279
142 190
309 329
35 14
83 97
260 549
408 110
126 506
472 359
181 261
290 265
372 96
542 512
283 236
183 369
398 244
569 5
419 71
8 91
303 434
352 398
313 553
426 193
309 267
199 195
270 430
332 100
123 68
472 522
450 376
165 329
15 70
260 559
336 56
487 353
151 295
299 347
526 447
513 469
293 321
291 225
501 250
407 83
122 120
366 464
196 535
454 221
270 55
384 373
543 548
164 293
564 81
65 100
537 409
239 494
463 25
300 206
454 539
71 125
480 205
470 284
456 557
126 158
60 472
105 348
284 51
209 557
340 227
439 89
35 523
471 278
193 566
142 212
273 433
527 21
79 9
178 333
370 194
346 395
34 528
152 170
346 268
367 438
28 238
382 108
156 207
390 285
228 317
475 243
374 337
500 238
311 566
397 100
90 24
153 462
364 435
571 155
332 213
56 215
57 46
72 482
507 55
254 510
431 402
479 358
560 248
362 464
544 357
42 271
166 306
104 27
346 482
471 545
246 39
474 438
412 235
149 546
297 566
476 167
538 278
107 322
372 510
165 360
464 227
425 541
533 416
341 6
420 467
80 407
398 59
561 137
74 548
530 261
411 210
135 376
201 87
216 177
541 9
21 168
148 309
201 569
38 202
149 142
107 492
181 318
136 145
204 289
180 237
454 218
197 567
399 339
215 365
22 24
395 520
72 455
120 24
72 512
26 342
73 102
115 73
395 122
129 200
369 38
68 255
21 492
104 46
437 498
18 494
472 369
10 298
264 87
464 236
149 456
48 53
503 96
324 391
453 290
213 254
336 125
348 365
493 167
411 387
458 37
542 157
522 156
563 484
131 316
348 526
524 454
538 300
363 215
86 552
158 207
494 149
459 158
367 407
2 225
561 160
163 86
440 388
162 226
205 285
281 341
124 206
128 353
172 111
225 213
117 534
125 201
150 77
109 292
524 433
434 212
178 471
425 35
561 459
372 208
251 213
207 258
459 507
156 192
441 39
467 296
350 174
120 121
568 390
174 342
79 4
138 524
204 401
556 334
267 422
532 8
130 553
131 172
571 460
202 504
29 324
480 201
145 531
369 409
14 425
209 354
360 121
172 252
51 74
27 138
414 409
444 288
372 265
209 72
250 535
282 518
213 409
35 248
271 461
508 199
269 566
492 479
544 506
303 348
229 223
397 104
280 503
369 368
324 494
273 270
565 494
172 534
165 248
197 162
448 39
25 397
527 439
97 527
34 386
316 236
412 340
529 198
65 334
423 106
81 10
222 296
174 525
421 116
508 16
256 24
88 123
359 251
165 368
408 63
76 214
289 412
199 176
230 144
198 143
128 75
489 469
549 227
58 329
545 118
200 179
319 374
321 159
40 81
487 358
110 503
562 428
192 286
323 526
166 22
97 292
261 119
289 7
64 149
506 255
264 218
443 500
210 228
566 241
470 263
83 101
327 255
19 146
64 466
298 507
329 460
232 390
87 354
244 440
145 32
445 382
200 245
110 243
126 240
26 326
48 87
265 465
407 150
188 540
186 126
294 504
204 382
31 388
215 388
374 416
263 518
79 209
381 431
541 250
74 241
543 448
229 44
461 378
166 200
177 96
119 82
532 494
445 530
324 405
221 323
84 198
265 549
535 325
122 146
527 167
213 388
222 371
76 330
279 77
55 80
500 494
196 322
178 230
369 163
451 331
235 449
104 84
507 402
90 387
115 402
49 554
289 187
562 200
213 500
425 492
552 487
181 381
71 503
162 291
151 137
460 446
368 415
548 498
5 275
451 3
204 111
192 75
206 351
378 80
106 293
422 528
357 160
533 455
38 28
357 369
213 488
179 227
358 364
347 315
439 339
512 132
474 399
62 372
112 369
512 53
472 299
544 134
259 260
497 223
62 160
467 190
120 252
13 244
280 409
196 117
218 75
274 451
290 514
530 487
2 56
10 204
517 464
99 435
505 82
511 543
401 287
372 527
256 22
498 355
186 18
304 302
190 340
131 14
490 202
489 420
115 470
329 385
219 219
292 180
263 552
94 291
59 516
135 125
497 530
112 277
459 300
140 252
220 508
128 371
50 60
504 515
149 177
80 399
18 325
567 433
312 64
263 133
308 347
475 136
399 549
450 28
323 486
270 430
196 500
318 297
472 298
399 9
214 221
380 258
205 198
110 451
353 192
10 377
555 351
447 387
241 7
349 56
566 436
522 28
294 25
314 357
472 135
174 107
100 72
325 54
481 13
88 538
113 17
361 136
99 458
428 385
240 294
398 318
152 289
238 114
145 260
302 57
242 117
142 427
541 317
29 401
86 442
394 111
269 85
447 227
374 208
311 559
67 400
271 60
181 461
521 75
106 457
34 475
525 367
439 179
496 413
437 539
396 282
47 113
512 381
64 497
290 217
39 355
252 469
435 539
149 282
152 216
122 287
535 483
461 53
151 62
221 490
437 227
41 540
442 342
243 424
416 558
230 11
85 141
77 396
481 369
327 283
280 308
511 477
69 396
404 206
566 239
570 338
410 100
139 569
513 189
480 406
516 415
78 317
87 445
383 310
223 399
175 350
485 374
387 20
21 299
28 550
334 554
47 423
524 556
75 128
299 89
238 529
562 193
309 78
302 430
195 571
527 542
143 207
340 343
32 202
65 317
350 515
90 409
170 521
378 456
486 266
365 385
401 178
54 407
549 134
378 85
186 370
425 224
5 204
40 399
455 348
6 122
84 511
204 161
417 289
402 8
368 507
535 183
390 463
118 198
534 335
47 4
393 182
1 440
525 271
181 539
315 367
228 129
430 304
434 69
112 538
555 296
322 301
21 462
481 533
393 242
551 362
106 465
529 104
483 423
293 302
522 186
14 491
195 391
192 508
18 80
189 120
484 326
5 520
275 489
535 468
427 190
300 180
423 509
23 375
31 189
37 560
214 289
456 391
556 249
313 211
563 42
374 52
63 548
200 507
295 262
439 545
219 215
379 376
221 224
393 286
361 402
23 354
515 560
70 192
340 358
350 14
80 283
552 90
439 128
307 327
530 126
239 37
374 220
99 108
296 524
329 59
561 444
498 61
362 174
516 565
555 569
65 482
186 149
60 3
130 470
278 451
463 242
133 477
106 538
22 78
357 423
298 370
421 569
547 246
360 495
183 36
148 463
250 394
299 476
236 232
551 237
487 135
332 323
478 553
159 349
341 218
418 204
93 507
436 319
252 129
152 288
253 309
132 494
277 522
109 421
160 52
5 199
57 536
548 467
73 197
453 144
216 426
102 52
365 339
405 108
151 39
353 154
568 117
512 180
331 551
535 409
560 148
137 415
25 103
343 198
27 366
379 55
153 306
4 190
429 58
390 338
195 103
521 290
429 358
376 485
445 225
263 457
477 128
218 8
267 549
46 474
245 537
343 515
289 531
233 300
544 219
105 220
407 412
265 94
563 448
217 519
415 135
348 8
252 312
535 118
69 216
167 537
434 68
93 100
296 470
378 65
118 207
191 538
256 65
74 144
11 478
51 40
238 360
534 381
511 553
367 30
540 452
472 455
460 3
524 325
54 560
558 469
166 212
277 90
79 503
43 478
32 201
157 382
20 114
171 166
61 14
489 252
6 284
465 330
344 165
249 56
341 505
56 471
404 84
350 299
319 147
97 339
422 43
27 322
293 30
60 271
63 465
189 448
110 253
400 170
134 571
78 44
424 64
269 516
98 125
270 347
261 551
28 149
248 311
388 559
332 8
481 18
430 392
507 495
62 293
140 14
512 106
126 239
253 289
489 292
290 391
507 101
91 340
117 361
188 183
79 33
59 3
89 473
347 537
75 346
545 136
425 30
348 393
197 189
550 483
538 313
336 380
268 525
418 264
516 413
63 522
92 174
76 342
221 105
41 513
385 38
67 52
333 199
506 304
321 223
305 539
195 77
97 38
33 376
468 425
279 127
513 270
65 209
395 173
110 493
23 477
334 256
67 237
393 275
517 305
90 179
423 96
208 258
385 562
284 333
150 321
136 464
399 54
337 366
437 66
90 134
39 375
408 52
377 246
169 400
508 301
243 325
555 82
274 72
101 170
56 458
367 43
201 43
11 293
111 474
178 518
230 105
433 37
84 403
242 39
326 267
102 523
158 309
556 121
8 3
368 523
411 98
66 213
548 464
107 16
84 479
142 148
300 206
120 407
465 300
29 556
217 528
308 511
490 338
482 334
384 127
51 396
520 302
111 465
156 27
238 196
166 499
45 139
508 179
328 287
465 178
307 30
293 24
361 389
53 349
149 330
143 296
455 290
440 228
115 46
158 51
460 548
50 512
374 237
410 466
506 164
50 460
41 176
393 7
90 33
562 360
496 344
266 397
314 369
270 514
331 415
464 265
509 96
134 2
237 25
129 48
480 538
465 157
463 263
314 50
532 471
525 466
508 99
423 219
325 195
555 257
204 232
277 307
402 474
118 157
432 158
280 96
232 518
543 294
372 407
475 331
561 422
393 403
517 166
368 381
198 488
40 476
430 149
346 195
536 28
536 495
29 202
295 452
121 368
301 171
519 83
238 362
254 331
305 208
40 472
259 390
149 485
327 337
415 526
234 427
321 506
214 427
359 3
262 513
90 233
74 403
457 313
159 352
415 299
55 345
512 561
209 454
421 539
518 446
246 545
473 481
557 111
485 111
452 165
321 502
240 10
457 227
107 115
308 323
385 536
142 91
50 474
383 241
400 221
291 129
82 199
194 444
173 261
90 352
242 519
347 105
127 180
467 547
475 54
235 552
360 207
496 200
52 311
239 466
511 348
26 505
324 369
68 213
282 286
280 105
211 289
487 498
163 183
356 284
174 496
369 521
562 207
39 456
309 227
78 389
103 128
459 486
79 499
501 253
219 450
24 244
255 213
533 383
565 264
71 407
302 408
398 447
230 37
202 63
247 307
68 443
43 142
393 560
150 405
369 495
392 544
267 453
118 71
328 433
217 198
132 348
354 268
95 99
26 3
45 107
190 250
425 46
83 281
352 370
310 566
87 109
100 247
337 496
136 494
242 84
89 215
269 537
247 171
76 76
513 73
343 300
445 253
403 13
480 99
69 343
402 562
380 326
507 478
175 125
16 105
475 387
297 426
570 250
453 359
253 86
254 317
514 526
31 443
485 51
508 43
554 283
508 287
87 477
299 235
166 185
278 220
394 497
61 160
553 522
187 120
457 96
473 336
549 86
486 560
284 343
385 444
535 332
214 4
69 240
383 204
259 238
369 19
114 263
31 306
221 568
453 381
165 545
266 94
2 516
349 403
69 185
138 279
458 457
7 514
445 248
550 510
405 147
199 9
280 360
531 178
21 568
301 65
47 197
468 319
273 135
70 489
511 491
520 564
461 39
484 481
501 469
84 459
118 334
450 55
224 229
236 208
313 119
33 564
379 2
267 168
354 418
562 252
523 147
284 354
205 474
30 341
142 331
101 511
187 30
293 80
379 42
134 395
98 482
373 342
254 245
461 263
510 195
525 453
122 133
368 556
185 512
348 14
282 533
67 89
356 388
151 284
564 540
318 364
316 51
94 426
436 452
199 186
128 528
43 288
73 287
57 119
550 567
484 271
44 316
48 556
58 450
427 482
204 214
502 320
454 247
233 189
156 499
241 452
51 57
61 153
397 39
250 156
220 120
260 226
349 444
394 179
223 514
236 286
49 223
301 2
97 195
95 198
535 72
268 189
467 265
274 281
64 84
417 522
493 446
178 541
364 540
211 436
73 133
294 291
233 360
274 80
11 113
458 162
370 477
561 336
332 391
7 482
26 13
534 160
204 484
149 186
7 386
32 276
545 557
27 352
500 323
476 497
488 558
239 413
127 67
64 486
409 366
58 180
528 111
253 52
569 85
510 510
386 244
324 465
555 265
334 254
549 323
67 546
369 193
306 421
323 437
290 550
364 418
284 442
506 476
527 47
430 543
120 376
413 278
313 416
479 318
160 283
262 347
426 63
213 528
110 506
420 102
495 327
177 509
305 457
436 414
527 449
569 245
419 416
322 337
77 436
290 494
368 114
269 509
104 481
231 515
353 252
281 245
312 193
221 457
289 133
529 533
375 172
535 425
101 529
524 525
74 145
500 83
85 498
15 291
220 166
326 332
355 91
296 463
229 150
171 511
388 136
37 426
569 203
456 330
254 541
468 58
124 314
171 515
484 395
267 317
209 536
56 141
558 514
464 163
413 121
407 79
163 490
451 162
399 363
240 212
325 334
482 123
298 548
208 96
437 320
37 453
232 514
473 501
338 446
393 245
394 219
393 141
297 483
238 194
327 261
372 400
444 419
374 96
156 462
254 546
507 48
230 246
35 488
479 22
227 492
568 276
429 2
423 394
94 472
454 530
525 403
547 383
372 223
37 402
80 473
429 552
317 297
214 515
311 66
343 121
483 262
512 303
9 400
100 265
548 81
276 291
274 255
152 558
548 463
558 484
36 402
291 281
523 38
462 397
199 195
247 139
460 346
370 275
497 33
296 182
3 2
325 345
502 564
384 226
123 328
474 356
496 82
320 201
140 453
257 77
132 465
375 292
377 469
372 526
203 385
308 303
338 415
135 545
8 560
286 515
73 429
219 194
246 148
430 290
6 367
79 344
131 4
346 302
341 412
357 373
230 543
5 203
207 193
466 554
34 56
181 442
430 512
400 522
290 66
227 382
368 506
271 182
243 101
481 101
442 456
343 183
565 392
403 551
333 917
5 232
116 35
172 330
261 158
211 137
174 63
237 130
65 255
75 305
26 1
83 307
153 7
150 89
311 225
197 118
107 290
142 88
32 202
238 291
192 228
58 89
259 23
95 82
123 167
129 39
214 29
262 34
252 29
165 58
309 17
45 166
140 293
140 71
229 1
56 330
75 75
75 156
109 212
23 5
308 114
296 313
147 267
158 316
41 118
252 8
241 228
293 163
261 14
100 80
14 309
51 307
66 166
329 277
312 134
46 231
90 86
72 37
292 307
257 26
104 52
137 24
325 210
95 123
236 224
315 104
18 101
306 108
177 60
275 147
47 251
112 249
331 97
213 14
44 101
171 127
215 101
274 147
170 201
193 147
90 314
69 156
198 41
230 239
16 141
230 155
85 183
92 45
283 189
198 203
255 91
238 74
145 31
240 309
109 68
321 98
37 41
170 211
102 216
222 37
177 83
34 179
256 308
318 156
259 227
166 257
303 80
53 14
252 162
206 270
333 102
9 61
85 179
86 200
70 8
274 128
183 255
251 57
313 97
179 216
229 33
245 320
156 227
136 51
154 40
65 147
294 220
306 148
167 65
143 79
166 24
301 29
17 48
106 183
203 112
323 14
288 323
92 159
42 117
68 250
194 36
36 212
99 229
323 229
207 194
324 161
113 91
278 148
182 80
81 313
64 73
123 34
189 170
20 169
246 94
283 33
108 213
266 168
115 161
95 265
253 283
74 121
227 2
106 321
108 325
116 292
291 324
141 182
142 138
332 103
246 258
12 111
86 127
222 71
233 209
249 109
282 12
91 255
147 300
275 74
18 52
209 58
74 38
68 58
87 153
60 203
45 69
142 225
182 289
99 273
7 253
137 306
258 16
2 87
304 296
68 24
60 285
17 239
123 142
252 219
150 228
25 4
300 146
151 5
237 305
284 148
174 5
102 225
204 23
23 298
256 316
294 14
304 75
323 90
209 56
298 246
118 4
39 201
68 332
243 38
87 205
21 28
204 127
146 195
72 249
298 128
215 185
84 177
148 98
166 24
297 226
71 281
170 211
308 113
190 296
80 72
90 309
13 207
221 244
128 169
134 77
27 174
125 283
233 274
182 186
312 77
73 321
292 288
207 8
162 282
101 262
184 11
65 230
87 200
143 141
234 192
189 305
202 325
313 15
253 222
118 66
119 178
284 171
210 193
128 175
322 145
31 151
66 53
288 207
262 282
11 224
174 332
228 230
9 31
38 278
122 297
129 221
267 150
1 295
199 10
217 120
102 28
131 38
163 20
161 168
152 21
57 326
117 86
103 303
155 229
281 197
138 200
45 295
231 36
284 106
219 47
285 7
206 216
277 91
237 25
76 204
157 73
310 39
89 305
251 135
207 85
282 250
326 190
287 153
76 309
324 174
163 301
271 293
197 287
7 237
244 5
18 91
272 123
183 310
42 136
172 162
326 122
272 277
170 86
72 21
259 330
167 94
245 133
35 194
98 176
179 226
193 125
295 235
18 278
287 50
253 279
159 179
62 87
141 274
76 262
135 16
28 20
315 19
135 254
231 215
320 110
48 38
157 308
10 67
237 207
87 122
56 331
25 71
290 286
170 332
112 54
275 147
224 192
266 128
167 142
103 289
203 142
189 72
330 98
189 307
34 132
177 153
245 46
113 16
278 185
299 298
69 286
281 115
212 283
107 226
61 94
156 305
144 147
239 287
166 3
50 101
169 38
72 58
273 66
21 283
218 6
126 177
63 78
266 179
16 23
117 73
333 300
150 246
63 161
92 136
178 18
68 21
128 133
14 178
183 129
73 99
161 263
175 66
2 237
268 88
50 165
100 57
289 310
173 51
8 179
32 29
135 30
180 262
190 183
38 145
75 129
186 250
16 296
293 154
53 199
119 17
189 288
54 123
225 297
169 285
215 19
205 200
69 223
176 114
23 47
302 85
311 120
133 16
217 70
255 190
306 223
308 169
298 263
299 41
99 127
76 73
116 323
278 176
329 333
43 155
222 275
222 79
42 312
13 295
323 240
223 210
245 327
114 168
301 253
280 5
189 224
87 28
265 30
247 308
199 257
22 257
307 40
274 304
144 76
118 219
86 88
21 281
279 19
275 131
47 312
168 305
170 104
56 190
276 297
162 40
79 251
16 184
56 12
324 157
87 206
130 71
112 54
65 291
138 234
190 200
174 52
328 317
107 239
228 27
86 43
69 106
300 61
316 55
170 13
165 329
263 255
323 29
138 201
294 87
217 65
114 11
49 310
46 312
253 198
241 158
226 147
136 333
182 125
8 17
279 28
46 71
126 270
96 230
289 286
39 75
229 162
93 151
96 217
2 186
125 101
122 102
217 43
191 239
169 241
101 43
67 131
144 323
116 317
174 301
14 25
157 152
85 202
167 110
262 58
199 59
160 166
92 330
304 258
184 101
167 164
263 327
214 22
23 185
204 292
71 94
224 288
230 173
16 286
99 326
89 81
35 209
124 300
294 140
262 11
328 19
4 73
88 292
54 160
111 315
150 117
30 87
220 109
97 20
313 139
45 134
42 221
162 205
39 235
133 324
185 279
292 55
300 308
225 183
250 94
223 261
104 2
215 182
292 9
255 65
194 313
151 226
44 43
95 178
52 127
270 230
229 265
2 291
1 298
318 205
187 266
102 199
11 248
317 241
60 135
262 171
67 250
224 320
210 266
203 214
37 27
160 97
206 127
311 40
111 233
69 55
43 143
215 194
206 52
20 82
332 263
201 228
63 19
127 289
115 103
51 25
322 74
45 123
55 119
63 234
225 191
104 321
188 216
286 5
281 100
331 84
241 255
275 150
109 243
313 303
123 191
325 81
101 100
30 267
240 117
92 102
331 12
106 281
182 2
100 280
90 37
182 315
248 201
150 9
319 109
34 86
126 126
39 10
217 230
210 109
281 290
94 160
274 25
219 241
179 110
97 294
274 264
29 69
202 150
84 103
270 293
325 122
270 130
128 267
245 80
138 322
292 299
21 86
224 53
179 264
123 304
112 79
138 212
191 200
214 106
56 286
127 27
84 320
31 247
325 262
149 223
27 72
112 28
216 47
277 76
310 304
17 112
37 295
39 66
239 117
315 36
41 41
315 172
66 14
206 82
15 301
19 324
211 215
236 55
16 238
321 32
264 7
121 81
154 22
329 238
76 257
1 61
137 272
117 146
86 29
119 65
45 178
67 74
287 301
153 48
13 208
167 83
284 112
290 189
140 170
286 30
189 213
220 62
232 177
207 324
15 281
220 314
320 113
167 190
41 101
210 235
327 69
19 87
72 182
300 301
327 4
178 170
129 273
49 148
10 243
186 307
250 248
15 44
201 85
49 11
318 214
78 134
136 21
6 323
319 204
54 242
308 14
66 278
102 80
288 47
8 187
45 55
248 95
3 159
44 230
104 302
289 265
286 222
8 92
248 29
44 124
114 328
66 318
266 1
243 236
329 249
94 14
100 285
54 215
6 53
194 45
179 54
114 234
157 135
37 66
325 70
124 315
98 302
242 323
224 272
8 37
292 204
255 220
192 140
174 291
240 280
123 248
112 218
214 195
71 333
175 218
8 132
26 238
19 130
72 195
174 120
179 133
283 49
7 195
88 121
239 101
314 289
26 53
69 298
200 114
65 167
301 118
322 263
276 183
211 269
312 192
276 200
131 204
137 217
189 286
211 155
4 42
91 148
90 229
204 96
76 312
170 149
149 93
292 69
327 328
270 71
114 63
149 187
30 284
214 297
101 132
313 257
217 275
96 152
31 172
199 34
170 139
273 80
46 27
129 113
219 11
249 309
19 116
269 253
32 302
64 235
230 131
268 138
281 117
43 225
216 234
328 227
69 103
55 187
112 295
235 315
322 129
125 318
293 150
104 126
88 10
229 207
259 104
75 266
129 308
107 44
277 197
53 84
284 198
253 56
57 101
7 158
62 204
201 323
329 190
116 292
205 51
110 276
62 32
126 133
82 285
319 46
102 127
297 36
119 52
265 163
183 5
300 12
123 247
238 172
177 86
89 194
181 162
100 331
103 122
204 57
54 39
236 95
35 56
308 74
135 45
279 212
119 189
223 208
314 164
190 8
14 244
265 104
275 104
115 21
238 203
83 180
282 318
208 10
987 883
166 925
3 108
606 610
491 243
55 794
570 749
451 197
752 788
238 90
102 654
544 531
967 759
86 977
759 964
666 738
834 954
488 221
313 932
891 806
965 366
789 364
268 3
655 204
326 909
204 922
122 247
954 987
334 49
980 966
56 52
553 199
621 957
234 86
619 203
253 574
860 112
318 682
194 835
980 474
776 704
566 541
501 111
450 741
292 730
839 159
213 942
235 653
34 385
876 345
362 294
558 930
785 512
978 175
427 939
157 379
339 226
669 420
674 858
448 776
359 400
66 604
315 161
164 847
563 987
618 169
351 652
9 851
550 266
253 959
835 808
751 16
598 751
931 782
851 969
675 633
436 46
731 933
424 787
482 453
130 405
908 839
396 367
51 43
541 282
650 944
483 182
480 605
951 432
277 411
638 737
547 182
213 299
644 702
980 408
233 859
597 465
716 218
688 738
838 716
740 124
220 741
796 221
505 541
586 619
285 594
420 293
752 617
160 49
863 196
440 5
127 823
58 657
280 451
422 336
434 86
720 971
460 900
223 149
492 725
851 330
646 188
172 794
92 899
929 398
556 624
800 596
565 820
744 908
518 658
751 534
744 436
637 291
185 527
162 407
195 218
316 790
544 947
648 473
19 121
398 703
558 964
492 866
850 77
924 783
264 296
252 768
6 239
827 322
472 642
815 493
243 191
898 696
237 224
221 364
690 675
577 561
13 524
698 131
570 328
630 280
410 532
844 509
495 275
434 974
310 225
792 330
169 373
155 953
464 636
14 944
179 347
702 194
719 132
810 901
976 677
83 422
751 305
92 254
423 668
956 220
355 765
861 868
576 625
373 925
866 598
350 358
197 21
981 454
413 555
14 789
52 363
474 690
578 68
284 537
265 693
326 805
363 530
3 529
578 355
665 405
775 630
747 740
766 719
32 653
867 323
441 405
803 146
616 205
844 607
146 942
577 945
17 381
964 882
147 337
555 685
727 411
203 601
319 900
416 634
606 336
388 870
262 200
396 524
888 891
617 873
166 101
624 575
111 386
704 559
643 167
584 702
437 811
825 513
338 675
130 861
309 71
919 11
8 68
432 947
275 759
236 147
30 634
939 645
870 323
980 406
828 921
825 21
57 721
656 113
287 729
189 63
91 662
347 833
589 140
223 606
907 820
123 808
5 63
563 579
574 125
115 811
30 377
536 370
34 677
161 662
31 380
171 198
98 580
198 831
139 582
753 407
757 937
397 830
936 489
203 328
450 157
467 130
323 695
53 56
408 460
93 400
606 364
333 201
861 703
701 400
137 17
127 10
945 416
73 297
895 102
257 575
527 230
929 207
23 714
585 92
415 483
894 465
473 864
30 722
332 563
791 862
668 69
684 197
603 181
34 613
899 88
25 160
36 190
871 259
589 497
465 439
467 601
923 554
249 716
284 375
595 915
673 120
422 619
702 900
629 404
62 554
179 883
275 432
165 712
150 626
113 142
879 799
762 117
399 891
935 967
424 280
959 576
48 753
50 404
719 410
130 503
223 810
124 589
86 307
908 532
480 797
622 574
729 618
107 934
815 653
360 922
264 505
522 373
82 541
785 366
767 507
177 131
869 821
136 110
597 811
667 399
705 791
776 188
781 264
59 652
196 141
881 516
887 863
345 185
57 755
292 303
961 939
642 952
856 956
199 979
69 737
398 504
739 763
12 776
109 637
780 65
402 581
305 709
894 114
688 913
917 434
963 244
717 204
597 126
314 140
874 423
408 396
253 486
782 411
517 607
440 404
54 3
619 568
568 127
161 317
610 339
141 529
45 851
326 99
877 971
47 589
540 246
444 234
375 217
725 162
717 165
233 538
386 151
710 21
833 790
820 898
150 425
32 743
101 451
162 972
923 722
161 317
920 513
279 241
104 789
545 381
208 361
7 965
126 426
31 571
249 810
151 634
516 14
216 128
724 765
493 351
361 598
649 35
761 339
300 148
740 175
898 382
746 763
563 167
573 587
593 435
521 502
66 407
929 352
799 634
701 985
486 41
977 277
8 791
381 257
386 809
215 134
748 605
127 188
817 905
643 626
939 528
773 418
191 647
798 554
790 595
388 142
380 10
4 855
182 805
279 48
899 251
400 94
333 46
675 449
360 946
424 373
289 520
118 556
241 535
109 163
469 260
524 266
899 758
387 110
830 605
549 122
311 981
978 901
765 796
161 632
58 956
390 94
321 614
223 555
14 375
417 933
793 800
453 660
877 945
716 199
909 854
878 137
144 905
438 873
872 541
291 454
269 945
11 286
231 159
966 682
186 608
500 510
438 959
690 71
222 157
161 751
250 380
545 181
427 628
612 734
559 660
589 852
843 75
721 300
93 812
40 453
928 427
899 128
535 404
951 244
704 89
49 443
351 906
790 185
285 697
555 58
407 492
565 630
734 206
784 312
65 418
259 15
718 742
566 73
524 517
739 2
627 796
317 755
822 937
80 509
118 606
101 828
98 302
112 9
756 772
818 933
195 510
477 336
887 821
216 470
129 841
139 770
947 298
492 242
176 102
814 563
411 187
648 521
188 691
493 828
427 548
49 636
223 389
128 454
680 68
157 690
740 861
406 653
537 301
681 456
761 925
841 387
548 391
821 9
333 222
392 422
538 424
850 500
173 84
212 622
809 588
290 932
873 589
221 361
130 675
980 224
671 543
167 455
4 727
812 4
869 357
454 505
386 435
643 653
746 350
533 542
691 477
305 446
905 371
615 640
547 636
681 975
451 964
566 88
706 838
796 463
834 523
918 460
539 358
590 469
362 895
486 544
817 732
671 689
907 886
638 497
327 129
842 820
738 978
439 822
919 901
153 986
541 284
826 301
663 698
264 940
883 379
50 8
383 508
68 983
47 779
312 753
68 218
732 275
673 99
153 672
374 41
220 817
186 521
195 272
315 911
12 529
309 359
766 522
841 679
124 689
541 406
240 290
60 725
791 92
271 745
256 652
468 482
940 617
649 871
805 462
914 787
761 302
477 556
218 948
967 79
480 387
942 855
420 398
878 25
461 269
427 728
299 631
514 437
74 492
722 712
82 203
610 251
269 768
348 35
122 974
216 841
766 302
678 190
441 626
615 186
354 446
345 368
217 513
701 820
700 191
271 743
768 642
402 153
624 501
947 763
601 326
102 492
598 299
843 359
82 363
610 644
875 695
101 117
720 830
119 709
948 881
236 216
857 398
982 888
939 481
618 892
387 937
450 841
174 478
642 291
91 616
710 776
243 732
257 370
333 969
709 303
120 608
853 497
304 495
165 615
910 341
163 684
962 436
380 677
468 582
553 826
220 255
847 685
416 703
867 272
335 552
745 136
666 613
75 320
236 217
593 198
612 542
665 737
832 41
286 698
73 389
744 570
10 556
52 216
181 593
296 289
808 418
763 480
283 596
879 533
384 267
58 636
110 596
532 795
73 217
645 160
135 308
877 830
571 663
207 930
486 32
151 629
832 67
791 956
803 293
8 537
866 793
582 495
838 841
824 343
723 283
49 231
409 984
110 881
826 742
518 772
487 461
154 450
861 216
349 331
888 69
413 659
598 401
921 850
269 71
119 779
462 975
727 636
830 134
646 328
280 206
77 190
514 792
705 626
740 436
825 275
961 918
393 969
264 694
113 934
10 870
442 676
317 502
258 248
931 449
827 97
202 85
39 954
95 172
512 587
896 928
925 616
56 518
111 289
929 945
833 708
667 528
742 321
706 464
453 643
229 710
267 657
72 659
260 232
719 748
544 96
362 943
37 726
742 527
211 143
882 858
518 74
664 123
252 928
460 328
644 964
600 918
245 441
935 463
491 262
310 554
473 39
527 951
199 511
645 672
828 20
176 765
832 55
584 968
859 883
565 978
642 98
549 519
349 983
472 442
365 656
529 824
253 452
794 81
773 206
141 119
412 926
432 641
173 33
10 858
982 289
223 574
346 28
940 378
255 590
493 392
594 171
855 853
914 318
354 654
23 184
565 1984
54 346
534 405
438 280
357 191
510 44
109 115
142 255
16 49
307 173
333 91
441 59
24 88
553 82
233 169
349 299
494 343
15 71
73 14
99 337
346 47
7 278
200 290
456 336
191 282
396 241
57 18
481 64
272 560
255 326
133 283
521 99
232 57
357 459
125 186
242 352
169 134
161 134
51 264
227 422
123 202
26 239
371 418
279 102
272 519
166 541
10 236
163 3
146 41
328 90
147 11
480 94
243 64
162 69
250 231
269 49
375 98
300 534
467 53
440 311
456 87
201 144
194 454
536 476
251 533
61 546
191 177
166 74
442 475
75 159
297 286
24 49
415 157
379 532
129 399
208 443
159 413
19 429
482 131
389 468
31 533
2 199
348 130
112 411
125 201
290 88
291 417
376 307
310 459
306 392
315 8
260 426
445 279
169 38
144 50
482 231
138 71
356 415
176 346
308 278
372 231
382 281
364 505
269 317
164 412
443 437
322 144
469 364
155 56
389 51
176 321
202 195
125 195
514 486
404 57
506 144
41 317
244 214
121 325
96 318
114 451
336 46
41 274
459 536
424 9
158 28
486 382
383 406
150 158
181 440
92 93
206 100
288 106
86 101
331 109
1 156
332 336
419 465
537 324
173 270
166 299
418 273
446 136
482 513
404 231
514 481
43 41
351 406
38 270
438 329
106 553
447 419
464 286
311 295
78 112
434 199
20 410
158 133
33 500
272 348
547 19
162 429
518 517
518 375
518 246
454 339
283 549
522 181
190 420
513 3
361 484
125 5
99 293
386 265
385 33
408 483
277 148
350 273
125 331
30 52
161 491
165 309
45 12
190 384
353 180
154 239
294 479
141 108
549 353
164 374
418 13
174 539
457 9
363 187
331 454
218 236
262 228
491 28
300 447
305 453
136 36
370 130
513 164
2 544
422 325
3 334
214 480
294 309
287 19
368 517
378 48
484 199
457 273
403 32
301 431
338 550
458 347
356 113
560 68
106 389
503 405
167 204
453 234
120 327
136 485
283 92
107 435
536 519
415 199
328 461
464 128
83 456
7 243
191 230
14 42
41 33
476 114
109 214
159 238
448 180
407 482
347 173
530 2
405 262
407 43
442 508
109 157
216 125
334 437
272 144
181 401
282 36
67 3
163 209
79 210
138 190
409 106
552 512
425 427
439 360
174 298
104 102
290 472
31 250
200 408
181 251
145 222
487 11
166 511
415 209
438 334
53 296
51 480
74 462
310 449
172 227
57 225
130 484
398 352
275 12
98 94
388 564
157 173
67 306
563 280
142 409
365 120
255 45
407 357
104 127
165 399
25 23
433 104
516 243
428 106
315 454
551 461
547 142
497 250
448 322
527 105
67 54
150 103
550 289
323 85
455 347
11 504
168 81
19 117
453 406
404 494
402 546
430 103
66 479
357 340
546 197
482 109
100 258
122 143
503 365
383 464
132 442
466 315
525 344
390 328
6 482
393 482
541 558
330 338
365 421
89 230
164 244
333 310
472 53
79 2
556 353
67 501
146 478
492 415
211 369
338 144
130 152
490 54
488 372
317 111
356 120
86 163
549 393
13 57
31 341
421 459
342 504
32 219
135 132
213 145
346 458
377 548
399 410
264 222
316 50
498 530
402 467
206 277
442 185
55 281
210 510
450 495
379 121
392 106
54 385
353 435
114 516
497 167
145 165
452 197
417 393
444 330
52 279
344 34
32 463
470 124
492 115
70 114
370 374
179 539
177 136
542 418
148 67
157 342
141 194
127 212
371 118
328 407
302 235
431 491
392 554
164 304
120 29
354 345
334 356
144 100
529 156
450 248
263 503
542 49
350 322
94 396
78 381
360 412
207 62
435 341
86 527
347 313
346 163
144 417
47 455
515 85
324 263
339 537
32 5
54 417
492 556
62 207
315 251
219 465
267 233
356 421
255 63
564 97
482 45
15 18
165 120
426 559
220 449
511 101
472 317
518 213
33 504
342 126
487 108
184 6
177 266
230 344
101 148
399 64
154 505
14 421
532 96
169 346
72 320
176 469
98 536
403 352
456 527
149 529
314 506
4 71
505 415
132 175
273 251
31 511
437 293
220 536
184 179
84 426
41 222
268 245
560 504
474 521
173 24
432 553
403 478
30 455
449 555
163 436
37 17
246 504
470 30
186 300
161 339
531 543
53 115
66 183
444 234
402 292
172 272
474 365
541 369
83 285
89 164
474 422
116 395
163 135
266 512
62 103
136 161
224 335
338 131
12 364
342 486
453 270
62 457
161 20
277 134
18 278
386 32
107 444
417 259
75 511
160 454
38 234
91 534
163 467
327 22
21 206
41 497
376 380
336 513
549 36
35 465
292 475
356 558
406 143
32 342
303 383
241 439
331 308
334 266
257 363
326 270
39 143
201 247
505 449
112 548
461 261
562 540
265 254
469 57
491 190
68 434
76 84
348 102
72 402
352 31
451 474
397 412
49 508
116 460
92 193
519 282
457 429
96 281
463 9
381 417
79 12
255 498
354 410
75 377
119 485
522 121
160 16
353 158
75 398
520 339
110 356
179 178
563 179
16 344
321 32
61 301
57 66
79 105
437 355
461 124
232 420
406 438
527 356
326 529
165 491
206 391
441 441
290 309
280 167
329 437
433 510
368 254
213 135
466 140
222 501
43 65
211 529
449 493
473 498
200 457
412 243
548 177
442 416
111 355
270 379
222 445
303 393
213 428
373 464
405 528
213 197
493 537
456 464
283 538
80 468
177 182
376 124
409 556
62 136
349 185
101 134
337 425
35 218
523 20
393 57
337 242
376 377
420 365
269 335
425 442
40 185
213 122
217 498
102 313
418 488
330 394
507 335
500 51
330 418
281 104
174 78
446 130
158 176
439 236
120 147
10 247
504 32
14 308
131 497
257 94
408 555
266 73
564 89
291 301
233 191
486 232
208 451
109 84
159 322
352 453
514 365
194 169
534 281
173 377
348 280
131 167
87 437
121 174
511 84
176 66
516 322
189 128
464 429
154 172
459 298
288 367
293 215
183 42
357 536
468 148
5 454
420 402
117 139
176 134
58 347
365 117
298 364
463 268
375 291
24 74
38 55
117 66
38 516
71 434
233 294
429 182
533 401
449 287
60 121
466 135
80 227
264 262
417 321
428 165
544 212
53 211
173 561
36 385
355 282
264 401
463 75
471 79
9 523
427 49
82 170
212 529
358 102
157 495
63 100
93 80
477 257
322 54
482 425
555 73
195 118
364 303
246 295
194 191
500 550
310 94
381 532
86 157
143 238
87 413
147 62
350 448
285 386
103 374
55 405
243 314
241 525
283 113
517 134
85 473
154 108
380 435
64 222
510 291
418 236
408 360
493 465
148 183
108 452
113 432
271 22
246 209
78 201
257 540
547 359
383 495
542 410
96 137
534 402
530 122
502 152
99 290
388 326
447 76
124 207
259 222
291 394
335 168
458 560
268 216
212 504
509 5
451 305
376 132
397 440
74 144
317 505
154 333
292 257
266 527
547 421
202 485
436 263
32 212
477 90
57 208
547 559
210 57
390 230
188 399
562 155
518 468
387 11
187 231
129 194
74 414
494 69
485 446
503 533
306 535
386 563
246 63
369 411
109 183
346 515
518 535
275 399
169 250
138 102
132 466
426 538
91 493
251 272
267 62
318 302
188 383
479 253
81 68
224 401
22 94
337 257
404 304
514 219
470 513
163 412
239 8
48 449
287 563
134 361
166 40
315 258
150 304
522 150
248 130
119 208
81 243
416 142
336 217
29 247
363 205
526 472
512 255
162 113
388 34
501 114
547 131
389 422
425 461
313 15
69 321
113 524
168 133
108 179
558 396
435 452
237 135
196 267
141 524
268 172
440 188
46 342
397 262
478 138
426 62
248 64
303 332
285 250
486 564
104 281
498 11
554 125
229 169
437 244
333 314
468 39
237 227
324 53
152 538
553 343
454 185
199 408
338 30
193 436
425 264
565 246
469 100
373 151
235 342
285 179
346 424
335 144
458 88
98 408
1 107
52 173
560 391
68 484
439 19
559 332
259 388
555 333
537 182
480 178
464 303
512 303
329 136
45 250
406 455
431 200
453 560
149 351
550 418
361 193
64 521
441 209
12 13
306 137
519 526
372 308
315 446
228 180
177 43
369 14
263 494
159 380
71 267
354 366
547 181
486 458
119 233
69 239
31 86
83 268
551 436
141 547
73 207
271 401
105 342
425 113
534 106
414 96
561 39
213 164
425 336
455 400
127 297
268 481
406 36
189 105
524 529
481 219
333 328
390 311
84 283
487 559
344 505
102 83
560 299
439 153
381 20
313 164
500 326
205 328
428 32
395 51
76 469
426 247
321 36
361 294
400 422
310 122
264 255
424 414
153 515
83 69
355 240
140 358
272 118
211 197
258 423
507 400
299 97
180 311
139 429
4 47
523 355
240 300
57 357
359 477
300 332
495 105
54 489
53 348
484 210
93 391
385 35
369 216
341 554
537 552
214 521
296 302
248 429
101 212
366 291
48 132
31 138
233 348
51 432
206 531
243 183
249 554
480 134
425 142
230 342
78 441
151 66
563 551
250 30
312 15
457 280
236 255
377 493
149 218
123 480
215 59
101 363
558 218
533 465
22 160
316 390
238 474
449 127
160 182
389 419
198 313
478 158
5 489
438 443
565 157
355 85
306 247
356 121
357 502
287 390
235 141
131 117
227 473
219 246
175 170
281 209
253 484
332 505
168 373
185 339
149 501
20 13
172 40
504 135
162 162
369 4
489 420
99 245
421 158
31 143
35 253
426 448
435 357
242 375
442 466
482 146
421 347
408 68
104 535
352 128
511 109
27 150
232 87
386 541
103 269
199 283
332 66
507 103
180 224
176 133
23 91
248 1
119 386
300 236
430 467
31 4
292 16
523 151
87 394
354 384
284 312
227 169
1 269
528 8
82 274
429 324
388 165
409 218
271 70
490 115
384 158
546 404
121 15
46 72
143 225
243 465
320 252
503 53
269 281
246 47
209 18
474 530
237 366
520 163
247 443
395 42
364 391
404 450
80 134
493 152
525 53
50 513
159 513
38 362
140 550
300 280
101 561
111 517
556 265
454 504
19 178
312 531
240 146
119 11
291 293
125 245
265 242
87 439
356 284
420 3
349 288
518 378
460 76
17 227
116 456
398 390
156 109
295 13
479 558
522 257
347 306
345 379
119 489
419 331
374 342
168 321
535 288
479 192
329 21
62 343
535 304
295 281
134 391
149 486
459 394
509 278
435 449
47 196
322 386
299 449
264 227
371 12
371 120
81 308
483 50
426 26
91 190
404 243
33 515
561 171
153 13
415 469
221 324
139 76
8 544
429 106
125 505
182 206
137 367
103 363
34 280
484 313
479 395
172 523
524 428
276 286
134 233
335 273
527 557
157 12
44 343
130 480
84 505
203 520
136 383
515 170
395 154
491 154
36 522
497 413
63 533
53 534
452 67
112 434
525 540
510 178
202 183
177 103
308 17
219 178
156 541
474 285
182 140
455 377
534 77
327 508
529 7
404 229
55 123
471 187
545 126
235 352
291 359
528 512
432 417
336 277
7 548
15 304
313 36
135 282
385 148
67 459
438 168
464 557
190 333
202 67
388 184
386 495
150 501
331 28
124 150
411 397
111 2
64 9
42 96
178 484
294 25
433 81
50 542
247 54
444 528
100 222
461 355
66 175
224 123
179 536
220 385
56 293
349 90
163 484
355 473
413 73
441 23
204 506
214 549
88 260
436 426
153 410
68 172
399 271
426 334
422 145
464 485
328 462
80 198
174 160
14 81
425 19
473 349
167 214
127 64
75 66
391 211
99 7
253 190
561 138
139 445
30 531
62 273
344 447
394 173
280 478
72 553
115 329
74 539
302 118
143 550
50 231
1 523
559 249
389 298
47 442
476 221
554 157
527 35
106 532
150 320
411 225
494 27
271 61
95 25
337 184
97 544
171 564
123 200
211 301
459 270
369 329
329 448
464 486
6 506
491 49
508 271
254 64
146 488
297 145
285 390
319 549
414 173
344 485
519 238
317 62
479 349
526 252
312 121
255 331
77 69
442 203
399 122
377 263
190 430
484 558
439 290
49 400
431 14
238 157
424 393
186 175
495 101
402 274
521 379
166 381
92 381
346 111
489 424
538 142
130 492
315 322
379 532
212 229
81 549
398 481
238 316
20 329
30 118
203 75
511 5
195 369
7 170
343 201
345 490
243 323
66 90
144 330
532 126
111 141
469 451
560 277
391 118
333 389
333 319
445 66
445 490
84 204
373 323
326 511
137 100
454 482
140 217
90 526
224 227
503 417
466 551
207 235
226 370
263 398
431 523
271 281
517 402
468 539
85 482
507 125
68 50
181 465
522 71
17 457
522 201
198 380
117 444
276 94
245 404
399 9
514 436
276 358
394 462
36 505
329 190
284 563
382 469
454 298
293 437
111 422
258 430
22 105
61 182
326 335
424 14
510 181
245 226
233 115
341 152
50 542
69 16
505 133
217 250
358 178
261 301
309 324
564 62
552 397
408 278
232 480
208 16
127 359
448 521
241 110
98 546
399 135
4 415
73 144
455 439
426 488
139 238
302 245
346 399
422 550
179 8
186 233
209 555
223 162
295 146
150 515
562 350
164 80
293 45
471 386
309 280
380 84
247 152
97 442
244 380
281 32
120 238
136 40
504 544
397 511
114 83
125 545
413 427
430 213
9 288
109 264
159 46
258 260
366 401
21 223
361 529
530 184
449 31
344 518
83 480
565 249
274 76
86 160
58 400
348 550
518 150
538 483
422 463
417 234
316 116
149 200
279 135
193 261
287 43
265 205
226 191
390 90
49 327
270 57
504 353
508 154
393 236
242 236
421 460
402 520
519 8
317 27
174 78
305 263
488 255
230 77
556 532
428 359
442 367
107 550
535 266
133 524
509 473
280 17
76 551
76 119
301 127
107 106
258 564
527 360
248 544
328 149
162 549
415 427
231 193
463 432
100 10
452 510
73 120
330 504
476 21
180 473
155 407
553 449
216 2
269 344
489 116
400 59
433 321
411 407
491 250
273 366
311 483
188 271
27 27
391 281
482 299
86 364
39 115
176 114
332 81
395 176
474 332
38 174
534 382
222 22
71 319
480 64
59 212
76 137
220 369
220 380
122 461
45 456
517 110
82 31
361 128
383 557
68 182
283 486
225 30
541 305
113 75
88 545
526 449
43 55
535 87
447 306
25 29
60 453
492 13
561 173
89 489
35 112
304 252
235 19
436 154
117 203
106 215
107 175
108 78
329 146
322 274
330 309
288 125
450 243
30 467
526 130
474 279
36 463
550 453
440 245
433 401
281 532
133 200
178 328
60 135
366 146
100 228
11 251
483 62
161 445
364 317
336 231
246 199
256 17
210 28
66 549
89 323
416 33
317 517
253 292
542 421
462 524
421 266
513 171
210 178
150 169
505 561
109 416
428 282
318 184
421 370
296 491
435 485
226 438
245 415
42 93
56 70
123 242
180 35
353 280
242 148
564 394
59 394
275 236
388 452
164 294
96 507
370 372
283 223
296 275
110 168
134 500
526 363
293 126
565 204
57 407
253 96
166 13
364 39
450 552
93 529
56 415
438 495
411 108
170 458
403 501
139 510
309 207
523 221
544 48
541 210
474 552
516 46
305 356
534 174
13 140
108 225
4 225
430 281
295 356
110 313
72 561
30 371
99 331
351 153
201 65
236 512
507 332
213 478
382 106
287 245
343 209
467 279
341 149
222 270
214 250
146 500
276 71
77 276
479 481
345 558
35 398
380 333
511 101
254 75
120 384
501 155
324 455
117 191
15 217
557 199
114 236
359 491
52 522
50 70
491 438
312 37
6 326
42 487
23 390
456 234
123 225
395 267
276 181
291 488
562 75
525 259
261 371
300 223
441 191
316 67
52 159
95 479
390 426
25 550
31 214
104 555
180 535
355 270
281 565
5 458
439 114
379 545
106 318
121 89
548 356
146 468
530 344
135 269
87 327
33 555
148 458
215 532
405 140
236 316
170 136
1 416
116 324
406 468
548 488
7 374
360 210
546 240
220 176
349 517
12 399
372 436
302 489
146 112
90 300
498 447
91 422
491 6
383 323
365 473
545 337
186 130
178 257
295 505
560 142
118 531
263 56
255 14
174 416
421 275
549 190
495 40
512 306
27 457
88 455
51 331
502 60
342 565
61 42
464 20
482 342
555 77
131 19
55 138
327 524
464 194
21 296
196 55
524 538
29 69
90 123
423 270
12 31
209 515
381 423
471 256
364 488
552 507
352 60
186 419
513 144
307 71
446 147
159 220
98 356
245 433
438 27
215 415
117 235
111 407
138 167
328 325
339 465
160 252
283 121
532 362
239 476
8 560
140 17
417 156
90 299
468 195
367 485
456 219
479 269
416 6
341 482
85 359
287 339
34 450
165 324
442 498
457 82
236 517
548 350
472 507
544 519
522 170
557 296
518 158
515 468
387 85
56 496
394 384
416 352
302 444
563 404
436 122
176 512
557 393
52 79
428 115
123 216
265 489
319 128
371 39
526 220
463 195
366 72
243 320
114 357
556 39
91 269
501 117
419 111
8 527
176 6
423 547
76 461
159 58
406 261
19 128
563 214
544 337
409 381
357 549
217 377
429 58
508 5
96 127
270 222
492 20
496 542
65 430
267 242
137 496
193 20
70 18
429 188
8 415
204 513
358 213
188 61
149 91
507 442
409 263
253 107
554 133
346 16
129 553
315 416
163 490
506 43
34 327
250 57
523 217
92 300
474 48
368 349
550 188
220 323
406 520
91 335
468 323
506 326
294 465
157 324
237 321
227 7
25 438
464 475
406 561
166 310
401 112
290 107
238 292
101 265
217 232
379 518
541 504
382 156
272 178
51 47
399 160
250 335
188 190
135 18
265 464
268 167
439 364
453 1506
94 223
217 210
212 30
60 36
386 334
223 32
25 151
49 397
332 398
81 268
133 77
306 322
274 52
410 338
435 68
190 108
429 313
117 347
139 279
303 40
162 159
331 33
38 136
426 94
382 363
112 441
38 157
260 117
147 124
272 184
109 6
274 327
443 330
329 333
423 46
218 13
372 368
250 411
228 189
308 190
77 82
315 146
433 427
78 375
427 386
178 187
263 179
210 72
97 426
430 124
331 213
216 265
278 52
337 444
386 370
301 261
424 182
201 436
165 16
449 427
440 21
39 344
342 180
354 129
94 347
14 207
246 423
355 357
29 3
213 92
214 409
208 340
308 124
363 30
251 133
47 61
104 71
398 277
152 321
252 230
63 29
217 246
9 129
39 152
215 452
432 153
77 450
379 312
258 172
205 439
413 143
211 279
230 412
7 448
15 130
308 415
378 357
228 134
431 418
128 430
54 163
58 295
404 156
58 70
185 175
67 242
282 133
267 425
252 204
57 186
12 158
116 426
187 299
322 449
416 377
223 7
257 205
146 114
174 210
400 414
140 175
307 56
154 307
242 151
349 313
403 263
285 14
428 314
286 372
341 189
141 271
25 428
315 335
108 46
238 55
243 339
155 261
100 125
389 83
264 320
228 441
22 169
283 33
433 131
400 228
303 397
299 330
89 65
309 198
141 452
151 10
185 355
250 407
308 22
45 50
257 294
192 27
325 383
422 60
174 238
393 18
402 226
282 147
310 168
304 237
310 114
133 207
15 371
432 32
154 303
208 315
93 38
373 65
33 105
272 365
95 245
111 238
400 277
449 188
84 178
201 185
252 158
316 442
78 152
88 404
393 246
211 43
197 130
289 82
304 424
372 425
439 71
446 214
235 18
15 284
110 449
341 114
80 282
135 178
62 69
404 421
447 115
357 182
337 395
195 247
55 99
114 290
187 390
158 74
322 55
67 231
133 430
444 447
84 413
448 356
354 196
438 80
63 105
404 434
381 60
337 22
191 227
161 129
232 375
414 438
42 321
93 94
445 31
370 285
122 411
209 371
389 313
138 325
67 187
324 19
144 19
36 418
279 332
176 76
356 410
401 159
308 224
395 207
82 72
264 135
377 362
400 342
151 52
346 332
255 263
148 387
146 413
413 377
366 312
189 385
143 129
197 246
400 307
284 418
140 168
259 240
453 435
400 204
327 406
227 223
292 12
424 387
98 31
159 390
66 3
290 68
330 378
321 238
69 141
335 242
155 242
19 285
282 276
253 9
193 414
445 15
171 400
401 46
265 80
215 389
379 370
27 65
88 347
370 325
151 128
433 366
365 373
254 147
419 65
371 379
183 22
438 218
57 59
295 109
102 266
452 198
62 200
368 229
357 139
229 282
144 149
70 86
351 342
296 349
87 208
13 396
374 89
86 328
443 422
234 85
73 145
272 134
158 166
229 229
54 159
224 232
326 314
309 24
98 87
373 251
342 139
317 164
40 119
308 338
34 126
102 350
286 335
423 257
229 121
94 453
163 369
60 35
395 211
313 15
442 152
396 309
303 430
213 56
212 226
350 431
274 312
451 196
192 103
281 214
158 296
213 201
105 280
336 50
221 414
59 11
206 335
109 269
168 68
54 260
58 224
354 231
369 81
236 87
251 75
113 453
5 400
437 99
304 161
428 72
3 367
342 233
274 434
451 370
311 236
253 29
204 387
440 312
148 129
279 300
415 432
19 253
154 374
79 136
78 288
150 393
413 202
357 265
271 407
84 293
221 388
229 389
318 239
419 379
72 323
411 179
128 453
387 144
411 388
323 117
352 38
209 440
37 430
418 413
71 213
217 60
168 356
215 376
320 211
232 36
169 6
371 87
150 327
236 247
1 91
304 417
38 145
241 437
349 435
142 194
253 120
240 342
145 357
356 46
376 292
416 130
193 114
414 57
425 98
229 121
432 416
421 321
410 299
320 202
132 286
271 302
134 247
430 39
162 82
103 177
302 167
433 349
221 152
251 233
247 267
409 272
74 419
384 140
425 188
356 192
154 436
242 340
37 422
146 56
111 211
326 308
314 134
338 117
199 6
410 280
214 130
53 194
33 439
413 149
49 413
91 9
301 53
161 180
384 319
392 135
50 294
299 246
273 194
167 410
255 248
272 430
270 200
83 328
381 446
189 441
399 71
11 346
331 204
196 416
186 76
46 359
369 416
259 219
140 197
400 138
233 321
188 278
154 386
350 402
7 33
210 19
279 75
437 436
26 220
424 400
65 434
83 253
268 286
54 420
125 307
443 209
153 201
415 444
310 151
239 337
393 87
125 268
250 133
12 2
98 422
228 357
437 332
261 288
32 301
197 405
389 233
444 371
363 96
215 309
224 172
177 401
20 362
101 276
219 413
85 170
377 150
263 331
6 222
16 374
423 332
203 302
433 145
82 263
174 144
123 422
386 374
275 149
415 91
213 153
40 181
177 148
413 336
335 179
294 104
283 313
409 30
408 358
162 369
82 168
433 260
430 251
328 81
327 231
109 94
147 281
424 66
100 240
385 332
12 27
52 140
169 252
196 330
299 31
33 329
95 261
347 287
434 283
135 287
115 138
224 371
250 101
364 400
104 341
192 23
284 120
95 341
432 226
311 441
181 103
147 207
61 307
56 151
244 369
292 327
159 155
243 242
182 77
316 11
268 238
61 128
235 65
429 421
300 167
250 254
422 421
103 193
56 266
326 159
340 173
329 294
61 3
275 318
262 339
380 297
364 363
239 239
71 42
254 254
199 45
439 191
390 191
351 177
143 139
284 94
48 387
174 140
12 358
5 233
420 382
300 95
145 286
398 180
359 196
229 167
85 26
419 453
425 250
386 56
221 421
142 120
272 159
156 118
38 122
194 151
196 119
74 359
103 223
380 156
69 187
204 343
358 317
211 117
171 41
253 333
322 143
129 31
310 265
402 340
1 50
268 18
395 33
250 238
267 130
51 452
192 93
430 63
37 263
309 450
390 182
98 159
317 337
52 2
433 87
385 314
349 37
134 11
377 274
418 244
197 155
58 227
123 264
355 272
248 305
177 82
397 51
163 350
210 270
37 137
63 185
129 310
162 171
318 385
16 355
116 137
43 40
315 228
220 108
125 113
438 176
54 140
321 353
188 65
297 155
389 15
45 177
357 148
12 127
20 268
152 355
192 438
393 17
156 380
303 362
443 390
42 403
358 18
53 246
313 131
250 97
379 52
378 406
387 111
6 382
422 380
327 178
229 164
159 366
145 228
401 369
445 100
289 49
16 252
299 219
174 169
188 394
52 139
67 273
86 27
235 91
161 9
146 443
214 449
207 196
268 161
154 194
277 360
133 27
247 242
165 271
410 258
360 178
241 250
138 205
328 337
24 417
166 336
332 227
385 14
174 172
382 188
166 171
330 330
24 239
178 381
329 370
100 30
398 136
130 132
322 445
119 277
190 453
180 55
310 237
323 308
293 397
68 101
46 300
345 77
393 326
320 384
322 299
235 179
224 390
144 71
413 143
80 446
27 239
271 358
18 391
10 364
22 109
135 374
375 245
156 433
150 274
298 350
340 110
240 44
49 51
275 279
110 384
19 392
26 309
230 249
212 422
131 430
168 100
361 203
128 91
305 416
308 262
69 307
38 428
96 176
366 383
235 142
85 101
301 122
355 34
172 23
352 183
261 305
315 148
396 70
7 189
72 413
50 209
361 208
186 30
32 75
453 280
64 32
313 10
180 98
421 336
88 204
257 397
379 246
336 373
367 239
18 106
194 61
52 229
270 244
110 379
76 453
323 185
279 103
76 186
217 184
66 217
440 40
262 399
408 362
386 33
422 297
379 280
453 53
77 176
122 230
251 339
52 214
128 284
59 282
379 374
15 401
324 383
209 215
163 91
225 15
161 89
133 214
313 58
122 187
21 96
115 211
357 251
334 382
159 350
118 127
323 281
183 317
405 70
208 438
115 100
254 78
92 187
452 189
12 419
87 413
66 381
169 11
236 421
192 23
86 202
440 30
435 187
372 116
107 372
219 197
33 112
414 225
145 14
391 51
30 37
124 236
232 408
228 291
64 216
48 321
170 153
124 159
390 38
29 131
125 158
45 268
44 385
426 432
273 356
45 161
377 127
411 68
223 352
261 129
375 31
424 47
203 254
409 11
231 350
361 101
378 153
270 145
341 388
406 382
261 78
435 54
221 357
314 24
28 127
255 43
256 375
130 397
117 450
289 218
213 95
109 67
323 65
143 311
265 162
272 363
335 56
344 103
298 211
211 77
378 143
379 330
367 214
37 151
432 426
297 286
199 26
74 78
155 403
141 274
130 318
340 370
405 142
391 302
200 350
272 201
29 402
217 157
70 446
58 361
145 363
229 99
261 258
403 35
358 358
315 373
310 228
272 247
213 391
307 279
336 345
166 375
136 341
284 285
447 273
57 122
350 30
61 80
389 418
133 299
41 369
436 125
30 436
280 298
245 137
306 39
267 334
413 281
30 195
362 41
380 376
144 193
16 298
391 124
323 103
363 326
416 316
451 181
391 399
74 381
369 124
322 276
222 277
274 210
82 93
108 194
319 345
228 280
361 263
33 57
174 237
328 184
114 122
27 218
289 292
215 203
134 224
158 402
190 95
15 308
200 54
257 82
321 39
318 95
326 430
238 238
110 195
269 246
162 204
366 294
343 413
157 385
436 55
401 59
369 285
306 270
273 439
364 29
59 39
66 412
344 134
320 49
210 79
222 439
69 418
426 244
177 267
207 41
343 32
448 29
267 251
400 99
180 296
303 443
316 438
134 349
386 263
219 159
316 412
174 87
234 59
98 438
78 388
18 104
421 158
28 420
54 119
411 106
86 224
431 295
279 394
70 386
404 387
48 263
23 18
361 333
438 274
352 420
397 365
398 301
166 24
95 58
115 435
93 153
444 261
68 2
405 388
280 101
37 122
248 436
200 259
362 212
295 445
217 267
35 62
441 366
262 174
423 267
443 357
209 103
333 185
370 358
305 416
360 289
115 30
77 381
116 348
309 270
11 143
109 286
218 62
246 187
329 435
52 186
33 59
111 134
330 420
252 128
104 137
158 386
400 112
322 32
155 220
282 155
382 41
160 263
274 159
16 413
421 76
314 92
361 295
2 117
392 226
164 418
291 239
75 441
186 261
438 310
163 233
157 424
225 99
229 61
193 267
44 186
276 368
145 39
394 269
36 86
311 263
124 153
360 313
4 51
411 110
357 252
195 254
214 131
156 17
43 380
330 115
429 14
75 60
318 161
370 211
162 227
320 176
174 299
319 377
90 329
192 390
181 334
218 422
377 143
22 293
110 38
42 154
156 257
433 358
422 70
286 321
281 281
332 259
231 392
237 411
277 430
287 368
194 209
411 391
366 276
259 258
56 196
112 197
274 73
141 399
371 60
352 307
87 291
248 394
232 48
91 363
302 271
86 105
92 361
409 232
305 204
233 193
285 134
18 28
269 436
91 114
103 356
84 305
128 159
108 203
294 325
76 301
154 371
18 159
356 452
212 437
262 204
351 422
316 268
211 299
179 360
101 385
334 206
266 409
301 390
234 406
98 394
444 257
375 205
351 226
278 373
32 259
108 257
254 103
452 38
445 271
447 76
128 20
144 144
385 82
292 140
36 411
259 114
149 383
96 304
276 192
384 247
141 123
260 351
169 247
260 23
84 382
399 117
265 441
145 335
144 113
46 378
109 269
357 26
325 346
205 149
334 139
13 278
120 272
181 25
10 97
389 274
64 132
73 118
441 389
368 115
206 348
355 268
437 224
449 450
348 380
185 131
143 341
194 446
213 311
187 331
128 448
305 168
323 341
53 171
117 160
418 411
247 451
303 337
383 113
315 427
418 236
214 344
215 210
10 57
122 114
390 212
105 22
249 74
258 293
422 220
398 245
373 421
146 358
429 363
49 263
358 438
186 237
428 132
292 408
82 311
367 429
400 278
417 153
188 283
384 443
150 216
418 118
336 174
304 118
314 426
129 446
106 287
125 367
147 202
403 279
298 373
318 157
73 388
314 255
261 264
370 4
122 415
199 51
434 385
124 354
95 163
398 19
7 315
160 128
154 58
260 269
117 394
14 282
275 257
243 84
178 320
253 275
261 22
48 59
213 37
276 446
3 121
10 43
241 33
432 346
273 266
167 260
229 1
4 245
1 355
182 343
126 80
276 100
444 210
114 194
148 309
136 45
372 395
372 112
249 395
235 303
124 189
415 329
141 412
451 358
15 105
249 121
165 159
445 106
37 41
74 406
136 192
195 430
122 334
158 316
253 166
438 6
336 101
370 444
439 55
365 448
116 138
392 360
376 194
72 131
321 244
43 78
396 119
102 428
389 346
143 32
46 7
3 181
121 429
144 313
374 159
181 158
356 34
397 79
414 207
41 129
409 41
126 300
117 452
319 44
442 241
329 39
49 206
72 163
305 249
435 141
127 66
93 4
434 438
186 305
106 145
87 25
420 324
108 390
19 423
168 156
106 438
255 251
404 71
35 160
151 452
117 174
356 108
52 318
447 336
121 445
60 190
309 310
120 172
215 13
244 402
232 248
358 302
49 173
67 51
398 199
77 274
163 249
80 92
374 40
443 227
397 102
452 151
115 239
278 182
357 234
201 389
255 73
314 413
277 409
134 219
71 417
297 162
175 393
305 54
229 343
266 316
139 427
275 215
180 87
404 353
124 46
378 309
342 108
244 145
283 397
365 126
438 172
222 266
189 226
252 113
203 99
161 207
421 353
57 203
334 97
108 232
306 146
83 171
629 921
494 347
158 150
222 37
513 629
117 516
411 16
620 199
147 544
69 494
515 341
151 363
48 235
163 233
291 629
230 338
490 211
582 206
460 442
426 131
532 250
108 268
192 568
453 394
90 252
438 51
163 207
590 602
19 460
51 481
62 371
279 527
249 561
340 471
404 8
150 383
126 191
391 39
113 349
115 424
274 419
165 520
563 622
221 238
133 310
385 156
274 348
338 606
259 524
278 10
405 135
132 115
266 429
416 170
244 183
299 507
329 344
174 465
317 135
208 71
132 128
249 343
591 114
415 473
149 539
415 229
397 347
140 168
482 81
279 154
293 569
32 224
571 228
201 119
1 175
625 592
265 198
179 141
587 36
323 467
235 243
268 245
281 203
548 113
605 481
267 583
447 34
90 42
118 280
628 122
282 80
325 215
330 3
153 318
613 336
605 618
322 116
510 277
169 137
520 414
460 339
110 452
591 556
215 183
152 233
81 149
593 240
156 253
242 440
224 42
475 345
201 138
332 523
117 205
197 380
69 593
562 461
121 424
518 76
192 107
475 397
402 465
518 157
317 510
546 464
515 212
73 506
370 506
247 399
26 496
532 329
330 107
224 347
237 375
109 104
539 167
558 38
365 244
237 262
603 479
583 622
597 249
589 251
199 496
46 150
50 593
229 434
265 616
258 456
349 468
590 627
496 583
438 254
73 572
137 275
160 276
504 30
172 554
208 185
523 400
515 70
582 346
261 74
527 390
32 326
479 21
252 292
160 12
273 532
329 126
576 223
128 156
516 28
91 617
230 528
455 381
611 157
322 15
427 550
164 532
473 580
94 140
378 445
174 64
335 126
186 60
169 493
490 245
198 460
324 462
275 99
466 414
546 297
499 273
108 202
152 190
558 228
562 211
63 403
151 274
328 2
534 623
138 76
582 421
561 249
43 339
560 90
445 102
144 590
529 313
359 492
136 90
131 172
297 214
137 535
313 437
581 263
571 524
474 209
593 430
102 152
498 343
252 559
382 181
421 392
528 368
167 492
41 20
232 273
243 416
439 259
358 219
286 27
195 201
627 553
66 222
576 450
500 407
312 281
368 445
567 24
178 272
134 567
406 268
131 96
160 236
150 106
85 235
127 190
576 322
194 620
535 243
28 174
129 65
84 345
481 503
9 264
370 509
560 8
612 184
416 412
508 75
422 342
26 342
40 151
501 318
1 289
490 125
391 396
225 13
77 137
331 340
58 333
242 475
398 480
88 127
594 378
623 232
611 342
7 28
78 275
29 419
329 494
292 446
511 246
507 36
319 276
198 325
139 542
203 36
123 237
247 387
110 177
483 39
159 533
138 479
412 66
99 67
412 17
525 217
553 449
15 330
357 369
469 6
480 214
167 217
60 536
34 136
414 386
200 436
546 451
510 297
13 47
227 373
80 460
439 330
167 236
440 123
334 509
313 510
112 447
239 267
235 362
441 365
617 209
526 317
71 624
629 48
545 572
179 339
568 258
134 556
322 433
459 431
544 524
322 259
10 99
359 82
519 382
557 495
460 385
521 244
210 180
165 292
407 381
308 518
506 605
384 598
96 493
21 44
47 606
380 2
577 549
28 480
362 551
264 451
367 99
454 500
247 437
27 22
122 616
585 106
106 486
57 539
66 83
406 109
510 116
26 119
510 65
262 113
502 442
114 474
253 251
99 460
574 116
30 555
211 297
310 473
120 179
12 93
174 75
512 237
601 96
549 172
387 128
530 616
566 48
74 500
153 367
561 30
415 574
93 387
115 547
51 318
129 86
133 223
423 420
566 506
277 577
317 283
158 545
103 204
209 302
215 332
37 250
563 601
516 4
625 338
530 609
1 573
550 526
48 145
304 141
180 598
148 367
255 85
70 382
36 15
371 280
80 97
53 36
37 264
217 107
552 351
266 569
366 68
453 237
415 205
564 609
358 156
346 225
135 400
248 296
196 339
316 387
574 419
469 319
367 92
380 432
491 179
314 338
48 436
370 328
439 48
300 439
288 248
461 318
339 484
365 23
585 561
470 370
69 296
352 316
495 134
520 266
22 467
288 224
88 127
235 385
234 31
377 414
490 80
111 430
215 30
154 442
78 473
332 283
186 484
25 33
3 336
358 578
27 530
607 359
280 337
9 301
530 502
67 629
240 283
320 140
292 372
35 190
589 278
446 606
192 172
558 49
434 369
335 185
233 573
493 463
435 215
490 453
271 299
410 258
323 131
132 140
65 19
483 308
572 589
305 356
24 247
622 19
320 251
167 217
351 103
480 260
554 581
496 383
329 411
47 9
160 449
119 51
268 554
326 223
258 482
242 112
235 149
266 624
151 470
530 343
373 25
534 260
84 27
373 572
425 436
372 475
55 73
311 38
481 615
99 448
76 72
434 311
340 147
45 423
551 549
629 596
96 606
229 289
309 189
375 34
441 296
204 67
142 17
17 121
387 541
2 2
402 453
71 436
467 501
243 256
150 478
57 55
287 487
275 447
135 420
332 38
120 470
303 229
244 447
581 446
342 599
236 128
43 44
137 393
219 473
333 41
408 89
202 173
319 64
242 93
542 602
44 389
181 320
292 102
131 621
409 507
175 58
370 66
32 130
625 578
558 335
25 212
100 13
532 311
417 625
506 57
581 398
150 61
574 457
600 542
400 267
334 162
445 337
211 591
9 520
121 429
604 287
347 219
263 213
276 133
161 244
245 488
2 391
564 278
216 434
276 403
340 152
75 202
440 387
193 356
17 172
111 321
146 104
497 595
447 373
337 362
550 337
461 550
7 253
213 115
461 424
493 580
573 135
71 587
237 618
178 415
290 225
554 603
458 626
300 383
516 528
568 254
111 428
507 493
434 310
448 388
491 111
597 148
84 425
218 502
18 622
149 212
507 457
538 613
218 52
508 217
227 431
281 122
620 177
363 272
174 305
368 213
489 428
560 105
211 384
443 68
574 312
143 273
361 371
257 52
156 611
433 619
220 428
73 462
60 437
186 296
528 66
184 568
353 52
472 316
87 470
128 459
287 218
258 203
485 445
112 426
414 573
253 498
517 346
2 610
352 611
14 112
475 217
310 279
591 556
601 171
623 236
64 8
216 384
19 629
597 313
535 339
609 592
206 415
465 30
273 594
315 243
179 233
203 594
54 366
497 240
464 146
411 214
440 110
204 95
450 179
160 16
215 140
402 205
587 189
354 248
490 420
250 245
325 304
94 188
575 325
158 177
504 482
570 86
215 579
78 275
622 211
475 575
328 482
244 258
491 485
365 167
225 457
259 354
213 431
543 224
607 259
271 56
415 616
523 4
383 335
517 398
236 81
401 396
310 46
510 479
388 22
244 177
6 63
100 235
350 481
192 511
288 454
380 575
128 201
219 413
138 609
237 262
548 171
248 571
253 215
540 587
240 256
260 326
152 518
201 623
45 598
270 579
296 365
189 293
201 215
426 338
591 603
62 41
236 507
220 266
460 463
347 561
512 68
424 324
48 81
465 507
552 184
134 308
435 560
18 609
621 412
160 412
424 392
171 473
551 434
143 255
509 504
614 131
143 503
581 530
308 14
89 242
604 293
530 617
240 24
287 274
234 611
275 363
294 475
277 606
469 139
427 344
189 543
242 156
525 426
140 218
374 175
381 326
492 426
331 319
202 55
263 246
582 159
501 446
377 579
77 557
38 266
355 180
574 396
119 438
532 594
411 387
408 100
294 498
387 420
550 15
151 491
572 99
508 294
73 578
187 108
59 317
296 85
602 449
250 486
551 198
533 600
319 500
536 317
473 189
574 60
147 357
5 212
566 233
471 524
63 397
18 148
63 74
271 341
538 301
466 224
627 58
208 613
62 550
587 523
16 525
262 600
280 248
458 536
390 351
179 362
483 71
188 262
156 8
427 346
296 611
45 14
227 451
103 570
89 132
174 269
464 560
541 606
114 23
347 445
229 536
206 44
154 59
477 500
325 439
27 435
200 32
414 235
532 480
73 109
54 566
558 612
374 293
45 358
266 483
363 97
376 562
438 502
371 598
182 586
93 480
221 142
468 199
388 135
254 81
91 527
433 440
214 573
231 167
44 469
166 207
267 76
472 583
246 368
163 511
518 551
281 73
509 532
254 585
374 194
149 316
247 306
9 578
517 112
567 312
36 2
456 187
549 1092
479 419
153 232
206 164
45 265
355 167
489 8
141 93
167 107
363 242
436 278
507 303
202 498
82 524
28 352
336 477
173 163
269 130
531 507
532 503
330 470
106 215
166 164
299 119
527 197
490 535
504 257
283 254
245 124
339 111
156 127
293 267
229 292
12 97
163 162
168 339
136 161
253 111
457 327
407 318
124 425
375 101
29 361
14 47
72 176
365 440
481 424
59 184
235 152
119 490
147 49
183 91
214 165
470 305
113 503
94 83
359 355
121 3
515 221
416 199
420 216
128 56
106 490
300 183
15 323
37 178
404 194
222 32
396 50
330 115
203 385
341 337
444 488
169 3
264 117
437 217
389 366
315 357
217 360
426 304
160 162
276 536
363 32
150 520
487 321
502 307
212 209
292 411
114 102
172 381
247 253
313 10
147 40
66 375
72 27
107 471
305 276
180 544
302 365
432 493
473 227
453 170
438 69
448 445
208 443
260 288
16 384
533 121
249 140
514 176
116 302
294 286
297 45
497 74
389 104
452 78
2 470
25 31
378 225
431 257
476 264
188 114
350 394
506 51
297 276
521 549
136 481
174 537
508 306
498 442
504 75
399 175
138 526
229 10
517 279
430 302
92 147
152 423
440 439
68 281
105 479
188 228
387 303
423 421
390 461
451 158
75 516
101 93
305 23
423 233
302 310
341 336
56 483
350 102
118 256
171 252
10 212
470 146
294 14
293 457
295 478
414 304
438 458
188 327
310 487
450 210
24 526
247 31
277 92
154 200
205 228
545 211
527 456
91 71
264 506
13 329
409 335
410 252
280 163
213 329
109 128
78 175
242 310
111 180
293 487
204 263
546 461
218 462
156 354
452 120
80 198
548 153
518 226
393 97
370 366
325 327
210 494
519 126
131 441
492 14
340 513
318 11
295 297
462 435
320 535
171 35
335 39
374 474
444 154
249 452
475 427
519 260
205 197
545 63
60 531
495 297
313 91
481 400
378 243
371 28
48 541
371 417
415 496
181 248
502 338
375 252
279 385
497 328
35 465
508 127
282 460
27 373
461 459
233 540
306 214
392 463
400 133
288 21
2 142
158 133
120 287
413 425
250 376
148 406
28 483
549 428
220 66
485 221
284 292
177 56
436 20
441 445
385 180
218 141
111 253
545 324
174 72
278 393
432 464
134 427
105 406
196 324
520 385
198 219
390 508
501 189
467 355
482 67
496 262
12 188
404 148
330 317
75 499
227 96
3 88
99 412
197 23
205 413
207 526
83 115
259 184
399 333
187 330
153 169
478 207
240 504
262 406
540 420
130 218
71 198
257 90
224 57
241 62
375 161
459 277
212 225
136 260
332 192
201 286
36 405
255 545
474 266
223 198
262 100
107 436
512 403
388 310
222 420
148 166
261 514
314 451
129 233
408 214
316 399
280 114
212 488
102 202
83 96
402 127
420 150
501 207
362 10
400 139
542 37
385 366
276 125
4 313
146 221
545 119
329 48
287 384
92 182
128 314
352 413
47 142
167 320
134 39
389 344
360 196
245 453
499 327
77 424
197 528
78 362
403 26
110 54
353 460
375 236
42 381
167 130
354 149
526 448
407 107
228 467
460 99
430 348
390 482
143 208
384 211
509 332
357 407
81 236
149 216
160 353
310 291
22 153
379 326
546 427
330 50
164 512
402 115
396 105
513 5
402 469
321 224
394 36
39 445
424 144
335 516
420 325
449 323
516 259
200 227
392 377
358 446
275 234
533 91
39 539
371 449
132 144
28 288
418 390
215 259
359 256
393 158
353 171
153 389
185 23
159 429
310 334
30 237
399 456
363 146
27 152
56 86
425 166
169 396
530 516
119 359
169 471
413 63
277 514
429 71
450 256
485 339
188 528
366 195
131 117
47 151
529 418
354 528
109 131
197 466
211 516
502 168
410 72
237 325
180 418
230 403
121 471
438 214
510 213
335 418
301 185
4 282
85 326
37 448
344 15
35 169
230 32
234 423
161 199
140 70
102 444
339 98
338 322
399 411
167 309
391 432
400 463
369 57
233 51
453 382
403 451
43 168
309 200
44 194
252 453
493 545
130 143
67 419
529 11
534 113
261 180
237 531
433 380
271 430
129 511
354 503
447 255
124 365
218 223
88 72
33 434
79 524
373 219
381 447
84 229
486 455
123 138
479 299
334 55
377 223
485 172
144 101
537 375
276 382
122 457
323 282
228 436
3 8
435 333
405 405
518 190
23 268
408 31
82 429
3 502
1 35
179 96
237 127
8 114
8 487
237 418
369 511
256 170
503 196
147 407
536 150
20 351
279 365
516 143
385 152
366 509
167 393
163 127
468 68
290 14
221 360
73 226
540 288
14 242
471 393
485 38
256 102
207 70
248 183
444 433
336 392
499 477
515 273
342 200
510 4
237 209
235 294
289 59
62 79
85 304
330 173
75 185
492 519
257 288
323 356
38 23
328 232
296 58
437 431
259 100
353 200
77 459
41 163
292 524
327 361
468 179
50 513
511 39
157 26
381 99
235 173
289 457
420 446
202 143
102 416
262 419
404 213
33 490
206 522
463 120
25 526
542 209
36 118
141 497
365 209
30 415
529 324
216 453
267 519
385 147
357 287
545 534
290 332
432 173
532 345
480 116
359 356
372 500
240 21
281 311
388 92
63 266
23 292
533 18
252 528
52 350
84 544
424 52
365 341
435 98
298 211
243 219
342 21
331 234
531 224
69 521
222 359
170 126
171 450
325 379
43 531
399 280
282 547
364 312
99 382
296 74
384 419
47 192
267 46
36 209
465 307
370 367
217 265
6 94
492 510
202 40
5 286
355 186
396 476
298 512
377 264
168 457
82 475
63 58
53 282
475 471
269 155
47 276
385 174
460 206
52 489
243 510
338 250
256 81
479 62
415 80
100 528
374 445
50 186
137 68
350 213
234 281
233 473
203 181
130 461
534 120
205 504
231 59
492 206
402 327
336 465
542 176
339 491
68 161
486 352
507 181
511 58
228 1
189 449
521 242
166 245
85 15
373 421
517 512
98 291
99 531
377 343
214 369
319 343
360 386
37 84
536 37
444 252
209 303
237 89
354 535
287 302
33 415
418 414
196 452
66 312
296 65
214 332
79 283
201 351
505 84
531 409
186 461
34 520
63 389
189 424
205 60
263 324
132 339
291 548
98 167
178 258
191 122
242 414
459 351
321 383
411 351
45 85
191 482
95 396
359 323
158 250
419 478
419 47
98 419
416 298
138 205
260 165
253 217
430 531
284 513
66 182
120 466
46 26
30 140
320 383
159 512
488 70
469 383
538 455
128 367
6 129
458 240
75 46
502 211
430 140
321 384
131 17
17 365
238 112
159 255
236 243
101 271
518 352
425 449
549 39
212 33
186 466
526 415
526 510
203 278
366 131
459 424
90 32
39 535
249 525
331 223
442 301
236 118
433 354
201 304
215 389
64 334
149 186
205 342
468 358
196 45
454 191
294 189
241 349
88 334
143 482
142 458
446 374
378 196
103 393
139 216
201 363
494 512
281 82
301 102
406 393
535 173
77 136
161 246
343 413
169 531
249 190
165 500
450 260
303 276
40 508
49 303
80 341
392 529
339 528
229 516
102 162
515 228
324 431
271 295
128 26
285 79
267 363
270 494
526 8
437 62
502 491
341 219
497 473
257 112
140 179
141 159
247 353
458 463
389 367
509 464
433 478
163 232
337 339
374 295
137 366
76 359
334 59
547 398
457 63
176 260
315 531
65 168
34 365
449 5
104 261
229 47
78 325
44 430
139 481
416 193
56 479
124 89
500 299
250 433
241 247
167 466
146 91
427 326
136 156
535 523
85 527
136 37
257 363
306 426
170 528
35 530
103 54
115 167
29 59
148 144
484 525
418 192
72 379
53 438
482 280
520 187
147 439
232 7
321 271
158 316
92 349
539 229
141 287
126 35
243 106
269 163
349 236
464 172
455 131
189 225
250 548
520 20
541 263
365 170
348 321
421 341
40 429
538 153
519 529
514 169
152 410
485 453
107 379
183 183
69 171
276 12
103 266
64 362
344 192
54 242
46 419
406 364
205 489
513 262
154 10
324 498
508 115
167 312
378 148
512 143
182 355
187 523
128 367
257 527
164 377
549 372
228 484
74 218
326 350
66 429
509 130
356 544
339 142
182 535
489 392
299 521
302 90
355 202
42 389
525 413
328 485
511 387
205 309
105 48
436 274
295 36
104 517
478 516
549 239
346 186
319 155
378 453
205 182
170 293
118 188
222 406
534 312
160 202
52 9
12 4
253 481
355 166
415 58
285 456
144 254
150 31
479 313
210 344
305 62
167 72
430 253
315 514
539 511
108 508
363 325
338 202
139 20
309 139
116 396
263 137
44 336
402 514
280 515
524 539
186 388
178 547
135 121
258 338
401 353
60 437
267 504
318 146
545 236
307 425
117 473
106 85
130 529
112 143
312 186
161 488
450 443
86 384
215 474
158 169
234 513
178 70
545 213
46 268
372 371
514 488
200 515
194 217
408 490
362 55
76 303
467 302
284 17
338 185
528 188
291 128
76 115
441 294
308 198
471 216
52 353
217 187
332 37
118 72
398 115
431 341
313 141
520 263
270 62
162 201
423 313
488 273
401 234
151 407
145 151
311 358
113 202
232 194
278 10
324 256
258 356
542 430
161 153
121 73
331 392
107 219
287 501
542 284
129 54
484 344
245 324
34 280
248 419
464 340
359 178
297 421
38 66
452 351
170 392
94 332
311 200
393 458
549 7
179 157
297 466
90 264
459 261
73 290
246 328
145 306
356 471
35 13
81 49
452 225
7 409
101 131
487 214
365 474
137 534
12 439
149 335
38 8
235 35
102 117
157 451
208 36
195 281
17 472
75 282
537 396
204 315
314 6
137 29
311 219
178 88
212 340
360 61
522 427
331 345
793 579
410 161
75 707
3 59
501 218
629 384
265 36
299 609
200 96
181 675
753 660
642 702
629 285
106 277
480 163
602 343
594 626
34 209
196 674
64 464
447 607
504 232
237 121
715 156
120 437
79 548
553 379
260 135
338 43
336 445
585 716
396 232
666 437
353 711
398 310
19 740
496 313
375 418
517 706
571 141
472 335
218 217
433 442
271 735
62 27
362 634
24 625
293 4
318 142
305 330
171 614
561 433
378 408
460 295
758 235
356 379
232 8
7 442
725 650
742 726
126 626
320 411
74 547
708 516
411 339
789 620
691 727
337 125
192 602
560 721
428 248
666 108
304 408
506 655
531 504
515 672
656 78
469 114
523 46
39 209
587 519
675 451
318 1
763 645
124 65
569 435
175 173
363 427
118 616
517 747
129 282
635 50
593 580
84 565
468 510
755 404
320 655
1 254
172 657
417 658
472 539
218 249
461 186
228 498
522 472
775 615
663 724
157 425
264 23
119 723
180 365
139 287
501 714
484 407
115 144
645 124
573 339
127 412
9 418
386 296
72 581
552 355
741 715
597 405
650 5
346 287
258 144
335 563
12 350
252 756
676 369
496 550
644 100
495 355
273 445
502 239
353 186
260 324
148 171
119 176
437 479
63 517
381 590
652 88
227 517
159 17
75 274
198 232
759 423
541 252
715 365
93 762
658 83
149 290
328 263
452 140
522 64
533 781
301 305
532 312
197 269
106 621
627 119
571 630
286 296
396 790
74 200
86 650
367 244
24 788
189 308
769 405
330 775
757 170
661 254
292 15
450 753
369 163
213 115
444 502
266 542
287 761
643 751
183 772
48 75
93 490
326 367
605 759
704 348
597 97
647 561
352 572
776 707
241 741
18 177
342 439
11 594
275 524
58 423
195 119
328 24
94 394
642 743
649 216
730 736
572 371
566 770
166 175
542 676
467 410
248 738
327 199
761 678
517 126
785 207
39 308
391 735
675 142
600 388
623 74
374 152
221 488
313 691
370 661
306 384
271 402
163 572
62 297
444 165
214 641
406 543
504 507
270 218
201 402
47 306
383 600
255 740
786 464
677 87
65 431
682 317
328 309
707 563
78 161
244 265
784 200
282 774
645 414
396 386
583 768
234 180
629 128
283 652
151 3
424 262
356 453
20 134
77 750
546 499
505 256
639 33
28 622
10 485
388 200
748 743
118 784
130 444
355 153
200 101
282 628
4 127
302 636
750 514
380 474
543 124
223 190
380 79
370 500
640 289
52 280
89 252
364 762
140 691
474 35
401 94
323 384
506 131
374 60
345 519
68 562
355 751
594 635
146 189
591 246
382 472
31 775
466 451
369 168
225 498
678 655
544 244
589 208
203 168
384 655
641 509
754 483
536 221
457 75
473 628
668 501
743 792
36 183
49 241
293 314
196 729
252 789
685 165
691 729
100 628
733 657
389 530
664 192
662 295
57 692
399 582
133 43
132 427
139 648
264 306
445 620
471 359
149 449
174 485
82 430
793 550
626 82
10 345
548 411
153 339
514 667
376 538
197 769
256 376
235 618
18 786
661 736
521 445
635 457
314 726
683 402
61 515
422 517
578 731
686 512
654 719
702 238
691 411
322 48
516 291
356 63
683 207
359 259
711 412
468 240
116 123
291 638
4 549
24 87
592 56
430 348
455 739
370 425
695 343
66 522
696 317
585 530
574 746
666 633
456 490
130 289
37 545
759 341
724 123
4 304
276 622
272 289
609 168
418 625
78 700
435 280
143 17
344 71
186 326
139 614
37 550
688 493
79 344
99 219
273 505
478 10
710 480
290 396
653 369
270 736
744 256
379 582
143 10
722 695
412 15
600 777
657 478
175 729
363 249
94 702
283 309
336 386
703 1
113 679
253 512
504 79
489 364
298 235
526 335
538 662
646 308
310 596
162 366
129 583
552 704
782 356
83 486
702 226
514 63
4 361
734 29
729 598
620 785
150 707
653 730
301 317
366 625
483 58
464 548
353 395
711 760
735 328
148 101
141 635
712 465
601 705
375 690
405 491
438 173
520 471
272 379
599 507
496 69
106 686
149 6
222 721
705 516
176 692
286 40
755 332
168 438
256 601
700 790
660 324
148 326
786 384
560 287
33 170
205 630
323 12
280 315
262 778
4 577
524 424
636 100
249 372
729 227
585 191
445 448
629 341
298 629
390 202
385 625
709 105
52 301
589 304
407 396
33 281
771 697
349 61
415 567
145 191
644 587
127 413
285 534
322 777
755 692
764 704
333 750
619 789
736 729
139 604
747 712
532 495
41 341
462 625
751 638
458 516
373 373
714 28
203 57
648 216
680 632
516 778
522 233
499 536
127 638
456 470
1 95
456 266
714 278
184 198
270 538
516 449
236 275
558 153
282 333
215 148
680 535
187 362
686 466
395 285
427 563
733 737
681 277
222 783
537 421
769 549
302 192
11 387
354 418
628 297
168 310
686 155
369 711
441 647
352 446
435 173
498 216
515 94
641 28
301 52
768 684
419 477
179 559
582 433
170 355
119 705
681 194
61 349
555 108
448 702
503 173
60 525
619 578
1 94
215 480
502 515
656 663
66 87
668 171
548 112
35 656
722 556
81 429
726 236
