8
49 79
4 49
29 8
37 45
26 32
37 37
28 24
3 28
7 22
6 49
10 34
22 12
10 8
17 33
39 17
20 6
4 41
8 22
48 27
1 33
38 5
47 47
23 1
21 8
27 8
19 8
46 9
13 47
16 13
2 37
35 39
21 27
15 24
15 9
5 1
10 5
17 24
46 2
18 6
19 38
48 2
44 25
41 36
32 40
47 36
30 10
34 42
5 30
26 21
6 27
26 12
41 2
17 10
38 25
42 36
8 39
48 17
30 45
44 25
20 19
2 6
25 24
43 4
12 27
11 13
18 37
23 15
34 27
3 23
18 23
7 37
24 38
17 9
40 29
46 31
41 8
24 31
32 40
37 35
48 25
35 64
9 8
23 25
25 22
15 14
29 25
35 18
5 23
24 35
6 33
22 31
20 29
3 17
3 33
24 5
34 32
30 32
18 1
14 20
26 19
20 18
23 32
25 25
31 29
5 20
10 19
18 17
23 2
14 20
16 17
34 30
20 5
14 33
8 3
22 13
32 23
9 13
11 25
2 8
19 30
23 13
30 8
30 6
29 29
3 8
30 32
28 35
26 26
22 34
30 5
24 5
27 16
5 8
11 16
5 31
16 11
28 10
27 17
20 12
10 32
31 15
11 3
20 7
8 14
31 25
30 61
3 19
7 16
22 7
16 17
20 8
10 14
1 15
16 29
3 11
19 17
9 24
19 5
12 2
28 21
28 1
7 4
4 30
1 4
22 4
1 5
16 2
20 26
1 23
9 12
5 24
10 9
4 16
16 5
8 17
22 8
9 12
25 30
13 9
13 21
5 8
20 28
29 21
14 8
4 15
8 17
19 4
22 16
2 30
15 21
27 1
28 6
13 27
4 3
10 4
17 21
9 13
27 9
5 28
19 5
29 28
15 14
17 10
2 1
20 24
23 23
19 24
32 77
4 1
2 6
19 15
28 3
24 16
13 23
12 6
30 18
14 30
18 28
27 26
26 22
26 14
3 3
24 11
18 8
20 27
20 15
27 12
15 18
22 17
29 22
2 5
26 21
1 17
27 1
15 15
1 6
24 16
15 15
8 28
24 12
3 24
29 19
22 13
22 4
13 6
14 17
7 25
20 29
7 10
15 4
12 13
17 28
3 11
16 27
27 6
17 25
25 32
5 23
13 25
25 32
5 24
9 15
1 12
21 17
7 19
22 12
24 26
18 32
2 6
14 13
23 19
4 22
30 27
22 5
9 25
1 14
7 14
21 24
26 4
4 25
11 18
25 1
29 31
11 27
31 10
46 75
2 3
26 1
33 6
10 18
44 19
8 17
5 16
7 46
11 6
36 30
30 6
18 30
21 30
9 8
7 19
28 32
7 27
6 43
14 43
31 32
26 9
5 10
34 24
3 20
6 36
17 21
44 12
28 40
44 3
42 25
34 13
5 43
20 41
23 23
40 8
22 42
24 14
3 27
15 17
30 44
27 10
6 42
13 30
42 27
42 29
29 16
38 3
26 1
33 13
22 16
34 20
46 40
7 22
21 17
26 9
4 6
28 40
35 15
39 32
45 24
3 17
36 18
39 8
13 22
6 16
30 34
31 35
42 21
25 15
20 9
1 6
39 6
9 7
6 17
32 18
47 75
29 17
17 2
15 10
45 11
18 44
34 2
25 1
8 22
8 44
32 14
1 20
37 15
33 10
42 3
30 15
10 28
17 36
39 25
37 5
45 6
3 9
10 13
18 2
38 16
10 28
24 36
35 41
44 20
11 42
5 28
40 6
13 6
42 46
38 3
35 7
42 16
25 17
44 40
3 35
6 42
13 26
47 28
36 7
43 46
15 26
6 12
36 24
40 45
14 6
28 41
17 9
25 14
11 27
46 43
43 19
39 13
4 25
20 20
21 3
12 42
21 10
18 23
20 21
26 18
6 45
22 29
8 36
34 20
25 36
24 5
19 20
21 20
39 20
31 45
11 34
49 60
10 11
40 36
14 12
26 15
22 33
26 31
13 28
22 44
27 8
44 48
43 42
14 38
12 48
30 24
18 25
31 42
13 44
4 44
41 9
21 3
6 4
42 23
46 30
41 26
49 6
40 5
29 43
43 18
49 5
5 49
20 1
12 40
47 8
24 39
29 11
6 23
4 8
48 28
39 40
22 36
3 34
43 39
46 36
8 15
1 35
5 21
6 42
46 49
21 23
31 8
18 14
14 18
33 42
4 42
47 45
26 7
20 35
25 2
9 43
34 37
48 60
1 27
16 37
23 45
9 12
21 17
2 1
18 34
26 10
33 38
30 1
5 18
29 7
7 16
45 45
21 47
12 21
13 44
9 20
27 32
4 11
31 26
3 6
2 15
39 5
43 15
47 9
29 10
11 17
3 18
35 5
47 18
9 2
46 47
11 8
48 15
46 32
7 24
40 35
46 25
29 7
29 30
45 42
26 48
43 4
33 44
48 8
7 22
1 43
44 29
47 24
31 48
46 20
6 33
24 46
30 25
2 24
16 28
15 28
5 47
4 9