10
40 73
21 11
38 29
6 19
11 12
22 16
33 6
31 25
20 5
26 32
28 9
30 9
9 21
28 2
12 18
9 36
8 34
11 18
17 8
7 23
12 30
34 37
23 15
14 3
34 22
24 7
22 14
32 20
37 4
25 21
35 34
1 35
19 22
27 27
37 18
27 20
38 28
33 15
24 25
35 16
12 22
28 20
21 39
25 3
31 20
29 8
24 24
27 31
21 35
12 38
40 3
2 23
9 39
29 21
3 12
3 5
9 35
37 32
24 35
40 6
14 27
33 4
3 11
5 40
39 19
32 37
12 11
28 11
6 21
12 24
24 40
17 13
25 23
29 18
35 62
34 29
15 14
12 11
2 32
23 31
27 17
16 18
18 13
19 32
11 7
17 20
17 29
5 19
12 18
24 20
25 4
13 28
5 21
21 18
12 27
27 12
5 34
30 27
27 10
8 24
13 30
22 16
15 26
27 34
4 15
24 24
1 32
21 14
23 4
13 34
2 12
24 1
3 25
30 13
25 29
33 9
17 29
28 24
26 29
2 13
22 16
14 11
23 3
6 35
2 1
24 6
18 12
7 32
5 7
5 22
3 18
8 29
22 7
27 19
12 4
9 30
8 35
40 70
39 35
3 23
25 17
12 31
10 20
13 28
21 8
20 10
5 15
31 20
9 2
1 12
22 6
14 1
36 21
25 9
28 17
19 7
40 25
23 22
19 21
12 15
10 20
11 15
11 17
33 5
5 25
39 18
17 24
16 26
40 5
11 26
29 35
10 35
12 1
26 30
18 36
36 16
31 3
27 7
2 11
7 13
19 20
25 5
39 36
16 12
39 27
19 3
34 15
16 10
29 1
37 14
24 31
37 30
35 35
37 2
40 12
23 13
19 27
38 13
7 1
20 32
2 23
9 26
36 30
13 28
36 9
15 7
28 7
14 33
43 61
22 22
40 33
40 13
42 40
5 17
1 42
36 10
10 1
34 11
27 22
40 3
33 38
17 5
23 29
22 4
10 33
23 25
1 36
17 9
27 18
38 14
24 40
22 8
28 30
36 40
38 18
38 5
16 31
22 43
5 12
21 42
6 40
43 19
33 37
38 38
28 33
40 1
40 32
19 37
27 11
6 7
32 14
28 30
8 12
20 7
18 21
41 13
36 24
12 14
5 16
43 40
37 12
31 27
9 27
22 5
14 39
26 24
42 25
40 15
9 4
13 6
30 76
29 28
25 7
12 30
8 17
26 11
6 25
16 7
3 13
27 9
18 25
21 17
16 16
2 26
20 5
5 23
25 3
22 9
11 3
21 20
30 6
25 28
5 20
8 16
21 4
22 3
22 24
4 9
9 30
10 28
23 14
25 26
1 19
29 24
4 4
21 22
25 29
5 5
6 13
25 7
7 28
12 23
4 10
3 20
7 5
10 22
17 28
20 4
27 19
20 1
23 20
2 23
8 26
8 29
15 29
17 5
17 13
11 24
22 7
25 9
13 29
15 11
8 11
13 30
10 6
22 19
7 11
30 1
8 2
8 5
14 6
25 28
12 18
26 4
8 20
11 11
30 22
42 69
17 1
2 38
19 36
7 13
22 18
26 41
15 22
38 39
23 14
33 25
3 37
37 11
28 1
23 20
15 29
24 8
17 32
37 4
14 37
29 32
5 27
8 14
41 34
25 22
6 2
26 31
7 37
36 42
13 10
29 23
22 10
29 29
32 24
41 37
12 3
4 9
33 8
18 42
6 2
1 26
37 29
42 37
2 5
26 25
40 1
35 11
11 10
26 21
35 33
41 31
39 4
17 34
16 23
7 27
14 36
42 2
33 9
27 10
34 38
24 39
10 24
28 5
1 6
35 36
14 4
16 7
6 32
29 18
26 34
37 60
37 16
29 19
23 30
30 37
1 23
9 15
28 32
4 30
19 34
6 34
19 10
20 23
4 21
22 36
6 25
18 27
18 24
17 6
28 10
8 15
33 34
25 32
24 29
12 16
33 6
21 1
4 6
24 11
35 27
35 21
9 22
2 32
3 22
4 24
3 13
36 19
28 34
25 3
27 5
24 37
11 5
14 5
12 25
33 17
6 16
35 24
37 21
32 29
6 16
26 7
24 30
30 6
21 16
22 16
22 17
23 16
35 28
35 18
4 29
35 18
46 70
4 31
25 31
42 6
42 5
46 20
36 17
26 35
5 32
8 46
22 38
44 45
13 15
11 43
38 1
5 10
45 28
24 43
18 20
32 11
9 46
46 14
8 43
26 39
41 15
18 30
18 35
23 30
43 26
9 6
29 26
2 11
29 5
27 34
43 3
10 1
28 26
6 25
20 29
32 36
41 25
22 7
15 10
35 30
27 23
8 3
29 3
5 23
9 8
3 39
18 39
8 5
9 17
40 25
21 25
16 19
21 14
30 15
23 12
29 9
17 11
24 9
3 1
46 28
26 11
10 26
29 15
10 14
4 5
4 45
29 24
41 61
30 15
1 15
22 31
14 27
1 7
13 39
2 19
22 29
12 27
40 5
16 35
8 35
31 21
18 12
35 24
20 40
20 27
35 29
26 22
35 34
3 23
28 37
13 21
16 13
14 19
26 34
13 31
1 14
26 10
25 21
13 11
4 18
35 3
34 35
41 3
9 3
39 36
10 40
12 35
19 24
37 39
33 36
23 5
3 7
18 7
8 27
38 23
27 27
8 16
23 7
41 33
36 24
3 19
24 35
31 26
41 25
30 10
3 14
17 41
4 25
1 14
31 71
1 4
6 24
7 7
30 5
29 8
3 18
6 2
16 8
24 7
1 2
18 8
13 20
13 27
7 30
5 29
1 14
23 20
13 25
3 30
24 6
26 22
3 2
28 24
18 18
31 23
25 11
4 13
23 29
31 1
17 14
16 17
14 11
10 22
23 26
5 31
30 7
26 7
16 2
26 26
20 23
7 14
2 15
5 5
4 13
26 22
7 27
15 17
15 7
8 2
31 12
11 28
1 6
24 13
13 16
10 14
14 21
29 11
10 4
23 16
27 14
6 11
13 28
4 28
11 30
30 23
11 13
29 2
5 26
11 11
5 28
4 15
