10
48 68
43 19
19 13
45 19
35 32
47 16
3 7
20 32
34 20
25 14
21 46
8 42
20 6
13 19
37 45
39 39
46 20
1 42
37 36
18 21
42 48
1 17
23 23
13 20
6 46
45 11
20 46
35 9
5 41
22 15
40 19
16 29
44 15
37 39
3 39
37 11
38 16
36 18
25 13
40 21
33 3
34 19
35 45
17 48
14 48
3 48
28 18
30 4
21 39
46 35
5 28
47 29
31 40
14 44
34 15
43 12
11 41
34 29
26 3
26 7
9 20
28 29
43 18
8 36
2 37
5 38
20 45
9 34
46 48
40 74
9 7
15 25
4 33
11 18
2 8
13 5
6 19
17 31
28 11
32 30
2 34
11 23
15 8
40 19
26 8
26 26
22 35
20 35
29 20
14 9
10 4
11 2
36 30
34 21
32 21
12 18
21 4
37 15
30 31
39 39
4 1
27 21
18 21
18 2
21 32
35 35
3 7
21 31
19 29
23 8
38 40
5 15
12 29
6 13
2 8
13 7
34 17
13 17
36 12
32 7
28 7
25 24
4 25
40 36
19 25
15 39
22 36
3 22
22 20
29 18
18 13
1 11
38 9
22 38
4 39
23 10
3 8
2 39
37 2
7 24
5 40
27 3
16 26
22 7
41 62
37 35
29 28
11 29
11 18
39 6
32 8
39 27
39 7
1 35
10 13
2 30
30 34
29 23
28 28
9 6
24 18
12 30
1 18
38 14
7 4
27 11
18 36
4 41
18 7
13 34
12 12
19 15
18 21
12 18
29 20
14 2
20 27
16 24
16 14
18 7
11 33
14 33
23 6
38 5
11 37
20 25
16 10
17 15
34 33
27 5
4 21
1 39
23 36
40 25
34 5
20 24
8 10
18 5
31 22
16 18
14 30
38 10
5 19
37 3
4 7
22 5
30 25
42 79
41 36
1 15
14 25
27 30
38 20
23 24
16 38
24 20
21 6
17 27
19 2
23 5
3 34
1 4
9 20
23 10
27 39
30 31
26 40
12 34
18 11
8 33
6 38
4 18
26 11
13 16
36 6
25 1
18 18
6 15
1 11
17 12
12 18
23 26
14 22
4 41
35 6
10 21
21 35
7 14
40 20
24 29
29 31
23 16
1 36
33 25
22 2
21 37
31 33
2 5
16 1
9 1
26 21
17 2
23 15
11 35
13 23
15 31
25 4
28 7
12 12
26 28
9 30
31 4
34 4
1 27
3 29
15 8
14 40
15 10
34 29
17 26
33 37
39 39
3 19
8 37
35 40
42 3
40 23
39 71
18 36
8 2
1 34
29 14
24 24
32 6
13 13
17 21
31 13
5 25
35 32
11 30
16 22
36 13
2 10
8 8
4 26
5 8
10 9
23 10
24 8
38 26
25 20
30 3
16 23
26 25
38 26
15 14
5 11
27 23
38 20
3 30
29 31
28 1
30 15
4 39
1 33
2 16
27 21
5 7
14 16
30 1
3 17
32 9
18 31
34 2
11 18
33 6
17 6
5 20
15 2
10 5
27 1
27 27
2 8
6 31
6 35
5 8
24 35
36 37
24 2
6 18
21 29
32 5
19 16
11 19
30 17
16 1
35 34
25 38
7 39
35 80
30 17
28 21
6 2
17 9
9 31
3 31
22 12
10 32
19 34
23 2
21 8
32 5
20 11
15 9
27 14
12 14
5 30
20 15
10 22
22 28
23 4
11 16
20 22
4 8
25 28
2 12
16 26
18 32
24 5
12 32
15 20
24 11
2 29
15 24
13 4
9 29
26 33
17 11
4 23
2 5
14 32
24 1
18 7
18 17
21 24
12 23
19 13
24 27
14 3
25 18
24 31
23 1
18 1
32 4
21 25
24 33
11 26
8 6
27 6
11 1
23 25
4 18
11 6
10 34
35 7
9 29
33 21
21 10
18 21
15 3
18 15
25 35
7 9
27 33
2 35
25 6
16 7
16 10
34 35
27 8
31 74
14 27
20 26
6 4
28 11
16 30
12 24
12 10
6 8
25 6
29 22
26 21
2 11
7 5
18 10
4 16
5 21
1 25
30 26
22 1
25 23
1 18
29 20
8 21
20 22
20 6
2 12
12 20
4 28
10 30
26 20
1 19
14 8
9 25
14 20
20 16
2 11
25 28
4 26
24 17
1 23
8 25
9 30
14 2
21 15
23 14
6 29
3 28
10 22
9 18
2 6
4 18
5 6
29 26
6 20
3 24
3 13
30 16
12 12
16 28
2 10
3 29
4 31
9 23
30 19
13 13
11 12
29 5
11 19
21 30
29 9
31 7
16 30
3 10
17 13
50 71
13 28
30 27
38 22
16 2
23 47
12 39
4 25
15 28
47 26
3 39
38 13
48 41
13 44
18 16
5 49
25 14
12 36
42 8
42 28
16 17
2 5
28 4
43 5
18 31
7 7
44 9
30 41
27 37
3 3
37 26
1 23
1 46
22 20
35 7
38 21
2 5
7 17
14 36
49 16
32 44
19 26
19 27
18 11
37 14
1 33
35 20
40 10
3 40
21 46
23 23
25 28
49 47
23 32
49 15
26 46
12 44
4 9
4 13
5 35
22 4
37 23
2 14
32 17
38 5
12 42
39 8
30 27
35 8
32 44
2 41
26 19
45 79
44 28
19 40
10 19
13 41
22 9
38 35
43 10
35 31
43 27
1 43
25 10
26 45
10 10
17 2
13 10
4 34
9 12
17 14
16 37
37 12
45 26
13 4
8 39
23 10
34 11
14 18
25 33
8 19
36 11
36 36
6 10
41 42
42 15
38 22
35 7
13 25
18 39
8 35
40 38
33 11
9 10
12 11
4 31
13 15
12 15
38 6
20 8
6 35
44 22
29 13
5 23
22 3
6 26
42 5
25 33
17 2
14 34
26 23
27 43
31 26
17 3
17 42
11 14
22 26
8 45
11 4
20 27
41 4
6 26
21 16
19 3
23 19
3 44
27 18
25 43
26 12
5 45
5 45
39 2
40 71
29 13
39 40
33 35
3 17
35 29
14 40
5 28
10 17
40 37
25 38
9 3
27 17
34 34
8 23
36 7
14 21
35 15
13 7
26 13
1 14
9 40
24 18
12 36
37 9
38 7
12 23
38 15
6 38
33 19
39 23
8 23
23 18
27 12
22 3
21 39
12 14
2 33
32 35
31 31
6 37
1 10
22 40
1 17
27 9
6 30
25 11
4 31
3 31
36 6
12 35
11 11
4 30
39 32
21 11
23 37
15 4
10 29
16 9
3 8
32 34
28 27
5 25
17 29
18 27
30 20
29 16
11 39
33 32
38 37
17 33
18 22
