10
111 103
24 47
110 92
3 27
77 73
49 43
58 9
72 13
4 106
74 23
20 33
73 19
24 3
95 19
71 95
109 82
13 75
92 30
43 18
89 60
89 51
101 18
24 76
95 50
74 23
40 43
49 109
90 67
63 107
26 8
49 24
9 107
39 57
82 97
26 107
86 106
94 33
25 93
78 38
90 48
65 52
41 14
87 33
90 41
19 37
107 53
105 7
103 74
35 32
66 85
18 22
18 10
26 25
41 73
55 23
51 80
24 39
36 47
45 68
57 108
35 84
68 35
34 42
59 31
68 109
111 49
20 15
6 48
108 6
68 15
47 29
4 80
80 95
70 87
102 97
64 10
39 36
12 97
11 56
37 85
48 22
39 38
60 59
48 84
9 10
23 72
11 71
105 97
104 89
28 65
31 88
18 70
86 62
28 50
66 42
8 52
55 63
39 102
97 59
49 55
103 51
61 69
7 77
54 30
114 117
8 76
43 106
3 89
53 114
96 91
101 110
24 7
61 6
20 8
57 76
34 100
72 15
59 5
95 54
110 92
90 112
102 113
69 98
24 35
75 91
1 26
32 52
57 37
4 107
20 62
24 26
57 18
74 6
87 7
72 95
87 6
44 2
6 22
20 93
108 103
63 29
110 73
83 44
9 25
88 60
48 25
97 87
8 66
113 26
39 4
36 60
14 23
25 65
114 89
76 42
98 4
72 99
30 16
20 8
6 41
46 84
105 82
98 102
66 81
89 58
22 41
97 87
61 30
46 20
111 5
96 7
18 48
86 33
95 63
31 37
56 21
14 37
52 10
89 15
80 39
58 16
94 5
10 45
59 24
110 82
78 111
16 103
25 51
47 40
107 26
58 34
15 40
91 106
106 12
79 62
54 67
55 112
90 32
6 20
86 90
24 71
52 37
94 106
67 105
89 6
50 22
110 90
45 37
104 112
36 52
96 74
93 66
26 85
95 1
82 83
114 27
89 106
4 88
80 9
52 48
71 60
25 66
112 114
101 104
11 95
29 3
78 9
65 32
92 34
81 47
84 39
104 14
47 99
80 108
27 104
72 65
101 78
69 29
109 74
55 110
52 51
46 53
89 50
108 107
53 88
13 48
19 5
100 85
36 101
24 27
97 45
31 59
66 87
25 55
80 90
16 96
6 30
62 106
93 30
32 45
104 78
42 110
45 63
91 45
37 65
50 48
69 41
81 80
46 19
33 2
51 10
103 8
73 37
101 9
99 52
84 15
78 60
96 63
26 14
36 111
27 15
24 99
63 3
104 72
33 28
87 20
45 82
36 109
69 51
44 42
67 13
80 103
96 56
8 45
68 58
7 49
31 38
65 60
7 53
75 59
83 55
18 7
40 107
47 55
17 61
58 5
101 48
44 31
20 109
9 111
81 90
29 77
23 14
86 50
21 20
19 1
59 63
59 2
90 77
33 78
55 14
87 66
112 70
49 61
18 1
43 60
107 39
93 89
75 17
30 16
80 59
103 34
82 41
73 76
60 47
49 10
77 92
100 104
78 51
78 31
72 81
10 18
12 1
7 63
49 5
21 83
89 91
7 10
100 12
20 55
6 5
4 96
12 79
23 42
21 74
35 8
72 60
95 40
8 59
16 66
47 82
91 40
96 51
39 85
37 58
89 90
72 69
33 2
40 73
26 85
6 23
84 35
72 23
97 90
25 9
27 69
50 89
73 55
93 21
20 3
9 71
59 97
5 41
24 25
40 55
45 74
60 11
74 90
2 65
49 92
82 52
56 54
10 93
26 100
52 85
21 73
83 49
10 24
87 77
65 25
86 72
34 26
29 94
68 12
63 7
78 54
82 100
96 32
51 83
10 32
92 36
94 1
61 37
50 35
80 10
89 67
48 89
83 35
11 100
39 9
26 96
76 96
50 4
17 79
65 39
6 57
91 74
68 29
81 45
52 46
37 43
7 41
39 37
8 82
60 63
2 53
1 33
91 59
98 89
38 71
47 64
61 96
113 102
103 63
85 40
49 48
104 69
44 25
87 37
31 108
110 55
4 109
19 68
13 106
94 8
71 98
12 29
12 108
22 44
56 92
86 66
98 65
26 37
70 93
8 99
31 95
2 57
13 80
76 48
59 1
3 32
113 10
36 81
51 76
20 29
112 51
21 102
17 107
93 78
95 73
91 60
83 18
23 61
76 52
109 61
49 57
15 48
87 70
112 54
102 10
86 7
51 100
35 108
94 38
86 87
33 61
12 47
76 42
88 53
69 106
49 10
95 109
105 69
6 64
46 21
104 50
91 78
78 10
80 50
33 6
62 82
6 93
45 88
106 51
26 20
80 41
98 37
60 62
58 2
96 61
14 72
81 57
58 11
44 65
34 17
83 4
104 87
107 48
46 101
19 107
48 76
55 62
37 63
11 106
35 100
103 86
8 71
42 67
42 36
1 50
37 98
18 86
110 20
76 95
22 11
104 110
64 22
26 15
25 28
4 8
100 50
7 33
39 68
39 42
18 67
9 83
19 24
49 90
22 64
26 24
73 8
34 68
79 27
100 103
2 74
18 74
14 19
58 45
92 78
40 90
21 83
21 2
80 88
103 30
94 10
49 24
35 66
44 74
23 90
69 95
30 23
41 65
37 65
47 35
46 49
101 88
21 83
38 68
20 76
82 98
61 93
102 77
78 1
85 50
25 35
71 5
100 76
82 92
103 44
38 58
52 30
13 61
68 73
75 25
39 43
58 77
20 97
97 79
82 37
78 36
21 23
98 91
78 8
52 19
68 50
24 49
24 20
9 71
88 61
36 1
65 102
32 25
98 21
67 38
103 79
78 41
75 30
76 80
98 100
47 86
14 22
68 74
56 36
72 55
66 104
26 52
34 53
58 45
25 42
27 58
68 7
86 23
67 95
95 36
65 79
91 85
52 38
34 12
13 45
18 21
1 97
68 35
33 103
43 9
71 31
98 84
107 112
27 106
82 89
42 70
15 42
93 1
64 93
57 3
81 3
87 84
44 20
63 69
8 90
19 63
93 49
83 69
80 5
75 105
28 17
76 74
73 70
53 61
80 29
47 75
76 103
19 6
30 35
78 49
23 1
103 55
20 97
17 65
99 53
40 81
67 52
104 35
63 26
93 22
25 83
75 45
31 45
94 56
17 8
66 81
76 61
51 35
28 105
22 25
83 17
1 40
24 85
59 78
77 99
84 10
32 106
81 66
54 104
33 89
75 56
62 64
3 46
57 72
54 30
45 51
58 93
95 32
55 106
28 86
15 55
7 62
81 106
106 26
64 79
69 106
73 18
69 53
39 35
26 9
70 64
84 3
72 31
10 11
8 21
62 24
17 44
62 38
60 56
73 80
81 98
13 71
22 107
77 56
94 88
77 99
38 95
97 89
94 43
26 107
32 77
11 17
33 9
53 30
26 87
31 64
99 82
78 66
1 70
95 24
23 85
43 28
85 39
88 67
90 1
104 110
51 61
58 104
47 66
23 31
73 3
95 33
66 97
58 34
96 73
56 68
98 48
51 20
52 39
88 37
67 22
18 100
91 53
15 92
31 57
103 83
56 28
58 28
91 17
97 22
92 14
57 14
7 42
35 97
104 25
79 84
57 54
42 31
21 8
13 14
10 72
89 34
44 66
55 57
32 10
69 89
94 97
78 11
51 80
64 77
101 28
77 88
48 43
10 68
56 30
28 32
80 87
27 46
83 76
31 78
50 85
27 66
37 75
87 27
13 73
59 10
49 32
56 81
31 101
97 75
54 62
26 16
9 77
8 102
39 19
1 77
73 17
61 65
75 67
53 30
54 38
91 63
85 12
10 95
71 101
104 92
69 56
81 40
45 74
61 74
94 30
101 52
84 7
10 54
102 2
39 100
102 63
56 92
41 16
99 90
88 19
93 7
102 29
48 87
3 8
84 82
48 54
60 5
76 6
51 50
95 63
102 29
45 3
19 89
101 6
2 14
120 111
81 85
48 76
68 36
52 29
95 35
85 55
58 39
14 27
94 91
32 41
19 42
106 109
48 19
95 16
101 87
15 59
22 79
80 81
41 1
110 85
2 28
48 26
20 57
69 2
115 110
87 97
47 21
16 75
76 18
10 34
120 61
11 100
109 12
104 117
95 45
1 34
24 42
46 70
27 5
88 95
13 63
107 51
42 108
114 80
71 17
68 57
4 25
110 80
69 35
9 104
25 120
37 82
18 12
14 19
22 51
93 19
85 54
35 17
28 110
66 93
42 88
76 38
9 50
8 5
39 101
9 114
110 115
66 62
48 11
8 89
111 50
46 52
99 84
15 25
61 4
63 42
109 64
90 96
71 33
34 85
19 25
91 11
53 118
17 6
34 6
84 48
36 59
59 108
23 33
79 29
109 85
105 71
87 25
39 22
6 53
107 30
73 104
84 67
55 32
97 66
63 62
27 64
54 69
74 41
33 12
11 115
4 106
1 77
2 42
74 114
21 23
117 103
19 68
2 44
6 11
51 10
86 20
96 70
8 92
9 101
33 84
68 60
66 39
17 8
25 74
42 1
37 112
21 19
109 57
100 31
70 85
83 106
3 77
71 60
18 15
31 38
14 4
54 40
54 11
34 82
15 57
115 15
46 19
102 40
43 10
83 89
103 91
66 18
72 48
34 78
64 81
50 83
11 50
41 77
14 87
58 8
101 6
23 43
38 69
19 32
53 35
103 47
117 53
52 34
54 47
93 39
39 87
39 34
28 10
60 62
89 108
20 50
31 86
103 28
17 6
111 72
8 76
90 78
11 85
80 108
36 64
90 64
61 54
95 32
17 116
12 73
30 107
40 42
117 77
67 24
99 116
71 102
76 66
34 63
107 21
8 15
81 22
72 9
91 78
5 47
35 98
109 48
27 86
108 61
37 78
50 54
106 78
60 29
70 8
17 90
109 32
48 104
103 87
64 48
74 6
