10
158 220
77 150
56 137
11 139
7 98
21 115
39 154
28 146
55 144
52 138
24 106
6 145
25 129
53 147
26 118
67 146
42 111
66 98
40 132
8 102
14 157
30 143
74 143
33 132
21 113
55 141
45 144
62 139
59 109
4 97
27 131
33 124
71 122
12 113
12 156
3 124
17 96
74 149
64 113
31 111
28 103
35 86
38 85
55 144
67 136
13 116
49 126
17 123
58 127
76 137
24 133
79 156
57 111
11 146
75 135
62 104
9 101
33 111
37 155
49 128
28 147
24 118
57 123
54 92
33 85
71 148
77 112
13 80
10 83
65 109
2 103
65 142
54 155
26 120
49 149
28 154
42 94
48 107
35 130
37 80
71 115
74 107
43 112
9 101
21 134
60 132
77 153
40 89
40 89
4 121
71 104
50 148
51 89
23 156
18 139
27 129
7 117
33 149
8 109
62 120
53 97
5 111
77 134
65 117
20 157
15 134
40 120
46 108
22 87
78 128
34 143
35 150
38 84
19 114
30 88
19 107
12 109
52 96
40 88
22 82
22 146
43 121
55 124
18 104
19 124
4 99
2 123
39 125
5 123
71 120
16 155
10 138
42 136
78 96
5 107
46 139
51 103
37 88
50 107
66 136
32 138
20 106
69 120
44 140
69 88
15 121
50 109
53 138
74 95
21 146
52 151
28 144
45 129
51 127
56 123
79 105
72 106
52 120
40 84
54 99
51 88
8 156
62 118
52 90
43 158
68 116
25 157
35 148
35 89
46 148
46 89
4 108
47 127
14 102
68 107
52 122
58 120
65 153
37 128
79 111
16 149
44 154
12 91
16 85
35 98
54 88
76 92
74 153
72 82
47 83
79 108
19 115
77 139
35 137
12 86
33 105
30 115
34 114
75 140
32 88
50 150
61 83
6 97
10 153
46 107
57 121
33 86
11 121
54 95
69 112
57 99
76 147
5 122
60 82
26 101
58 108
12 111
79 132
28 116
68 152
64 114
192 314
89 135
32 188
96 184
56 175
47 146
18 106
12 115
68 145
88 137
22 134
2 151
43 167
26 186
62 152
72 172
17 131
62 105
34 125
43 144
63 171
18 108
59 100
26 116
1 153
7 176
41 146
41 125
73 123
83 114
14 127
79 132
43 148
48 135
80 151
40 118
63 121
27 117
59 123
83 180
66 149
22 119
29 189
53 180
85 134
6 156
72 103
20 126
92 158
53 105
51 149
61 144
32 131
50 115
90 182
63 187
78 143
76 133
57 174
14 132
54 177
91 128
21 119
65 99
13 138
87 150
83 156
20 167
11 144
30 142
63 157
6 145
14 111
19 164
38 110
92 116
85 99
26 134
60 119
60 155
38 191
93 184
55 150
83 131
72 169
41 144
18 152
16 157
41 123
18 154
12 100
7 174
58 132
11 118
38 112
79 174
14 101
14 181
8 169
36 172
94 149
90 191
61 112
5 168
8 157
80 144
82 120
55 184
44 124
22 151
27 105
96 100
13 132
52 182
78 192
77 170
54 124
26 101
69 108
45 154
51 156
55 142
1 178
20 123
51 148
3 146
2 170
89 132
13 165
22 163
48 128
24 132
56 166
47 168
21 149
17 155
49 161
46 156
96 155
6 159
56 179
58 175
35 156
1 120
83 175
92 99
22 115
12 99
74 188
34 177
19 145
87 147
74 179
61 98
56 186
54 139
3 130
3 182
40 166
64 102
74 107
78 128
9 161
17 111
87 165
27 135
71 170
8 169
39 122
12 167
16 151
10 169
59 103
7 174
54 176
93 150
88 128
52 128
81 112
46 176
69 137
2 180
58 168
45 134
16 126
67 180
49 155
43 191
41 140
76 97
24 163
66 178
5 118
54 172
53 106
45 110
29 113
32 158
20 145
76 147
76 104
42 145
66 109
66 150
20 185
59 117
52 101
22 161
26 149
60 172
62 150
85 144
38 164
59 174
28 175
47 149
36 191
42 134
13 150
53 118
69 180
61 147
50 129
33 106
95 102
15 136
83 125
79 159
40 106
93 140
91 138
60 119
63 171
41 155
55 188
78 134
36 135
56 99
91 188
12 150
59 112
85 167
61 165
33 163
45 108
44 192
56 168
93 128
6 149
80 119
74 137
20 144
56 122
54 140
23 192
29 109
23 156
55 147
68 184
20 164
59 145
50 177
28 115
57 151
1 100
8 163
14 132
14 186
74 115
94 184
77 180
93 119
90 176
62 114
79 126
16 170
90 161
54 169
78 178
55 133
23 97
55 103
42 182
70 173
65 156
87 109
38 192
20 155
77 118
48 141
6 190
61 189
51 133
96 110
23 174
65 114
80 114
39 139
71 166
67 113
6 124
11 148
41 173
11 163
55 150
55 140
18 192
36 132
45 164
55 169
31 142
30 166
22 97
62 151
13 124
196 232
70 112
61 147
9 168
68 153
85 194
26 120
95 172
13 140
84 168
77 182
1 144
24 178
4 171
34 178
69 152
88 157
68 121
83 122
13 113
85 120
30 124
66 195
92 101
94 175
1 135
53 160
50 175
23 160
11 195
24 104
73 177
56 110
29 105
97 150
64 109
96 164
24 119
77 141
30 188
5 113
58 100
53 157
63 133
7 122
64 148
97 119
66 132
55 193
86 190
87 185
59 107
63 194
62 146
42 111
63 107
88 177
53 112
63 117
19 160
22 161
80 134
89 156
6 192
3 139
85 103
87 103
32 151
3 128
28 162
73 183
86 104
80 99
86 126
22 181
29 158
49 147
67 162
95 171
82 122
11 114
23 123
27 137
2 188
7 154
44 127
54 190
47 152
61 113
68 133
82 183
98 100
42 188
53 143
29 179
47 162
39 155
93 141
2 140
91 121
5 165
44 189
79 162
65 171
8 132
89 117
56 167
95 140
88 103
50 177
83 186
9 144
98 184
76 171
20 136
79 168
34 141
66 179
66 149
16 125
37 110
88 162
44 148
77 194
18 183
37 170
45 156
38 169
97 151
5 136
50 123
39 129
20 156
11 150
81 120
59 162
35 104
11 149
89 193
38 117
48 126
78 165
90 168
3 196
52 123
7 115
39 137
46 181
9 191
41 185
86 113
71 153
26 180
17 165
3 196
59 112
90 172
83 159
38 138
98 169
67 136
33 122
95 188
92 163
69 111
35 109
21 144
5 105
92 148
7 120
96 101
17 171
2 103
6 188
36 129
20 105
42 195
40 108
40 101
8 148
84 116
22 168
17 128
48 150
43 121
94 133
90 180
55 101
60 171
4 157
74 169
42 173
53 128
6 115
26 193
80 165
32 144
66 146
20 105
20 166
68 119
45 143
71 105
40 181
69 133
83 131
49 136
21 161
35 183
36 125
69 142
24 130
64 113
55 196
98 161
24 147
71 106
61 102
28 185
70 185
42 130
10 107
19 141
24 109
69 137
98 149
98 116
15 129
66 143
40 131
9 187
4 106
53 149
144 398
61 143
20 81
31 112
15 87
16 104
42 126
25 94
38 115
25 108
42 107
49 95
58 101
1 95
65 131
19 103
19 108
37 135
20 118
37 73
61 107
24 81
56 74
4 112
57 79
8 98
8 85
8 110
53 83
4 78
35 76
19 97
64 84
44 109
59 143
30 80
7 100
57 105
39 131
12 122
2 75
40 90
58 119
69 144
47 74
4 114
9 104
45 111
6 110
17 81
49 101
34 111
36 107
26 73
23 75
25 134
33 110
35 91
70 114
18 77
49 114
40 73
60 126
31 97
23 108
12 138
5 119
41 116
5 135
11 121
47 105
11 130
29 97
49 118
52 101
53 141
35 75
72 132
20 126
11 81
72 101
21 73
64 117
3 88
1 120
11 105
32 125
11 143
38 106
8 124
5 96
24 87
52 134
51 91
64 81
64 93
60 74
20 134
57 143
33 131
49 111
12 89
33 112
55 101
45 84
33 130
25 100
42 76
37 130
19 77
56 77
5 94
49 89
2 137
25 94
17 92
53 106
13 81
19 73
48 107
50 76
36 107
71 119
27 108
5 144
71 140
53 85
52 140
55 100
13 122
48 137
68 109
68 116
70 88
61 97
70 115
68 84
1 94
64 124
11 135
53 143
15 94
23 86
12 119
31 83
30 136
37 144
67 116
15 130
24 143
16 126
26 99
60 139
41 138
67 96
65 85
5 103
12 92
53 98
29 111
17 124
46 77
32 108
44 98
69 134
17 126
3 138
10 84
18 73
2 88
17 133
63 77
12 112
12 126
8 96
55 91
68 82
11 79
58 100
17 95
47 87
18 133
47 117
48 142
61 103
54 136
18 114
13 137
66 139
32 116
71 121
10 85
41 106
63 143
51 104
32 99
68 117
11 140
4 101
11 89
61 116
35 74
45 128
57 87
57 95
16 141
67 75
54 131
23 109
16 124
51 81
3 93
53 137
53 130
9 116
10 92
43 88
67 126
10 101
44 120
6 132
53 83
4 121
27 134
55 124
56 104
16 134
57 79
17 106
46 144
23 121
39 120
47 100
21 139
2 83
70 83
59 91
13 100
9 120
18 93
32 143
70 81
45 143
41 127
41 80
23 102
61 117
1 133
64 111
24 83
13 138
39 98
48 91
34 73
58 90
17 130
27 84
33 96
48 109
61 110
45 132
49 140
44 95
16 123
7 97
30 100
34 73
40 99
69 76
66 114
32 78
17 99
40 141
43 85
65 103
36 108
68 77
3 130
20 111
60 114
43 138
6 103
26 136
39 144
9 95
31 126
67 140
11 73
22 137
67 104
57 101
62 88
39 99
68 136
20 134
45 138
61 131
48 107
4 135
54 119
52 139
8 143
2 93
69 76
21 89
41 105
24 95
3 132
61 79
14 117
44 138
67 74
28 123
36 106
25 135
51 96
39 88
68 91
14 120
17 108
7 92
13 143
13 102
11 86
7 112
64 82
21 142
38 107
17 131
66 130
1 127
32 109
50 111
61 91
47 85
14 73
57 74
71 131
65 81
70 111
69 102
50 143
47 79
62 77
36 114
26 108
19 95
44 100
28 143
50 79
20 141
11 122
46 115
15 118
51 113
61 143
38 138
4 108
1 95
43 96
28 136
4 104
8 87
70 127
14 136
43 118
45 135
18 96
68 104
14 117
28 132
46 141
42 98
22 104
20 109
69 92
26 125
16 110
31 128
24 132
63 130
24 82
11 131
58 91
35 96
10 115
60 116
18 115
50 129
48 109
15 89
45 112
29 130
7 134
49 97
25 132
8 126
41 137
54 89
130 384
42 80
33 126
4 114
3 116
13 68
39 92
10 81
52 88
56 124
17 114
56 96
58 124
2 69
6 79
61 104
46 69
62 78
7 95
1 126
54 75
2 80
26 99
18 116
15 85
54 125
13 79
23 103
54 88
26 101
65 119
12 69
19 119
60 104
59 129
17 96
64 127
25 104
27 121
61 111
7 103
14 122
17 73
13 101
37 70
30 81
37 103
58 97
26 110
9 99
25 103
63 107
60 113
56 95
50 119
5 85
60 95
30 102
4 73
32 77
23 81
51 84
47 90
22 105
31 79
51 97
7 105
10 97
23 114
39 105
25 123
59 115
62 116
57 101
61 66
16 120
51 80
28 89
14 70
7 71
45 117
62 79
16 117
30 117
10 73
39 119
52 71
57 79
33 82
3 66
5 104
59 101
29 104
13 128
30 128
62 74
5 93
30 103
54 69
41 80
28 97
31 73
26 92
38 87
21 101
54 79
10 104
1 91
31 89
36 91
48 85
63 67
14 67
43 123
20 99
40 124
44 90
48 66
27 96
7 95
65 104
42 117
50 73
34 121
10 93
4 96
11 79
29 102
46 67
1 82
21 114
35 120
37 74
36 72
44 92
28 67
64 90
33 100
11 92
23 99
15 102
35 81
24 86
64 89
57 122
31 110
1 77
13 122
58 108
1 90
48 97
9 119
13 116
31 99
36 73
6 89
9 127
4 123
64 70
15 105
31 107
43 126
13 69
64 107
59 121
45 103
8 99
48 107
35 74
59 124
48 116
11 91
14 126
7 126
16 114
28 98
19 80
26 94
55 80
16 77
63 68
13 107
63 78
19 123
48 107
35 97
6 118
45 88
30 86
1 81
65 94
49 126
58 128
45 80
14 85
54 114
59 115
37 107
63 113
62 118
9 86
23 115
9 69
37 97
43 116
56 96
9 114
52 89
25 86
49 94
31 111
32 66
19 116
55 116
55 89
11 84
36 115
21 76
62 97
19 128
26 99
25 88
14 75
24 83
60 99
14 110
47 112
55 92
48 124
44 70
7 128
31 85
18 100
61 114
15 104
21 117
65 129
27 122
21 126
39 103
2 69
36 82
35 83
7 95
17 111
41 129
44 68
5 73
35 114
47 79
40 114
48 98
25 118
5 81
38 72
36 90
21 121
18 102
22 129
5 128
47 99
46 121
41 124
58 123
54 83
49 86
27 123
26 102
29 113
30 68
51 88
6 71
58 68
9 84
21 76
47 126
59 78
16 130
22 121
33 114
16 67
62 72
44 116
59 72
44 68
37 128
24 73
44 66
52 113
8 93
36 71
29 107
17 99
33 74
29 105
31 89
36 91
3 120
19 66
38 69
27 74
58 71
37 114
44 84
54 111
41 73
45 115
40 101
50 72
22 66
2 115
59 76
36 96
27 75
49 125
46 76
31 106
43 94
27 71
20 119
24 104
2 122
65 113
58 102
37 82
42 122
59 109
46 86
31 84
63 115
18 96
7 105
1 83
9 118
44 125
6 80
42 114
15 84
54 92
26 105
7 117
40 125
47 105
41 123
19 98
63 126
11 103
11 120
11 98
61 113
55 121
39 115
40 79
7 79
9 67
20 69
60 109
54 129
51 81
63 103
3 101
52 113
6 113
39 90
35 91
62 87
9 128
23 92
6 112
5 73
39 99
8 86
5 80
48 107
25 81
7 120
20 113
65 130
45 81
14 85
6 113
12 113
48 77
14 83
29 130
172 291
37 156
78 107
68 111
73 87
55 139
15 96
58 116
80 163
7 160
42 171
72 154
74 124
28 100
59 170
82 161
12 109
59 143
34 137
34 102
34 87
19 161
81 151
59 152
24 172
25 165
8 147
31 93
80 140
79 153
28 105
43 129
10 112
45 129
63 158
3 147
70 89
54 162
47 114
39 98
62 134
71 167
29 88
28 153
11 115
44 149
60 152
23 163
49 153
37 98
74 121
65 170
2 140
48 169
36 153
30 153
65 115
61 168
30 154
57 134
66 146
75 91
85 131
81 110
84 133
5 158
10 124
22 97
73 136
66 162
36 162
28 167
69 114
15 128
62 132
75 91
12 104
75 117
60 93
71 169
60 153
15 124
24 167
79 114
86 171
22 87
66 104
4 166
15 156
55 146
37 143
13 169
36 135
48 146
67 165
78 109
86 159
69 114
45 141
62 155
9 108
14 103
9 88
68 94
13 118
55 98
68 108
29 172
59 155
15 152
47 101
68 134
7 129
2 116
36 91
32 153
61 172
64 158
40 124
49 154
68 156
74 89
54 109
82 166
78 105
4 143
70 163
66 104
86 151
10 167
80 129
14 133
19 100
40 162
30 115
82 123
17 114
12 88
10 117
10 135
84 118
60 98
61 158
70 143
67 158
46 92
39 92
8 122
2 171
76 152
51 118
19 125
23 114
42 116
71 90
57 145
62 99
69 119
69 131
43 114
25 114
73 105
68 141
68 144
27 167
70 130
38 87
28 116
75 124
11 151
67 137
3 97
72 144
16 102
3 113
7 149
33 89
67 120
12 158
48 149
25 156
9 139
54 123
71 136
67 146
27 134
31 87
32 156
77 117
73 154
74 115
43 118
60 94
24 101
8 96
32 168
1 145
73 99
16 143
84 144
54 118
48 130
33 100
40 140
38 166
79 93
86 123
25 151
79 163
33 138
59 146
69 152
36 161
23 146
54 129
58 104
1 168
43 171
6 139
64 131
76 117
62 117
56 111
60 130
45 99
25 112
26 134
10 144
38 88
64 119
74 126
39 152
35 110
78 163
4 150
24 126
50 164
58 133
38 122
50 106
85 153
32 122
70 129
21 96
68 89
69 160
12 169
44 169
17 125
64 137
26 152
73 127
63 95
35 89
29 171
44 132
51 89
15 140
35 89
67 140
18 93
9 111
18 92
67 126
54 160
9 89
27 140
72 136
42 156
61 152
69 92
56 95
54 124
32 96
64 133
80 154
24 142
46 119
17 149
61 169
83 100
24 147
79 172
27 158
79 97
41 108
53 122
76 141
19 157
67 142
72 96
52 96
186 283
36 148
86 113
41 95
23 158
4 163
27 155
42 152
40 101
36 157
82 185
83 145
37 147
40 100
86 110
72 140
89 182
55 128
4 163
74 112
29 172
51 95
31 168
1 116
12 170
78 118
48 97
55 148
70 178
37 101
2 177
34 164
90 97
61 174
91 124
51 181
88 102
72 95
63 152
34 168
50 129
14 95
87 161
90 182
13 163
75 142
4 126
1 163
50 172
82 172
16 161
67 182
73 150
47 130
41 150
25 148
43 184
4 115
33 115
45 118
6 168
92 100
92 175
66 148
17 118
34 106
51 178
23 111
43 148
62 110
18 184
92 135
73 171
60 120
72 147
52 133
29 97
39 168
38 94
6 146
41 138
57 150
83 118
64 103
27 169
52 173
8 107
71 170
32 103
78 146
8 176
18 171
65 135
27 171
31 126
25 113
47 94
53 174
46 125
75 100
86 102
57 112
37 154
6 183
1 120
27 173
30 167
59 106
67 147
83 96
89 124
9 147
53 119
87 145
14 138
2 186
4 106
65 164
25 170
30 102
63 138
39 95
67 125
69 112
22 127
92 149
4 112
24 120
80 161
48 160
48 107
88 157
91 95
67 137
64 168
19 116
83 165
67 180
31 134
89 133
39 154
3 140
14 125
67 109
87 101
78 103
39 185
18 140
8 131
70 152
44 173
28 98
19 174
12 113
39 132
31 166
73 119
28 161
1 145
68 154
4 100
52 141
48 97
53 126
71 120
84 149
28 131
44 124
21 136
31 174
6 164
77 167
21 129
42 126
84 142
40 155
40 125
72 137
62 114
50 156
31 119
67 104
31 121
18 108
78 113
14 179
49 102
30 171
27 99
86 104
23 186
54 126
32 112
89 176
19 174
10 108
52 122
82 155
58 177
46 168
63 130
40 109
85 140
93 175
17 100
24 143
62 147
16 104
5 117
6 130
62 107
82 127
15 151
73 162
1 158
2 131
92 181
47 164
49 143
55 133
76 134
69 106
88 153
46 176
80 101
71 126
42 155
71 100
19 127
55 179
53 120
93 158
8 133
40 176
46 176
9 112
41 172
40 111
35 157
7 139
34 177
48 168
38 113
19 120
73 161
55 138
76 133
57 148
84 95
4 171
72 161
13 168
60 180
12 95
42 128
67 182
52 113
50 174
57 185
89 176
93 140
42 136
79 95
87 178
9 145
87 176
81 156
53 161
34 153
8 182
14 110
12 174
7 140
42 98
92 127
62 184
88 136
90 175
23 162
30 96
29 173
74 101
11 108
48 97
102 223
5 83
38 101
51 61
21 68
41 52
37 95
32 83
46 67
15 77
35 85
38 81
9 94
30 92
14 59
23 90
25 77
9 87
43 60
42 99
25 98
26 71
15 73
38 75
45 83
21 63
24 75
45 53
12 74
15 86
4 78
5 61
48 79
33 86
18 86
30 82
1 76
22 62
27 93
48 98
39 67
7 95
3 98
38 79
11 89
41 98
14 56
27 82
17 98
38 58
15 54
40 69
32 87
33 101
36 91
5 93
51 82
51 69
33 55
43 94
51 55
13 82
4 70
19 62
9 86
41 101
1 95
44 77
2 53
46 100
24 55
31 63
9 98
40 54
13 77
30 92
5 53
27 66
26 68
12 97
28 87
24 101
35 86
10 76
30 86
10 98
14 100
41 65
47 77
20 90
12 93
17 72
32 100
10 97
23 79
8 57
33 55
3 71
44 56
8 96
31 84
34 75
45 88
22 91
22 69
2 82
38 81
21 95
13 101
1 63
30 52
33 76
12 85
28 91
42 62
26 71
31 59
35 81
21 84
12 60
51 87
27 84
16 74
5 97
36 101
51 101
23 68
33 91
31 83
35 85
15 86
3 98
4 90
43 62
15 55
20 80
51 55
50 92
13 102
7 102
41 82
39 90
45 79
29 98
10 69
44 70
37 81
24 74
33 62
22 82
40 67
26 85
20 91
7 70
12 99
35 87
51 89
38 78
30 89
40 98
50 102
35 63
23 85
47 57
1 55
46 74
26 63
11 69
34 94
23 82
12 96
20 90
12 57
25 60
1 79
4 102
1 78
26 94
7 102
51 88
24 85
24 92
44 60
27 57
24 55
32 81
29 53
18 76
3 59
16 100
3 80
12 100
48 82
18 66
38 94
42 86
16 79
51 84
5 52
48 83
48 55
27 93
20 55
32 72
7 54
9 52
44 73
50 66
51 88
22 102
32 69
19 55
1 54
31 92
15 85
20 84
44 87
38 86
8 62
34 59
8 67
41 99
46 67
49 56
146 301
27 120
48 109
27 121
57 108
13 136
67 89
26 101
17 111
70 121
66 120
22 144
46 138
14 138
27 84
19 113
20 113
41 96
35 116
25 80
37 102
43 138
58 110
53 136
69 134
32 75
36 103
59 124
21 138
21 81
24 77
3 85
60 88
68 77
62 116
73 79
47 92
20 119
4 87
37 101
71 124
6 133
42 146
60 79
63 84
60 89
53 114
61 101
22 88
35 98
70 74
25 119
19 109
52 142
8 124
63 134
71 132
19 138
51 136
45 83
63 109
70 74
21 125
53 93
30 78
33 103
51 110
16 106
5 124
43 143
47 133
35 122
30 130
17 116
65 87
44 102
42 85
69 134
64 140
41 143
36 100
25 81
32 112
11 78
12 100
62 85
10 116
19 97
64 85
43 139
55 84
38 82
39 131
39 81
36 88
65 129
29 126
11 80
66 114
44 117
42 124
60 135
34 129
40 111
1 102
33 91
26 135
30 95
18 99
27 96
60 131
69 144
38 114
61 99
47 113
50 128
15 74
67 122
9 97
42 142
25 117
69 90
42 96
55 106
13 107
67 86
3 97
65 103
50 142
57 77
39 75
36 145
1 106
6 104
61 118
32 118
50 97
47 103
42 92
52 140
62 120
32 114
65 80
51 129
40 91
41 99
5 139
37 95
15 142
27 76
20 116
63 108
46 120
22 115
67 121
46 102
70 107
58 97
44 105
11 77
55 102
31 123
22 97
32 98
58 117
16 115
23 94
32 80
66 113
8 74
66 85
30 120
3 95
8 129
62 101
34 77
1 116
14 125
48 139
38 124
4 86
29 82
42 109
47 104
20 144
23 115
42 99
38 127
63 106
34 82
3 88
3 106
20 124
53 85
18 126
59 87
66 108
43 102
8 80
29 112
50 127
54 123
73 119
45 115
65 90
45 142
3 122
71 97
14 102
44 126
49 101
11 115
49 91
16 119
34 117
61 132
58 135
7 133
12 125
64 112
69 120
19 130
3 137
73 107
44 121
2 128
8 112
18 86
53 136
59 123
65 145
36 97
36 126
51 107
32 119
24 74
59 136
56 113
16 112
53 91
37 136
15 81
5 128
32 84
6 74
73 105
70 95
71 136
55 89
11 126
45 132
59 121
14 125
34 144
60 108
37 136
49 130
61 102
66 102
1 143
1 142
7 138
71 92
41 140
26 116
1 80
28 88
59 76
62 78
13 90
52 146
41 79
9 121
63 75
16 127
60 140
7 76
17 79
43 83
17 120
27 90
26 145
40 74
55 95
58 126
56 123
50 82
54 99
60 136
35 127
28 91
57 75
40 109
22 113
3 79
66 123
55 120
55 111
56 83
67 96
50 85
40 123
160 233
34 126
2 157
1 89
41 160
37 134
8 83
15 115
52 86
13 83
68 121
65 115
32 142
2 125
43 81
33 124
19 85
15 98
54 144
29 103
40 154
36 115
66 82
23 125
29 130
21 100
47 132
67 111
5 117
25 144
66 153
44 158
55 95
13 83
68 86
79 83
45 112
62 142
80 134
31 152
70 93
2 135
73 135
15 140
37 156
64 86
33 107
11 115
32 156
36 89
3 104
16 116
33 123
28 128
26 104
79 138
56 125
29 98
39 121
78 132
39 124
62 151
80 94
6 100
5 99
60 155
43 156
70 115
12 97
20 97
71 126
79 156
27 92
44 158
52 82
38 141
36 140
75 122
38 90
53 105
15 124
77 131
70 92
75 137
5 124
16 153
80 83
7 102
38 82
57 131
22 91
33 128
36 84
31 120
43 104
33 138
37 143
47 103
73 112
69 107
69 132
22 160
12 156
15 95
33 133
43 152
21 123
5 117
78 92
50 137
56 127
80 126
16 133
58 144
31 158
30 84
19 127
80 94
4 99
32 129
70 95
73 151
42 154
44 115
42 93
61 85
37 104
27 111
55 133
70 150
61 144
28 139
56 135
21 106
48 143
48 146
10 151
45 102
77 81
76 116
65 94
70 116
57 89
27 99
19 87
43 145
46 94
9 135
11 83
29 93
7 136
9 91
40 102
46 126
53 103
63 94
43 88
38 94
77 92
70 115
44 148
66 136
8 94
12 97
69 140
48 143
2 103
1 132
70 147
36 119
59 148
60 138
31 113
22 122
73 121
54 135
25 83
65 117
51 138
45 97
78 89
5 88
72 147
2 101
28 150
71 121
22 97
75 160
54 83
28 129
4 134
34 150
67 93
33 94
24 105
4 143
45 82
38 95
17 84
2 85
19 88
31 108
31 101
68 88
8 86
18 155
54 93
17 154
49 120
75 124
79 148
57 147
11 127
58 142
39 131
75 141
51 111
52 151
30 136
31 153
43 160
78 160
72 149
45 105
60 94
22 102
79 130
36 132
63 137
74 155
80 102
68 86
3 150
46 147
