10
11 38
3 11
4 10
9 10
6 4
1 3
11 7
3 8
7 1
1 2
4 2
10 7
8 7
8 5
2 11
6 3
11 4
11 9
5 9
9 6
7 4
11 8
7 2
8 9
1 10
5 7
3 5
1 11
3 4
6 10
2 6
5 2
6 5
10 3
2 8
10 5
7 3
11 5
7 9
8 22
4 5
4 1
5 3
7 1
4 6
8 1
7 6
6 1
8 5
8 3
8 6
7 4
5 6
6 3
2 3
4 2
3 7
2 7
1 2
7 5
2 5
5 1
8 8
4 7
2 3
7 2
1 2
7 1
5 6
8 6
8 4
2 1
2 1
3 3
2 1
3 1
3 2
4 6
2 1
3 1
3 2
4 1
4 2
4 3
5 10
2 1
3 1
3 2
4 1
4 2
4 3
5 1
5 2
5 3
5 4
6 15
2 1
3 1
3 2
4 1
4 2
4 3
5 1
5 2
5 3
5 4
6 1
6 2
6 3
6 4
6 5
7 21
2 1
3 1
3 2
4 1
4 2
4 3
5 1
5 2
5 3
5 4
6 1
6 2
6 3
6 4
6 5
7 1
7 2
7 3
7 4
7 5
7 6
8 28
2 1
3 1
3 2
4 1
4 2
4 3
5 1
5 2
5 3
5 4
6 1
6 2
6 3
6 4
6 5
7 1
7 2
7 3
7 4
7 5
7 6
8 1
8 2
8 3
8 4
8 5
8 6
8 7